03690 美团－Ｗ 日线 后复权
      日期	    开盘	    最高	    最低	    收盘	    成交量	    成交额
20180920,72.900,74.000,72.000,72.650,1158468,8438948352.00
20180921,74.000,74.000,71.950,72.100,438382,3176663040.00
20180924,70.650,71.900,69.000,69.000,314601,2200166656.00
20180926,69.350,69.600,65.650,68.800,686324,4703103488.00
20180927,68.800,69.750,65.650,67.000,295148,1969154688.00
20180928,67.050,68.800,65.050,68.750,268890,1803101696.00
20181002,68.750,68.750,66.050,66.700,66119,443955904.00
20181003,66.500,66.500,65.000,65.050,133894,871853184.00
20181004,65.050,65.800,64.950,65.050,148156,963873728.00
20181005,64.850,68.000,63.800,67.900,169453,1111466240.00
20181008,68.050,69.000,68.000,68.450,128754,880882752.00
20181009,68.000,69.300,68.000,68.950,55851,383280288.00
20181010,69.300,69.300,68.500,69.000,90100,619788608.00
20181011,67.000,67.000,60.000,62.000,366202,2340596736.00
20181012,61.800,62.300,58.250,59.300,174881,1054191360.00
20181015,60.000,61.950,53.700,55.450,113677,649184256.00
20181016,55.800,58.000,55.800,56.000,140107,792669504.00
20181018,57.100,57.950,53.900,55.000,102450,569584256.00
20181019,55.100,55.500,52.800,55.000,63735,348874176.00
20181022,56.200,60.350,54.250,58.500,136046,791607488.00
20181023,58.550,59.000,54.100,55.050,87031,482165920.00
20181024,56.500,56.900,52.250,52.750,96044,512421536.00
20181025,50.150,55.200,50.150,55.000,79899,421582144.00
20181026,55.300,55.900,51.750,52.750,57180,301136800.00
20181029,52.500,55.000,52.250,52.850,68199,363509856.00
20181030,52.300,53.100,49.800,50.150,103785,530214240.00
20181031,50.500,52.600,49.450,50.700,165906,841320256.00
20181101,52.450,56.900,52.000,56.350,185121,988958720.00
20181102,60.000,63.000,58.500,61.350,194695,1183257856.00
20181105,60.000,64.400,59.600,62.150,117574,726209792.00
20181106,62.500,63.000,61.700,62.800,45864,285971392.00
20181107,62.800,63.500,61.450,62.050,34750,216479408.00
20181108,62.800,63.200,59.550,59.800,43318,264486960.00
20181109,60.000,60.050,55.000,56.300,69760,391763200.00
20181112,56.400,56.450,52.350,53.950,73663,398613888.00
20181113,51.300,55.200,51.300,54.550,70606,377241056.00
20181114,55.200,58.600,53.250,56.900,45284,254118608.00
20181115,57.500,58.150,56.050,57.500,33078,188772960.00
20181116,57.800,59.400,57.000,58.300,57279,329886656.00
20181119,58.500,60.000,57.600,58.350,53703,313229408.00
20181120,56.900,57.950,56.250,57.000,57866,328993024.00
20181121,57.000,60.200,56.350,59.700,85205,506066464.00
20181122,60.700,63.000,59.000,61.050,94335,581205056.00
20181123,56.050,57.000,52.250,53.850,184613,1008645120.00
20181126,53.950,54.100,50.900,52.650,85798,444832544.00
20181127,51.850,53.100,50.050,50.950,90106,460387520.00
20181128,51.100,53.050,49.650,53.000,103423,528834464.00
20181129,53.900,55.250,50.250,50.500,96475,503928256.00
20181130,51.000,53.400,51.000,52.450,78601,412780256.00
20181203,55.050,55.550,54.000,55.500,101865,558679296.00
20181204,55.550,55.550,53.000,53.850,52651,283467808.00
20181205,52.850,55.300,51.650,54.650,58544,313213728.00
20181206,54.800,54.800,52.250,54.000,95986,513834816.00
20181207,53.000,54.450,52.900,54.000,38709,209012880.00
20181210,53.950,54.000,51.650,52.050,62824,329165600.00
20181211,53.000,53.250,51.900,52.500,53240,278684928.00
20181212,52.700,53.950,52.100,52.300,41803,219210720.00
20181213,52.550,53.100,52.050,52.350,44310,232086976.00
20181214,52.300,53.000,51.550,52.600,48497,253959008.00
20181217,52.700,52.700,50.650,51.850,37215,191439968.00
20181218,51.800,51.800,47.900,47.900,86371,424648192.00
20181219,48.150,48.500,45.200,45.800,92020,424663392.00
20181220,45.600,47.400,44.600,44.850,86959,394521600.00
20181221,44.250,47.000,43.100,46.900,94295,423700352.00
20181224,46.200,46.200,43.200,44.250,26299,116223632.00
20181227,46.450,46.500,45.100,45.800,88847,406803040.00
20181228,45.900,45.900,44.050,44.050,41374,184980640.00
20181231,44.950,45.150,43.400,43.900,54592,241637760.00
20190102,43.600,44.250,41.150,41.200,61857,262047216.00
20190103,41.100,42.650,40.250,41.250,48133,199114816.00
20190104,41.950,44.450,40.800,44.000,102935,438106368.00
20190107,44.700,46.250,44.500,45.450,58535,266773584.00
20190108,44.800,46.450,43.250,43.900,58377,259530624.00
20190109,45.550,46.200,44.300,45.600,73110,331741984.00
20190110,44.950,46.200,44.600,44.950,58472,265903216.00
20190111,45.750,46.200,45.000,45.500,46242,210225888.00
20190114,44.500,45.250,42.950,43.900,95302,417688320.00
20190115,44.000,44.950,42.800,43.750,55904,244473664.00
20190116,44.250,44.700,43.000,44.600,101809,448612448.00
20190117,44.650,45.350,43.950,44.200,41526,184735792.00
20190118,45.050,46.000,44.700,45.550,76064,345329984.00
20190121,45.550,47.450,44.900,45.650,79432,365319328.00
20190122,45.600,46.400,42.500,43.900,63063,275218560.00
20190123,43.250,44.100,43.000,43.450,27317,119200768.00
20190124,43.500,44.500,42.600,43.600,38576,168320032.00
20190125,44.350,48.450,44.350,47.850,140307,660519168.00
20190128,49.800,50.450,47.000,47.450,85868,417573056.00
20190129,47.300,47.950,46.200,47.500,58156,274857632.00
20190130,48.000,49.350,47.800,49.000,55235,268014864.00
20190131,50.000,53.950,49.500,53.300,127360,665974272.00
20190201,54.000,55.950,51.700,53.800,143572,775192000.00
20190204,53.800,54.950,52.650,54.650,145789,782172608.00
20190208,52.900,58.350,52.900,57.900,63402,355381248.00
20190211,57.850,62.450,57.750,62.400,118525,724289536.00
20190212,63.650,64.200,59.550,59.850,74081,450658720.00
20190213,58.850,60.500,58.600,58.650,51761,307977312.00
20190214,59.000,61.050,58.800,61.000,58852,354436224.00
20190215,60.800,60.800,58.250,58.400,35374,208847744.00
20190218,59.800,60.100,58.200,58.300,30213,177751680.00
20190219,58.000,58.150,55.300,56.000,76948,432198240.00
20190220,55.050,57.700,55.050,56.750,24317,137274160.00
20190221,58.150,58.800,56.500,58.550,39962,231823952.00
20190222,58.850,59.200,57.850,58.750,19561,114736176.00
20190225,58.800,61.500,58.750,61.000,65297,394480736.00
20190226,60.800,62.800,57.250,58.500,88207,532555936.00
20190227,59.250,60.300,57.300,58.900,67097,392848960.00
20190228,59.900,61.600,58.700,60.900,215181,1306717824.00
20190301,60.900,61.400,59.400,60.000,67799,408256544.00
20190304,62.000,62.000,59.200,60.800,53448,324257632.00
20190305,60.800,60.900,59.800,60.850,62651,377169248.00
20190306,61.950,62.000,60.000,61.200,51373,314051776.00
20190307,61.050,61.500,59.050,59.600,39297,235673520.00
20190308,58.600,59.200,56.350,56.850,61830,355954336.00
20190311,57.950,59.600,56.900,58.900,56429,331727840.00
20190312,56.600,57.100,52.100,52.350,159738,855558784.00
20190313,52.550,52.950,48.000,49.800,204896,1017704000.00
20190314,50.500,50.500,47.000,48.300,121111,582503680.00
20190315,48.750,53.950,48.300,53.950,193612,1015486976.00
20190318,54.700,55.600,52.600,55.350,106323,583488512.00
20190319,55.600,55.600,51.600,51.950,68285,361884608.00
20190320,51.150,52.350,48.500,50.000,195101,973102848.00
20190321,50.000,50.700,48.300,48.900,282383,1386985472.00
20190322,48.850,50.400,48.200,49.700,316107,1552140160.00
20190325,49.250,50.350,48.250,50.000,385390,1926428416.00
20190326,50.500,50.950,49.600,50.300,87060,435894848.00
20190327,50.800,53.900,50.000,52.500,198291,1042724416.00
20190328,52.850,53.000,51.450,52.000,261747,1345579904.00
20190329,53.250,53.250,51.050,52.900,114132,600278848.00
20190401,53.600,53.800,52.000,52.700,352619,1814300288.00
20190402,53.400,53.400,51.150,51.750,94514,490756448.00
20190403,50.800,52.400,50.800,52.300,63913,332120032.00
20190404,50.800,52.000,50.800,51.250,145654,750003648.00
20190408,50.900,52.350,50.200,51.800,186950,961380992.00
20190409,51.100,53.300,51.000,53.150,318370,1665733888.00
20190410,53.000,54.200,51.850,53.750,349699,1866433920.00
20190411,53.500,53.850,52.600,53.050,104540,557023360.00
20190412,52.350,53.800,52.350,53.750,117561,626483584.00
20190415,53.500,55.700,53.200,55.150,288098,1583086464.00
20190416,54.950,55.300,54.150,55.300,182284,1002200448.00
20190417,54.850,55.300,54.150,55.200,84718,465894304.00
20190418,54.650,55.200,54.550,55.200,97605,536637184.00
20190423,55.100,56.750,54.300,56.200,167052,928435712.00
20190424,55.700,57.800,55.700,57.800,202541,1159775744.00
20190425,57.000,57.300,56.000,56.250,146300,829415552.00
20190426,56.000,57.450,56.000,56.800,110854,631267392.00
20190429,56.200,57.200,56.200,56.800,126344,717216000.00
20190430,56.350,57.900,56.350,57.000,202747,1156575104.00
20190502,55.900,56.500,54.500,55.150,148201,823476864.00
20190503,54.500,55.600,54.450,55.500,69114,380239232.00
20190506,52.850,55.450,52.500,55.250,111912,607420864.00
20190507,55.000,57.500,54.550,56.800,185525,1055177664.00
20190508,56.000,59.100,56.000,57.600,214846,1240249856.00
20190509,56.700,58.000,56.700,57.300,160925,922316992.00
20190510,57.700,59.600,57.700,58.950,318449,1879842560.00
20190514,57.750,58.750,56.450,58.300,246334,1418314112.00
20190515,58.600,60.250,58.200,60.200,330456,1969626752.00
20190516,59.850,60.500,58.300,60.000,530629,3188152320.00
20190517,60.500,64.600,60.000,61.850,618066,3844316672.00
20190520,62.450,62.750,60.700,61.450,316105,1945968896.00
20190521,60.800,61.400,59.650,60.450,339839,2061779072.00
20190522,60.150,61.900,58.400,61.700,163170,984616960.00
20190523,60.850,61.050,57.000,58.150,236845,1395416064.00
20190524,57.150,61.450,57.150,61.000,321422,1941331584.00
20190527,62.300,62.400,60.150,60.800,217407,1329900544.00
20190528,61.250,61.250,59.200,61.100,631907,3838330368.00
20190529,60.250,61.200,59.550,60.900,363196,2211363584.00
20190530,61.000,61.250,59.500,60.050,117382,707088320.00
20190531,61.850,61.850,60.000,60.550,138401,840033856.00
20190603,60.200,60.500,59.400,60.350,85690,515317248.00
20190604,59.850,60.000,57.000,58.000,131520,770291392.00
20190605,59.150,60.000,58.650,59.650,120428,717257728.00
20190606,59.650,60.300,59.500,59.650,161572,968044608.00
20190610,59.750,60.850,59.750,60.200,135081,813718528.00
20190611,60.450,61.800,60.250,61.300,305954,1874670592.00
20190612,60.300,62.700,59.200,61.300,203339,1252564736.00
20190613,61.800,62.200,61.150,61.500,123853,764078144.00
20190614,62.100,62.100,59.500,61.000,141195,859065856.00
20190617,60.200,61.700,60.200,61.050,101106,616616192.00
20190618,60.500,61.850,60.000,61.300,193857,1187219968.00
20190619,62.000,62.550,61.150,62.450,298766,1861267968.00
20190620,62.200,62.950,61.800,62.700,383705,2395834624.00
20190621,62.550,65.200,62.450,64.300,1520728,9769731072.00
20190624,63.650,64.200,62.750,63.750,203245,1300236288.00
20190625,64.000,64.050,62.950,63.600,93551,595510208.00
20190626,63.600,64.800,63.100,64.350,143581,920481280.00
20190627,64.300,68.950,64.300,68.500,356947,2392386560.00
20190628,69.050,69.350,67.650,68.500,252515,1722751360.00
20190702,68.500,70.050,68.300,69.250,301286,2086326656.00
20190703,69.250,69.250,67.900,68.800,147052,1008803904.00
20190704,68.900,70.500,68.300,70.000,208803,1458214016.00
20190705,70.100,70.100,69.000,69.100,80208,556352640.00
20190708,69.000,69.000,67.250,68.650,101758,694840768.00
20190709,67.500,68.100,65.750,68.000,116399,780921472.00
20190710,69.100,69.100,66.450,67.450,100796,678033728.00
20190711,67.450,67.950,65.550,66.000,184081,1216977408.00
20190712,65.750,66.900,64.950,65.000,93045,609507968.00
20190715,64.500,65.250,62.900,65.050,156519,999753408.00
20190716,65.000,65.000,63.800,64.500,93354,601874304.00
20190717,63.650,65.800,63.300,65.750,90373,586083072.00
20190718,65.000,65.800,64.700,65.550,51980,340026112.00
20190719,65.250,68.000,64.250,67.250,136086,905622400.00
20190722,66.650,66.850,65.000,65.600,92566,609412864.00
20190723,66.000,66.100,64.050,65.050,91546,593924992.00
20190724,65.550,67.000,65.350,65.750,70203,463856128.00
20190725,65.950,66.000,64.900,65.300,69315,453504672.00
20190726,65.000,65.500,64.200,64.800,59991,388103008.00
20190729,64.000,65.400,63.850,64.950,86830,562065216.00
20190730,65.000,66.450,64.200,64.750,89323,580678656.00
20190731,64.000,64.550,63.350,63.950,107307,689226944.00
20190801,63.950,66.800,63.650,66.450,129689,851498816.00
20190802,65.100,65.200,63.400,63.900,218722,1408548224.00
20190805,63.500,63.900,60.900,62.150,215165,1335238016.00
20190806,59.150,62.250,59.150,61.600,247365,1495273344.00
20190807,62.300,62.350,60.500,61.350,106347,652235072.00
20190808,61.000,63.100,61.000,62.500,96813,605558016.00
20190809,63.000,64.500,62.000,63.500,101467,643771968.00
20190812,63.450,64.150,62.700,63.650,93875,598097472.00
20190813,63.600,64.000,62.050,62.350,81265,509796256.00
20190814,63.000,64.200,63.000,63.700,161223,1026195072.00
20190815,62.500,65.250,62.250,65.000,148847,956267968.00
20190816,65.150,67.000,65.150,66.150,234263,1549154688.00
20190819,66.800,69.400,66.600,69.250,337922,2322496256.00
20190820,68.450,69.600,67.900,68.950,130294,898244608.00
20190821,69.200,69.500,68.000,68.750,143458,986635200.00
20190822,68.750,70.250,68.750,70.100,293896,2052689536.00
20190823,69.150,70.050,68.550,70.000,181528,1258186880.00
20190826,74.000,77.000,72.550,76.200,894452,6688250880.00
20190827,76.600,76.850,74.700,75.000,294326,2225610752.00
20190828,75.500,75.850,73.800,74.800,142631,1067374656.00
20190829,75.200,75.900,74.150,74.650,129248,966285952.00
20190830,73.850,75.100,72.600,74.350,193494,1430938752.00
20190902,73.750,74.300,72.700,74.050,182032,1342127744.00
20190903,74.400,74.400,72.950,73.550,79602,584204032.00
20190904,73.100,75.000,72.700,74.050,160379,1182842624.00
20190905,74.400,74.400,72.800,73.550,144182,1057065984.00
20190906,74.400,74.400,72.800,73.750,169099,1240416384.00
20190909,73.800,73.900,71.900,72.450,147193,1068144640.00
20190910,71.750,72.000,69.850,70.300,311813,2193161216.00
20190911,70.300,72.150,70.100,71.600,207336,1481545472.00
20190912,72.450,72.950,71.500,72.200,96683,698651136.00
20190913,72.550,75.150,71.900,73.600,227832,1683094784.00
20190916,73.250,73.750,71.600,72.300,235498,1714333952.00
20190917,72.500,72.750,71.150,72.000,71964,517742336.00
20190918,73.050,75.400,72.700,75.400,318008,2366319360.00
20190919,76.250,76.900,74.900,75.300,209451,1581177472.00
20190920,75.550,77.700,74.600,77.500,260086,1991612672.00
20190923,76.950,77.050,75.400,76.050,215389,1643355392.00
20190924,76.750,78.600,76.350,78.250,395083,3050230272.00
20190925,77.700,80.100,77.550,79.500,244365,1940364800.00
20190926,81.000,81.100,78.400,79.650,198714,1578972800.00
20190927,79.600,81.400,79.000,81.000,306932,2458228224.00
20190930,80.150,81.050,78.800,80.100,216391,1727532928.00
20191002,79.550,82.000,79.450,81.500,165999,1346371712.00
20191003,82.000,83.000,81.100,82.400,218779,1790591104.00
20191004,82.850,85.050,82.050,84.700,312877,2624376832.00
20191008,85.250,89.250,84.900,89.000,367499,3237614848.00
20191009,88.550,89.550,86.800,89.450,236673,2085312256.00
20191010,88.600,93.650,88.500,91.150,285447,2609150976.00
20191011,91.000,91.000,87.400,88.450,404250,3603346688.00
20191014,87.500,88.700,85.900,88.000,240416,2101634944.00
20191015,87.500,91.200,87.100,90.750,220963,1988901760.00
20191016,90.250,90.800,88.400,90.450,138232,1242693504.00
20191017,90.750,93.450,89.200,90.900,186684,1706260864.00
20191018,89.950,93.200,89.950,92.750,151819,1396763264.00
20191021,93.550,97.400,93.250,96.750,287087,2758426112.00
20191022,95.650,95.750,89.950,90.550,292288,2697635328.00
20191023,89.850,91.500,87.550,89.000,282686,2533748736.00
20191024,89.850,90.300,87.850,88.600,186662,1654016384.00
20191025,88.150,92.500,88.150,90.550,182153,1660904192.00
20191028,92.800,97.150,92.500,93.700,384862,3656477696.00
20191029,93.450,93.900,90.600,92.000,263288,2436060928.00
20191030,91.400,94.150,91.100,94.000,205471,1914321664.00
20191031,93.600,96.100,93.150,93.650,199553,1889609088.00
20191101,94.150,94.400,92.100,93.800,134962,1257077376.00
20191104,94.800,99.250,93.900,98.400,279998,2711546880.00
20191105,98.500,100.000,95.800,97.150,311359,3030970368.00
20191106,97.600,97.700,96.050,96.600,179872,1741580032.00
20191107,97.000,99.000,96.150,98.500,239155,2339855616.00
20191108,97.600,97.600,93.200,94.600,317776,3011054080.00
20191111,93.750,93.800,91.000,91.350,254871,2353280000.00
20191112,92.000,95.650,92.000,95.500,198630,1871597056.00
20191113,95.000,96.300,94.200,95.050,113021,1075392256.00
20191114,96.000,96.000,93.550,93.750,116763,1106615040.00
20191115,94.000,97.200,93.800,96.850,194310,1860921472.00
20191118,96.100,97.800,96.100,97.650,118995,1156988800.00
20191119,96.650,96.950,94.800,96.000,169390,1630024960.00
20191120,95.550,97.700,94.350,97.300,119585,1151679872.00
20191121,95.600,95.850,90.800,91.900,342711,3175657728.00
20191122,101.300,103.500,98.000,98.050,752149,7496877056.00
20191125,100.000,100.800,98.050,98.300,247653,2453083392.00
20191126,98.750,101.200,97.650,100.800,353167,3538564096.00
20191127,101.500,105.500,101.100,104.200,369436,3854386176.00
20191128,104.200,106.900,103.200,106.500,207963,2192835072.00
20191129,106.500,106.700,102.100,103.200,290516,3019488256.00
20191202,104.000,107.400,103.600,104.700,164599,1737064576.00
20191203,103.500,104.900,102.300,103.600,158690,1641550464.00
20191204,102.000,102.800,100.400,100.500,225435,2278827776.00
20191205,102.000,102.400,100.000,102.200,133612,1353291776.00
20191206,102.900,104.100,101.800,103.600,133779,1382118272.00
20191209,103.600,104.800,102.300,103.300,115093,1191468928.00
20191210,102.400,102.900,100.000,101.000,192454,1947205504.00
20191211,101.500,101.700,98.700,101.700,182260,1828682112.00
20191212,102.000,103.000,99.800,100.200,139463,1407545728.00
20191213,101.500,102.200,99.750,101.100,189737,1915720960.00
20191216,101.300,103.400,100.000,102.300,148008,1510784128.00
20191217,102.800,105.500,102.000,104.500,207521,2166509312.00
20191218,104.500,105.000,102.800,103.100,158944,1648242432.00
20191219,102.900,103.900,101.600,103.500,111103,1141316864.00
20191220,102.500,103.300,100.800,102.000,164871,1682065664.00
20191223,101.400,102.100,100.200,101.000,149513,1510180736.00
20191224,100.300,103.700,100.300,102.300,78412,801615680.00
20191227,102.500,103.200,100.900,102.700,167411,1707744256.00
20191230,102.400,103.900,101.700,102.500,119944,1234186624.00
20191231,102.500,102.500,100.600,101.900,78056,790953536.00
20200102,102.000,104.100,101.400,103.500,142881,1480457088.00
20200103,105.000,106.500,103.100,104.200,133561,1396969344.00
20200106,104.100,110.900,103.200,109.500,286603,3089055488.00
20200107,108.500,112.400,108.500,110.400,237442,2615366912.00
20200108,108.900,110.100,104.900,106.400,338759,3640114176.00
20200109,108.000,109.100,106.700,108.400,191030,2064191232.00
20200110,108.000,110.500,107.900,109.600,156348,1698673792.00
20200113,109.200,113.900,108.500,113.100,251557,2834256384.00
20200114,114.200,116.000,111.500,112.300,247241,2817634304.00
20200115,112.000,114.500,112.000,114.100,159599,1810811136.00
20200116,112.600,113.000,110.900,112.300,219802,2463622656.00
20200117,110.600,111.900,109.200,111.900,238005,2632846592.00
20200120,111.800,112.700,110.200,110.600,142541,1588679680.00
20200121,110.400,110.400,105.200,105.800,340565,3638984960.00
20200122,105.800,109.500,105.200,108.300,238909,2568333312.00
20200123,106.200,106.800,98.650,102.600,526414,5362245632.00
20200124,101.900,103.500,100.200,102.300,160292,1635369984.00
20200129,100.000,105.700,99.000,101.200,361535,3680170752.00
20200130,101.500,102.800,96.300,96.850,303098,2981142528.00
20200131,98.950,100.200,97.000,99.300,332314,3293235200.00
20200203,96.900,103.900,94.850,99.500,443937,4430633984.00
20200204,101.900,102.700,99.900,101.000,409764,4155028480.00
20200205,102.600,102.700,97.850,99.500,408906,4090661120.00
20200206,100.500,102.000,98.900,101.700,276636,2801959680.00
20200207,101.800,102.400,100.200,101.900,217707,2206889472.00
20200210,99.900,100.000,95.550,95.800,615445,5987931136.00
20200211,97.200,100.800,97.000,99.200,364821,3607742464.00
20200212,100.000,104.700,99.700,103.000,446349,4585060352.00
20200213,103.000,104.300,100.600,102.500,285360,2922578688.00
20200214,100.000,101.600,99.000,100.900,282185,2828889856.00
20200217,100.900,103.200,100.500,101.500,240273,2445578240.00
20200218,101.000,101.900,99.750,100.600,263657,2671278336.00
20200219,101.500,101.500,99.700,100.400,227163,2276976640.00
20200220,101.000,104.500,99.800,103.300,288287,2954159360.00
20200221,101.800,104.400,101.200,103.200,244019,2517005824.00
20200224,101.500,101.600,99.650,100.500,255078,2561307392.00
20200225,99.800,103.900,99.700,103.300,286646,2932836352.00
20200226,101.500,103.700,100.800,102.000,268101,2742541312.00
20200227,101.700,103.800,101.600,103.300,185263,1907983232.00
20200228,100.900,101.800,98.400,98.900,335816,3348401152.00
20200302,98.000,100.900,96.600,99.300,305564,3013803264.00
20200303,101.000,101.000,98.650,98.850,235479,2351313152.00
20200304,100.400,100.400,98.000,99.200,138086,1364663424.00
20200305,100.000,103.800,99.300,103.500,370544,3783792128.00
20200306,102.000,102.700,99.700,100.700,251001,2521070848.00
20200309,96.000,98.200,95.300,96.000,424061,4090859008.00
20200310,97.500,100.300,94.050,98.750,336664,3300929536.00
20200311,99.600,100.000,95.200,95.650,312470,3028471296.00
20200312,93.400,93.800,89.500,90.800,431612,3928543744.00
20200313,84.500,90.000,81.850,89.000,610091,5289549312.00
20200316,87.000,89.000,80.100,82.200,451029,3773529856.00
20200317,83.000,85.200,78.500,82.150,435522,3563481344.00
20200318,82.750,83.300,75.150,75.550,566311,4522729472.00
20200319,76.000,76.200,70.100,72.400,714797,5161366528.00
20200320,77.000,84.000,75.350,84.000,663903,5324787712.00
20200323,79.000,83.900,78.850,80.800,319544,2603421184.00
20200324,84.200,89.400,84.200,85.500,376537,3260683264.00
20200325,89.800,91.000,89.100,90.750,380522,3423027712.00
20200326,89.000,92.000,89.000,90.150,217034,1967943936.00
20200327,92.050,92.800,88.250,89.300,211409,1904058240.00
20200330,88.200,88.350,85.300,88.000,198812,1731808896.00
20200331,96.800,96.900,91.500,93.650,551869,5204630016.00
20200401,95.000,96.000,92.050,92.850,290732,2739702016.00
20200402,93.950,94.200,92.200,93.950,122804,1149175168.00
20200403,93.950,94.800,91.700,92.850,142915,1326830592.00
20200406,94.200,95.400,92.300,94.450,186784,1758750464.00
20200407,96.700,98.000,95.700,97.550,281112,2723822080.00
20200408,98.000,98.000,96.300,96.800,235993,2290957568.00
20200409,98.100,98.500,96.800,97.250,130944,1276503040.00
20200414,96.000,98.550,94.300,97.750,297144,2860935424.00
20200415,99.400,100.500,97.800,97.850,240994,2391514624.00
20200416,98.500,100.000,97.650,98.850,200485,1987909248.00
20200417,101.500,102.200,99.350,100.000,210481,2120081280.00
20200420,100.800,102.000,99.000,100.900,135575,1369469696.00
20200421,100.400,100.500,98.050,98.550,137397,1358561920.00
20200422,96.850,102.000,96.850,101.300,192345,1929977088.00
20200423,101.100,102.000,99.600,100.000,161686,1626856960.00
20200424,101.000,101.000,99.000,99.200,102039,1019193088.00
20200427,100.100,101.200,99.750,100.100,155293,1559377280.00
20200428,101.100,102.000,99.500,101.000,189591,1917248640.00
20200429,100.000,104.800,99.950,103.800,207462,2135539328.00
20200504,101.800,102.200,99.800,100.700,200242,2018919296.00
20200505,101.800,105.300,101.000,104.300,190223,1977299584.00
20200506,104.200,109.000,102.800,108.000,278601,2983409408.00
20200507,107.900,109.200,107.200,107.700,142271,1539912320.00
20200508,109.800,111.600,108.400,111.600,198848,2193656576.00
20200511,113.500,114.000,107.000,109.700,263065,2888718080.00
20200512,111.000,112.000,109.000,112.000,206143,2284883712.00
20200513,116.400,119.800,113.000,118.100,526030,6182059008.00
20200514,117.700,123.000,117.000,121.500,375383,4530479104.00
20200515,120.500,121.000,117.700,119.400,271307,3238019328.00
20200518,120.500,123.100,120.000,121.900,223015,2704098560.00
20200519,123.400,126.900,121.400,125.800,256309,3190143488.00
20200520,126.500,128.600,125.900,128.500,200809,2566480896.00
20200521,128.000,131.400,125.100,127.600,259752,3351154944.00
20200522,126.700,127.000,118.000,118.500,458562,5574470144.00
20200525,116.900,126.000,116.100,125.800,455254,5597275648.00
20200526,129.000,138.900,127.800,138.900,604066,8177658368.00
20200527,137.800,138.000,132.600,135.300,360686,4864768512.00
20200528,135.000,138.800,133.600,137.000,374219,5107996672.00
20200529,140.400,146.700,134.800,146.700,1466406,21051586560.00
20200601,145.000,150.000,144.000,150.000,1409839,20712925184.00
20200602,149.000,149.800,144.000,147.100,388615,5700452352.00
20200603,149.800,160.700,148.400,155.300,519432,8051263488.00
20200604,164.000,164.200,158.100,164.200,444409,7167168000.00
20200605,165.900,165.900,156.500,159.000,380602,6070899712.00
20200608,159.400,160.700,149.400,154.800,363504,5608294400.00
20200609,153.000,155.700,151.500,151.500,287308,4391950848.00
20200610,153.500,159.600,152.100,159.600,277800,4346757120.00
20200611,160.100,169.500,160.100,165.000,364431,6019180544.00
20200612,161.700,170.100,160.000,165.600,270872,4507744768.00
20200615,164.000,165.000,155.200,159.500,376239,6019583488.00
20200616,164.000,172.500,163.000,172.000,406813,6863548416.00
20200617,174.500,175.900,167.800,172.400,227203,3912579584.00
20200618,173.000,173.800,168.100,172.500,208229,3574248192.00
20200619,170.000,175.500,170.000,174.000,210560,3643877120.00
20200622,174.100,174.100,169.400,170.500,199481,3413229824.00
20200623,169.400,176.800,169.100,176.800,193363,3374220800.00
20200624,177.000,180.000,175.000,178.400,192558,3432533760.00
20200626,178.000,179.000,172.500,174.700,174421,3049678848.00
20200629,176.000,176.000,166.900,171.700,209193,3557301760.00
20200630,173.000,175.500,170.000,171.900,131573,2272559872.00
20200702,176.500,181.000,171.600,179.400,297900,5271056384.00
20200703,181.000,193.100,179.400,191.700,303716,5707683840.00
20200706,192.000,193.000,189.000,191.000,240305,4581816832.00
20200707,189.400,190.400,180.700,185.000,365454,6792311296.00
20200708,183.000,199.800,183.000,199.800,332958,6459313664.00
20200709,204.000,212.000,203.000,209.800,315141,6542148096.00
20200710,205.800,213.400,203.200,208.200,223007,4658449408.00
20200713,205.000,212.000,203.000,206.000,264872,5493420032.00
20200714,200.000,201.000,186.100,197.100,279691,5519656960.00
20200715,205.000,205.000,197.100,200.600,237124,4766884352.00
20200716,200.400,201.800,183.300,185.100,380061,7177367552.00
20200717,188.800,191.600,184.200,191.100,292380,5507266048.00
20200720,192.300,192.600,184.000,188.400,227379,4252273920.00
20200721,194.000,205.800,192.900,205.000,311207,6233751040.00
20200722,195.600,201.800,190.200,192.200,363330,7147409408.00
20200723,192.000,201.200,191.800,199.000,244544,4837939200.00
20200724,192.900,197.800,188.800,190.700,267856,5150272512.00
20200727,192.700,195.000,182.100,185.000,213012,3997135104.00
20200728,190.100,192.100,188.200,191.000,174963,3325227008.00
20200729,187.000,193.600,187.000,193.000,137124,2635659520.00
20200730,192.200,199.900,192.200,195.000,189182,3720210688.00
20200731,198.300,201.000,191.900,191.900,160559,3151689728.00
20200803,200.000,202.800,195.400,200.600,312740,6230814208.00
20200804,205.000,221.600,203.400,218.000,444813,9529613312.00
20200805,215.000,220.200,215.000,218.400,274933,5989253632.00
20200806,219.000,229.200,218.800,221.200,255049,5692996608.00
20200807,218.600,225.800,208.000,222.400,307235,6715479552.00
20200810,220.800,228.800,219.000,223.000,221467,4997295616.00
20200811,225.000,227.000,216.800,218.400,240090,5333030912.00
20200812,218.000,218.000,202.600,213.800,301801,6340530688.00
20200813,220.200,220.200,211.000,211.400,139797,2998130432.00
20200814,212.200,226.000,209.200,219.800,204879,4528014336.00
20200817,209.200,223.400,209.000,218.200,182588,3972480000.00
20200818,220.400,236.600,220.400,235.000,262744,6079541248.00
20200819,240.000,243.400,230.800,231.000,136586,3210806784.00
20200820,236.000,236.000,227.400,234.600,139072,3219004160.00
20200821,239.800,247.400,238.400,245.200,220007,5341185536.00
20200824,244.200,272.000,236.200,265.800,443799,11230611456.00
20200825,264.600,267.600,253.200,257.600,314917,8172337664.00
20200826,258.600,263.400,251.600,258.800,236246,6067000832.00
20200827,262.000,273.000,258.200,271.000,248644,6651339264.00
20200828,269.000,274.400,261.200,265.200,248293,6652289024.00
20200831,272.800,272.800,255.600,255.600,243163,6386308608.00
20200901,256.200,269.200,255.600,264.600,206639,5474247680.00
20200902,280.000,280.000,269.000,272.800,202399,5537405952.00
20200903,274.000,274.200,259.600,262.600,273141,7231336960.00
20200904,250.000,265.200,244.200,261.800,449351,11554078720.00
20200907,264.000,265.000,248.000,248.200,269429,6809350144.00
20200908,252.000,252.200,228.400,238.000,442126,10499868672.00
20200909,231.800,239.000,227.200,232.000,288438,6685071360.00
20200910,240.000,244.800,233.000,233.000,204494,4902112256.00
20200911,233.000,245.000,232.600,242.800,185981,4472734208.00
20200914,248.000,248.200,240.600,244.600,140140,3427388160.00
20200915,246.000,247.400,241.400,243.600,102343,2500309760.00
20200916,245.000,252.600,243.600,248.200,173469,4310901248.00
20200917,248.200,250.200,238.400,240.800,168473,4072952832.00
20200918,240.800,241.600,233.600,241.600,245781,5876214272.00
20200921,245.000,248.800,239.600,241.600,142316,3469180672.00
20200922,240.800,247.400,235.800,242.600,105656,2565207040.00
20200923,244.200,251.000,243.000,250.000,139480,3449030656.00
20200924,245.800,248.000,236.000,238.600,216480,5192423936.00
20200925,240.000,241.000,230.800,232.000,159863,3759885824.00
20200928,236.000,239.200,233.600,237.000,125972,2988695040.00
20200929,238.000,239.000,234.600,234.600,80243,1898487808.00
20200930,238.000,244.400,237.000,241.800,134178,3234271488.00
20201005,248.800,248.800,242.000,245.800,109517,2690236928.00
20201006,247.000,258.400,245.800,258.000,190946,4859820032.00
20201007,262.000,269.400,257.200,267.800,209476,5548484096.00
20201008,268.000,272.400,263.000,266.800,129076,3449923584.00
20201009,270.000,278.600,267.800,270.000,230452,6304381440.00
20201012,274.000,282.000,270.000,275.200,183995,5107018240.00
20201014,283.600,283.600,273.800,278.400,188894,5254970368.00
20201015,279.800,279.800,263.800,265.000,187048,5042381824.00
20201016,268.000,273.800,264.600,265.800,117968,3164448000.00
20201019,269.800,270.400,258.000,259.000,174680,4584350720.00
20201020,264.000,264.000,255.200,260.800,165865,4287203840.00
20201021,264.000,270.800,263.400,269.000,146572,3928156416.00
20201022,269.000,269.400,260.800,269.000,127476,3394663168.00
20201023,269.600,269.600,260.000,262.400,119934,3160108288.00
20201027,258.000,267.000,257.000,266.000,120413,3176553472.00
20201028,266.000,281.200,265.000,280.000,255687,7079680000.00
20201029,276.000,299.800,274.600,297.200,320698,9288840192.00
20201030,294.800,300.400,286.000,288.200,240072,7033944576.00
20201102,291.000,296.800,287.400,294.600,137532,4021588480.00
20201103,292.600,302.400,291.200,296.000,188431,5594669568.00
20201104,297.000,319.600,292.000,313.800,266677,8233199104.00
20201105,329.800,334.600,317.800,329.600,267561,8703393792.00
20201106,332.200,333.000,317.000,326.800,195795,6346493952.00
20201109,333.800,338.200,328.400,335.200,164120,5489954816.00
20201110,322.800,323.000,289.000,300.000,654460,19969386496.00
20201111,282.000,301.000,270.000,271.000,700966,19828578304.00
20201112,282.000,298.000,282.000,286.800,386765,11180960768.00
20201113,292.600,309.600,288.200,305.800,284083,8566972928.00
20201116,321.000,321.000,308.000,318.400,254891,8048679936.00
20201117,315.000,317.800,293.000,303.000,340512,10348015616.00
20201118,300.000,301.200,290.800,300.000,227898,6792410112.00
20201119,297.000,297.000,287.800,294.000,194722,5697766400.00
20201120,300.600,307.400,298.200,304.200,137531,4176926976.00
20201123,308.000,313.400,301.200,308.000,165049,5053762048.00
20201124,313.000,313.000,301.000,303.400,137557,4201906944.00
20201125,305.000,309.000,293.000,293.600,194359,5797885952.00
20201126,298.600,309.000,297.000,308.000,182815,5552636416.00
20201127,307.400,316.600,305.000,312.000,180179,5627893248.00
20201130,310.000,310.200,290.000,290.000,351897,10445793280.00
20201201,292.000,299.600,287.000,289.200,410609,11946615808.00
20201202,290.200,290.200,267.200,277.800,397651,10977388544.00
20201203,282.800,285.000,274.000,275.800,289267,8033581056.00
20201204,277.000,295.000,276.000,288.600,540363,15562627072.00
20201207,290.800,290.800,278.000,282.400,314793,8978427904.00
20201208,285.000,294.600,281.200,287.600,188508,5454361088.00
20201209,295.600,295.600,283.400,286.400,176400,5082865152.00
20201210,283.000,290.000,281.200,287.000,115976,3320724480.00
20201211,294.000,295.000,288.600,293.800,180357,5280926720.00
20201214,281.000,285.800,272.200,282.600,337725,9492406272.00
20201215,283.000,283.200,273.600,274.200,264072,7298562048.00
20201216,274.000,280.000,271.000,279.200,148072,4099155712.00
20201217,284.000,286.000,280.000,285.000,137389,3900039168.00
20201218,284.400,287.000,275.000,278.400,200751,5600933376.00
20201221,278.400,282.800,275.000,278.400,135744,3784056064.00
20201222,280.000,281.800,275.000,276.200,113738,3162740736.00
20201223,276.200,290.800,274.000,287.000,268553,7653221376.00
20201224,285.000,285.000,274.200,279.200,215149,5995944960.00
20201228,273.000,276.400,258.200,260.000,469941,12417288192.00
20201229,265.000,278.200,261.000,273.400,225133,6138580480.00
20201230,275.200,289.800,275.000,287.800,242741,6938162176.00
20201231,287.800,296.600,286.600,294.600,131141,3847619840.00
20210104,293.400,300.000,288.400,292.600,197046,5825577472.00
20210105,296.000,296.600,286.400,296.600,147355,4322723328.00
20210106,297.200,313.800,296.600,310.000,272402,8412945920.00
20210107,310.000,310.000,296.200,308.000,183418,5612742656.00
20210108,309.200,318.000,308.800,318.000,224204,7059593216.00
20210111,320.400,321.600,305.000,309.600,212707,6596381184.00
20210112,310.000,310.000,301.000,302.000,210741,6399114752.00
20210113,300.000,304.200,293.000,296.400,223770,6660050944.00
20210114,302.800,315.000,300.000,313.200,194362,6041743872.00
20210115,314.800,315.000,300.400,307.600,167719,5157913600.00
20210118,307.600,327.000,305.000,325.000,225577,7261578240.00
20210119,334.000,348.000,329.800,341.000,338242,11498559488.00
20210120,346.000,374.600,344.400,372.000,368761,13353319424.00
20210121,364.200,381.600,359.000,375.200,278201,10313361408.00
20210122,370.000,387.600,369.200,380.200,194742,7410324480.00
20210125,384.600,407.600,384.000,399.800,298543,11908424704.00
20210126,390.600,395.400,372.000,378.600,283196,10829428736.00
20210127,372.000,378.400,358.400,364.000,383546,14099166208.00
20210128,360.000,375.800,352.400,355.600,256163,9234647040.00
20210129,369.600,377.000,355.800,355.800,231941,8468446720.00
20210201,369.000,392.400,364.000,391.000,241652,9238136832.00
20210202,400.000,410.600,391.200,395.000,266072,10693183488.00
20210203,410.000,414.400,399.000,414.200,252977,10368671744.00
20210204,403.000,406.000,388.200,401.000,264466,10546010112.00
20210205,403.400,415.600,396.000,401.400,164273,6659015680.00
20210208,411.600,413.800,403.000,406.400,117035,4776207360.00
20210209,407.000,411.000,403.600,409.000,119978,4883933696.00
20210210,415.600,436.600,409.000,430.400,212597,9050719232.00
20210211,429.400,445.000,421.600,445.000,100855,4387692544.00
20210216,455.000,458.800,430.200,439.200,210281,9268472832.00
20210217,430.600,452.000,430.000,451.400,128592,5720530432.00
20210218,454.600,460.000,426.200,428.000,271609,11869214720.00
20210219,422.200,426.600,411.000,423.600,237156,9949611008.00
20210222,435.800,435.800,400.200,400.200,295677,12093954048.00
20210223,392.000,408.200,381.200,392.800,237754,9387015168.00
20210224,393.000,403.000,361.000,365.800,444186,16564339712.00
20210225,383.000,383.000,358.800,370.400,281139,10418390016.00
20210226,349.000,355.000,340.000,340.000,428787,14897842176.00
20210301,355.000,366.800,350.400,366.800,347257,12456558592.00
20210302,388.000,388.000,360.600,362.400,312466,11615313920.00
20210303,365.000,375.000,352.800,372.600,196220,7131366400.00
20210304,360.000,360.400,340.000,340.000,322303,11187345408.00
20210305,325.000,345.600,321.400,337.000,342906,11432193024.00
20210308,343.200,344.000,301.800,308.800,514492,16290798592.00
20210309,303.600,320.800,289.200,302.000,540645,16420920320.00
20210310,325.000,329.000,314.600,317.000,333529,10686803968.00
20210311,315.000,345.000,314.000,344.600,346633,11636471808.00
20210312,355.000,355.200,330.000,333.000,285337,9689603072.00
20210315,335.400,343.400,312.200,317.200,238145,7698068992.00
20210316,323.600,333.000,323.000,329.600,141130,4621343232.00
20210317,326.000,331.800,318.000,325.400,143584,4657443840.00
20210318,331.600,345.000,331.400,337.400,204826,6963787264.00
20210319,329.000,333.000,321.200,333.000,205466,6729738240.00
20210322,326.000,335.800,319.000,320.600,187922,6102881792.00
20210323,325.000,325.800,301.600,303.800,269940,8321147392.00
20210324,306.000,311.800,287.400,292.000,372481,10922933248.00
20210325,282.000,292.600,274.600,287.400,280978,8010294272.00
20210326,290.000,305.200,289.000,302.000,258808,7734029312.00
20210329,295.000,295.000,274.400,280.400,491924,13873743872.00
20210330,278.000,295.400,278.000,293.600,247529,7198023680.00
20210331,295.000,304.000,294.800,298.200,208286,6236658688.00
20210401,307.000,328.000,305.800,325.800,292950,9333424128.00
20210407,335.000,335.000,315.000,318.000,256218,8270348800.00
20210408,313.200,326.600,310.800,320.800,128184,4109059584.00
20210409,324.400,324.400,309.800,314.000,116584,3669916928.00
20210412,314.000,314.600,292.600,298.200,248901,7425673728.00
20210413,296.200,301.000,274.200,276.000,432639,12250194944.00
20210414,287.000,290.800,283.000,286.000,288787,8293806080.00
20210415,286.000,290.400,280.000,284.800,127182,3613106688.00
20210416,286.000,294.800,283.800,290.200,180166,5220144640.00
20210419,290.200,301.000,285.000,289.200,190891,5591503360.00
20210420,288.600,296.000,284.000,293.600,2426155,67400015872.00
20210421,287.200,292.000,280.600,282.200,284674,8117212672.00
20210422,288.400,292.600,283.800,292.000,279415,8098565120.00
20210423,293.000,311.400,292.000,306.400,324558,9896366080.00
20210426,310.000,321.600,303.400,305.000,305848,9553750016.00
20210427,300.000,319.000,296.400,313.000,432855,13355939840.00
20210428,309.800,311.600,306.200,309.400,120794,3735496960.00
20210429,313.000,314.800,304.000,309.200,165837,5109644288.00
20210430,304.000,305.000,297.200,298.000,153343,4590560768.00
20210503,297.400,297.800,290.000,293.200,100724,2946874112.00
20210504,293.200,295.600,290.600,291.800,90745,2653129216.00
20210505,288.000,293.800,285.600,287.000,122848,3536727296.00
20210506,285.400,293.600,280.000,285.800,192493,5479741952.00
20210507,288.000,290.400,279.200,282.800,193793,5491295232.00
20210510,280.000,280.000,255.000,262.800,739246,19510360064.00
20210511,250.200,252.000,240.000,249.000,637272,15673065472.00
20210512,251.000,262.600,251.000,255.200,323431,8270809088.00
20210513,247.600,257.000,245.000,251.600,211996,5358327808.00
20210514,245.200,251.000,242.200,244.000,281110,6880641536.00
20210517,246.400,256.000,244.600,254.200,272850,6899375616.00
20210518,255.800,261.800,255.800,260.000,178731,4633703424.00
20210520,256.200,276.800,255.000,273.200,369073,10024913920.00
20210521,280.000,280.800,267.200,275.200,209469,5769387008.00
20210524,276.800,279.000,265.200,271.000,141923,3831156224.00
20210525,270.000,278.200,265.800,276.600,143534,3927734016.00
20210526,277.200,290.000,277.200,279.600,175754,4974947840.00
20210527,279.600,279.600,265.200,271.800,298577,8096246784.00
20210528,272.600,274.400,263.000,265.200,169719,4532851712.00
20210601,296.200,315.200,294.400,313.000,417727,12925399040.00
20210602,312.000,313.400,304.000,311.800,242530,7507147264.00
20210603,311.800,321.000,305.600,307.400,232340,7268779008.00
20210604,297.800,311.000,297.800,302.200,406455,12310512640.00
20210607,302.600,305.400,296.600,300.000,271710,8181396480.00
20210608,300.000,303.600,293.000,297.000,133956,3974604544.00
20210609,295.800,298.800,290.800,293.200,108105,3178021888.00
20210610,295.200,305.200,291.200,298.000,144481,4315350528.00
20210611,302.600,311.800,300.000,307.200,185998,5698003456.00
20210615,307.000,311.000,299.000,302.400,138061,4187713280.00
20210616,299.400,301.600,287.400,288.800,197708,5765216256.00
20210617,285.000,294.200,283.400,290.000,121097,3500670464.00
20210618,297.600,304.400,294.400,300.600,177086,5312494592.00
20210621,296.800,303.200,292.800,301.800,123405,3681883136.00
20210622,302.800,303.800,292.000,292.800,128945,3804775168.00
20210623,295.800,309.400,292.600,308.000,194084,5904764416.00
20210624,310.000,319.600,310.000,315.000,206893,6516414976.00
20210625,317.000,333.000,315.400,330.000,315178,10291625984.00
20210628,333.000,338.000,325.200,328.600,123244,4058040832.00
20210629,329.600,331.800,322.000,323.800,153044,4982519296.00
20210630,329.000,329.200,317.600,320.400,136728,4390001152.00
20210702,318.200,318.600,300.400,304.000,233634,7182686208.00
20210705,300.200,300.800,280.000,287.000,380912,10975440896.00
20210706,287.000,292.800,277.000,289.800,193885,5544174592.00
20210707,287.000,287.800,279.200,286.000,158096,4489864704.00
20210708,281.800,283.800,265.800,267.600,433239,11726618624.00
20210709,264.200,285.400,258.000,279.200,469319,12853168128.00
20210712,287.000,291.400,281.800,285.200,226688,6481960960.00
20210713,284.000,302.000,280.800,295.000,251876,7442206208.00
20210714,293.000,294.800,281.600,290.000,240019,6903525376.00
20210715,289.400,294.800,287.200,290.400,134279,3904874496.00
20210716,287.600,295.600,284.200,290.800,122358,3551127296.00
20210719,284.800,285.000,272.000,276.200,232148,6441796096.00
20210720,272.400,279.800,271.600,275.200,147410,4050355456.00
20210721,271.600,274.000,266.400,270.200,212523,5723575808.00
20210722,273.800,281.800,272.400,279.800,177385,4942637056.00
20210723,280.400,280.800,270.800,273.200,153866,4208081664.00
20210726,259.200,265.000,232.400,235.600,827596,20526288896.00
20210727,235.600,235.600,194.000,194.000,1657410,34667847680.00
20210728,196.800,217.600,190.400,208.600,1276658,25850693632.00
20210729,230.600,231.400,220.200,228.400,892871,20263630848.00
20210730,219.000,220.600,204.600,215.000,493292,10498500608.00
20210802,217.000,219.600,205.000,216.000,258753,5508124672.00
20210803,218.600,218.600,199.800,211.600,305590,6376749568.00
20210804,208.800,223.600,204.000,213.600,278738,5975593472.00
20210805,213.600,220.000,208.400,211.200,175999,3770808832.00
20210806,220.400,220.400,205.000,213.800,183188,3880040192.00
20210809,212.000,230.800,209.800,220.400,301916,6716630016.00
20210810,226.000,241.000,225.000,239.000,417234,9804228608.00
20210811,236.000,243.000,232.600,237.200,246738,5842162688.00
20210812,233.000,244.400,233.000,236.600,256269,6122089984.00
20210813,232.000,238.800,230.600,233.400,160197,3751675392.00
20210816,231.000,234.600,217.000,221.400,271437,6046895616.00
20210817,217.600,224.000,211.000,213.600,225030,4856942080.00
20210818,219.000,225.600,211.800,218.200,271940,5978594816.00
20210819,217.400,222.600,200.000,202.600,368780,7607193600.00
20210820,200.000,200.400,183.200,193.400,547490,10540467200.00
20210823,200.000,203.600,190.000,195.400,321575,6348878848.00
20210824,200.400,224.200,200.400,221.800,437952,9448331264.00
20210825,231.800,235.800,223.400,227.000,419743,9634970624.00
20210826,227.000,231.000,221.000,226.800,173115,3906817024.00
20210827,226.800,234.400,224.000,225.000,210879,4818429440.00
20210830,229.000,231.000,221.400,228.400,198981,4513474048.00
20210831,236.200,249.000,223.600,249.000,774411,18595500032.00
20210901,249.000,257.000,244.000,253.400,561220,14087844864.00
20210902,263.400,267.600,250.000,253.600,437368,11309877248.00
20210903,249.400,251.000,239.400,244.800,461187,11261452288.00
20210906,239.000,249.400,238.800,247.400,233352,5705480192.00
20210907,251.000,263.000,249.200,257.400,356424,9192472576.00
20210908,261.600,267.800,256.400,261.000,271998,7135105536.00
20210909,255.400,258.000,245.600,248.600,289524,7279692288.00
20210910,252.000,262.600,251.600,259.400,188032,4870192128.00
20210913,251.200,254.000,239.000,247.800,249348,6110075392.00
20210914,247.800,251.000,238.600,245.000,187882,4594419200.00
20210915,236.200,241.400,232.600,234.000,218664,5166493696.00
20210916,231.000,238.200,230.400,232.600,160316,3738443520.00
20210917,230.800,243.800,228.400,240.800,198705,4758415360.00
20210920,237.000,237.400,230.400,234.600,116653,2737436672.00
20210921,230.000,232.000,224.800,230.600,182939,4178421760.00
20210923,238.000,247.800,237.000,242.600,283992,6861533184.00
20210924,242.200,252.000,241.200,244.600,239802,5933197824.00
20210927,243.200,256.800,243.200,248.400,226880,5707970048.00
20210928,252.000,256.800,249.200,251.800,200171,5072473088.00
20210929,245.000,250.800,238.000,250.000,132651,3263219968.00
20210930,243.000,248.400,241.600,246.600,129072,3172069120.00
20211004,242.400,246.200,235.400,236.800,149350,3563080192.00
20211005,231.200,237.000,229.800,233.600,155469,3633810944.00
20211006,237.000,237.000,228.200,228.600,152866,3521554688.00
20211007,236.800,252.800,234.600,250.800,222285,5459897344.00
20211008,258.200,258.200,248.800,256.000,263506,6696252416.00
20211011,270.000,280.600,265.600,277.400,545790,15032979456.00
20211012,273.000,277.600,268.000,269.000,279496,7602221568.00
20211015,275.000,281.000,272.800,280.800,457781,12702160896.00
20211018,280.000,280.600,269.200,280.400,204712,5631673344.00
20211019,280.400,288.000,278.000,285.600,175098,5000354816.00
20211020,290.000,297.800,289.000,293.800,383564,11276452864.00
20211021,295.400,298.000,284.400,288.400,289020,8432665088.00
20211022,290.000,292.800,283.200,289.200,121130,3500334080.00
20211025,285.400,294.800,285.000,286.800,159305,4610574848.00
20211026,286.000,288.000,280.800,283.000,135958,3859581440.00
20211027,275.000,275.800,267.600,268.600,238237,6435615232.00
20211028,275.200,277.200,269.800,272.200,135752,3701396992.00
20211029,271.400,276.000,269.200,269.600,143801,3912608768.00
20211101,267.000,272.400,263.200,267.400,133609,3567201792.00
20211102,278.200,285.400,269.400,271.000,205794,5705806336.00
20211103,277.400,277.600,267.800,277.000,144268,3951494656.00
20211104,282.000,286.800,280.400,286.000,164947,4680236032.00
20211105,279.400,282.400,274.000,276.800,147260,4105310208.00
20211108,274.600,275.800,267.200,271.200,144032,3906469120.00
20211109,276.400,276.600,268.000,270.400,102370,2772381696.00
20211110,270.400,277.600,266.800,277.400,121385,3311673344.00
20211111,275.200,285.800,272.000,282.400,150361,4211293952.00
20211112,289.800,292.600,287.200,289.800,226944,6586125312.00
20211115,291.000,293.400,284.200,289.600,113395,3272724992.00
20211116,289.600,297.600,287.600,297.400,194169,5728439296.00
20211117,295.000,296.600,290.400,292.600,116800,3420010240.00
20211118,285.000,286.400,277.600,285.400,151892,4303656448.00
20211119,279.400,282.200,273.000,280.800,174875,4863745536.00
20211122,278.000,279.400,268.800,274.000,197050,5379133952.00
20211123,267.000,268.800,264.600,265.400,155750,4149844992.00
20211124,265.400,281.800,265.000,273.400,217150,5938339840.00
20211125,273.400,276.800,268.000,274.200,127850,3482134016.00
20211126,268.000,269.400,260.200,263.600,196490,5187536896.00
20211129,240.400,248.400,240.400,245.000,550111,13402738688.00
20211130,242.000,244.000,230.200,238.000,414409,9781215232.00
20211201,238.000,249.000,237.400,244.600,218632,5356207104.00
20211202,240.200,252.000,238.200,247.800,170782,4221375232.00
20211203,243.200,244.600,234.600,241.200,309853,7423374336.00
20211206,236.200,245.800,231.000,232.400,342983,8108274688.00
20211207,239.800,246.600,236.400,245.800,269561,6502421504.00
20211208,250.000,253.400,245.000,245.200,179619,4454404096.00
20211209,251.200,252.000,245.200,247.000,165004,4095229440.00
20211210,247.000,251.000,240.200,243.000,222387,5450329088.00
20211213,246.200,256.600,245.600,248.000,239617,6031867392.00
20211214,243.000,248.000,242.200,246.200,142756,3506626048.00
20211215,243.400,246.200,240.200,241.800,125224,3043843840.00
20211216,238.800,240.200,229.200,238.400,193721,4540794880.00
20211217,237.000,237.000,225.200,225.800,249096,5670816768.00
20211220,224.600,228.200,215.200,219.200,195370,4313600512.00
20211221,216.800,231.800,216.200,229.000,225388,5095510016.00
20211222,233.000,239.800,228.200,230.400,129514,3019277824.00
20211223,224.400,228.200,217.800,226.600,218591,4889485824.00
20211224,229.800,229.800,224.000,226.000,60240,1363964288.00
20211228,227.600,228.400,217.000,223.400,195114,4325497344.00
20211229,222.800,222.800,214.800,216.000,140753,3054259200.00
20211230,215.600,221.800,213.400,218.400,105276,2295319296.00
20211231,228.800,232.400,225.400,225.400,96092,2193947392.00
20220103,229.000,232.200,221.200,223.400,60171,1349511808.00
20220104,222.800,225.800,216.400,219.600,133117,2933279232.00
20220105,211.000,212.000,193.600,195.100,531659,10632894464.00
20220106,195.000,203.600,191.800,202.200,294354,5825378304.00
20220107,208.000,209.200,201.400,204.000,230270,4714854400.00
20220110,202.000,210.600,198.300,206.600,209525,4315804672.00
20220111,209.400,211.800,203.400,208.000,152635,3181208320.00
20220112,216.000,228.400,215.000,227.000,309542,6936030208.00
20220113,228.000,231.200,221.800,226.200,184645,4174513408.00
20220114,215.000,221.000,212.200,220.600,236629,5144458240.00
20220117,219.000,221.000,213.000,216.600,147123,3181525248.00
20220118,216.600,228.000,213.400,215.800,164829,3623370496.00
20220119,216.800,220.000,210.800,214.400,174055,3737573632.00
20220120,217.000,241.200,215.200,238.000,438047,10146170880.00
20220121,235.000,242.400,233.600,238.000,301912,7156720640.00
20220124,233.200,238.000,226.600,232.800,227697,5317952512.00
20220125,226.800,230.600,221.000,225.800,250263,5678748160.00
20220126,224.200,229.800,220.000,225.000,220407,4949034496.00
20220127,216.400,217.000,203.600,209.400,341834,7141957120.00
20220128,203.200,210.400,200.400,208.000,220820,4553699328.00
20220131,212.400,222.400,212.200,219.600,163427,3559365888.00
20220204,226.600,228.800,221.200,226.800,119674,2707355648.00
20220207,229.600,229.600,218.200,225.800,150571,3359281408.00
20220208,225.600,225.600,215.200,221.000,134143,2950951936.00
20220209,228.800,232.200,227.800,229.200,160362,3680968960.00
20220210,233.000,235.800,225.400,233.000,138905,3200155392.00
20220211,228.200,233.000,224.400,227.800,153313,3489563648.00
20220214,222.800,224.800,216.600,219.600,184137,4042939136.00
20220215,218.000,220.000,212.200,214.000,151444,3261739008.00
20220216,219.000,222.000,216.200,219.400,126488,2770056960.00
20220217,216.000,224.000,216.000,220.800,111828,2463838720.00
20220218,217.400,221.000,182.000,188.000,826539,16086081536.00
20220221,178.000,194.100,178.000,180.500,807937,14866487296.00
20220222,176.800,180.300,166.800,171.300,617297,10605031424.00
20220223,172.200,184.600,171.000,176.600,432125,7733223424.00
20220224,172.900,177.000,166.400,170.200,389221,6665916928.00
20220225,174.100,179.200,170.200,170.200,272817,4741136896.00
20220228,172.000,172.800,165.300,172.200,285983,4840419328.00
20220301,174.600,178.200,170.600,173.400,276313,4807603712.00
20220302,177.000,181.900,175.100,176.400,290687,5171496448.00
20220303,175.600,178.100,169.500,174.200,221156,3810440192.00
20220304,165.000,167.900,161.200,164.800,483033,7921280000.00
20220307,157.000,157.800,145.800,146.200,666848,10057513984.00
20220308,146.000,152.800,144.500,145.500,479959,7107981312.00
20220309,149.100,151.300,139.300,148.500,405514,5910709248.00
20220310,155.700,155.800,141.000,144.200,359194,5292328960.00
20220311,135.000,140.800,126.000,135.400,726254,9583800320.00
20220314,128.000,129.700,111.400,112.600,1030047,12309131264.00
20220315,104.100,120.700,103.500,106.000,1050441,11539159040.00
20220316,114.300,144.700,110.000,140.000,1371165,17579415552.00
20220317,160.300,166.000,147.200,157.200,1123397,17453764608.00
20220318,150.000,158.000,142.000,153.300,623690,9362952192.00
20220321,157.700,158.300,140.800,143.900,474648,6975151104.00
20220322,145.000,154.000,142.600,153.000,297589,4431901696.00
20220323,158.500,165.000,155.200,156.200,440595,7042174976.00
20220324,156.200,157.700,144.300,147.000,367916,5553029120.00
20220325,145.600,149.400,132.600,135.000,451545,6227058176.00
20220328,143.000,155.900,137.000,150.600,558337,8252029440.00
20220329,153.100,162.300,152.600,159.300,377392,6004508672.00
20220330,161.700,165.400,156.800,160.100,353172,5688113152.00
20220331,160.100,160.300,152.700,155.600,191217,2983196416.00
20220401,148.400,156.800,145.600,155.500,230954,3517883392.00
20220404,160.100,167.600,158.600,167.000,304989,4979445248.00
20220406,160.000,165.400,158.800,160.900,298198,4831706112.00
20220407,158.200,172.500,157.600,159.300,367186,6022144512.00
20220408,154.100,158.100,152.000,156.500,225600,3501351936.00
20220411,150.100,151.600,146.000,147.500,283641,4212279296.00
20220412,147.000,159.200,145.200,153.900,368385,5622203392.00
20220413,150.100,157.500,150.100,154.100,201075,3099862016.00
20220414,156.500,157.400,153.600,155.200,219407,3417360896.00
20220419,146.500,151.700,144.700,146.000,309889,4566779904.00
20220420,147.400,148.700,144.400,144.900,195994,2867596544.00
20220421,139.000,140.600,132.800,137.800,463591,6337080320.00
20220422,130.100,143.300,130.100,141.400,322637,4464357888.00
20220425,138.300,145.600,135.000,138.600,357125,4987865600.00
20220426,141.900,150.800,141.900,145.300,359748,5262802432.00
20220427,144.600,156.000,142.500,147.900,527030,7903993856.00
20220428,152.100,152.100,144.200,148.900,251147,3714040064.00
20220429,150.400,177.800,145.500,172.000,884347,14475953152.00
20220503,173.900,178.000,165.900,172.400,387985,6725137920.00
20220504,169.300,169.900,161.600,164.500,227850,3747705856.00
20220505,170.400,173.400,164.300,164.700,397105,6708153856.00
20220506,155.000,161.300,153.000,157.000,385547,6069166592.00
20220510,146.000,155.400,144.000,151.800,462051,6914313728.00
20220511,149.400,168.600,149.000,161.400,465221,7497115136.00
20220512,156.900,166.400,154.300,157.000,475124,7589097984.00
20220513,161.800,168.200,159.700,167.600,416258,6838358016.00
20220516,172.300,172.600,159.300,163.500,347017,5720558080.00
20220517,168.300,175.600,166.000,173.700,462399,7929933824.00
20220518,174.000,174.900,167.000,172.000,365127,6254633984.00
20220519,165.000,167.800,160.100,165.500,378907,6227118592.00
20220520,171.100,174.500,169.100,173.000,283645,4882959360.00
20220523,172.500,173.700,165.500,167.700,285666,4799700480.00
20220524,167.500,169.400,156.000,159.600,344999,5535045120.00
20220525,159.300,163.400,156.200,159.700,235349,3751217152.00
20220526,161.700,161.800,152.400,158.600,221847,3481518848.00
20220527,166.500,169.400,160.900,163.900,324241,5356302336.00
20220530,168.800,176.800,167.900,175.100,443947,7697474560.00
20220531,174.700,187.100,173.700,187.000,525367,9621101568.00
20220601,184.700,187.300,178.800,182.500,287457,5254551040.00
20220602,178.500,183.600,175.600,180.200,276508,4944945664.00
20220606,192.000,198.100,187.200,198.100,528445,10221851648.00
20220607,197.600,202.400,193.400,199.000,365210,7238801920.00
20220608,204.400,210.000,202.400,208.200,495293,10245671936.00
20220609,209.400,211.600,197.200,201.800,450946,9143694336.00
20220610,195.300,208.600,195.000,201.200,597578,12125461504.00
20220613,195.400,199.300,186.800,188.200,478529,9195732992.00
20220614,186.400,197.400,183.000,194.400,456309,8701977600.00
20220615,200.200,202.800,196.100,197.000,317027,6303687680.00
20220616,202.600,202.600,186.600,189.200,309238,5972215808.00
20220617,189.000,200.000,187.500,199.100,415391,8179813376.00
20220620,200.000,200.800,194.800,199.400,195676,3880349952.00
20220621,200.000,202.200,195.300,201.200,200846,3999131136.00
20220622,201.200,201.200,190.300,191.600,244500,4747663360.00
20220623,193.200,195.500,185.600,192.600,237291,4532591104.00
20220624,195.100,200.200,188.000,198.100,305350,5969439744.00
20220627,201.000,210.000,200.000,205.000,408912,8408899584.00
20220628,205.000,210.800,197.500,207.600,321230,6553565184.00
20220629,204.600,206.800,198.300,202.800,266396,5388158976.00
20220630,199.800,204.000,191.900,194.200,324442,6382418432.00
20220704,196.000,203.400,193.300,201.200,242127,4837067264.00
20220705,205.000,205.600,196.000,197.700,156186,3111888640.00
20220706,197.200,199.800,190.100,195.900,181818,3545669632.00
20220707,192.100,195.300,188.100,194.400,182902,3517746432.00
20220708,198.000,198.200,190.200,192.300,150298,2902568960.00
20220711,188.500,188.500,180.000,181.600,306152,5585060864.00
20220712,179.800,183.100,174.500,178.000,255055,4544697856.00
20220713,179.000,185.700,179.000,180.500,173435,3159024896.00
20220714,181.100,185.400,179.700,182.500,165382,3023015680.00
20220715,180.200,184.000,176.200,179.200,214974,3853717248.00
20220718,185.000,191.900,183.600,189.700,346385,6530583040.00
20220719,190.400,192.400,187.200,189.100,155525,2949233152.00
20220720,193.600,197.800,193.400,194.700,185752,3637255168.00
20220721,193.700,196.000,189.200,190.400,223733,4304680448.00
20220722,194.000,194.900,189.600,191.700,150084,2885846272.00
20220725,190.700,191.500,184.100,188.200,156063,2917790464.00
20220726,188.700,192.400,185.300,190.700,112050,2128086656.00
20220727,188.800,192.400,187.800,190.100,94314,1785538176.00
20220728,191.200,191.600,187.400,188.000,140588,2653626112.00
20220729,188.900,189.800,173.300,176.300,371616,6620045312.00
20220801,177.300,181.500,173.700,180.000,179216,3200428544.00
20220802,175.000,177.300,171.900,176.200,282777,4942776320.00
20220803,179.100,180.500,175.400,177.100,190470,3380888832.00
20220804,181.500,184.400,180.300,183.800,155280,2830922240.00
20220805,186.900,187.000,182.600,183.500,103218,1901972480.00
20220808,181.100,183.500,178.500,179.600,126900,2281062400.00
20220809,179.700,180.000,174.200,176.000,159981,2826369792.00
20220810,174.700,176.500,167.000,169.600,235570,3994347776.00
20220811,172.000,176.900,171.100,176.400,206448,3599420160.00
20220812,177.800,179.900,175.900,179.100,143243,2550314496.00
20220815,179.000,185.000,178.500,180.900,145825,2652963584.00
20220816,184.300,184.500,159.500,164.500,669705,11191442432.00
20220817,169.600,173.200,165.700,170.000,380800,6482358784.00
20220818,173.000,174.900,169.500,171.100,188460,3231010816.00
20220819,169.400,174.400,165.400,169.900,204648,3479760128.00
20220822,166.400,175.500,165.700,171.100,187560,3217085696.00
20220823,171.100,173.400,167.100,168.700,169132,2865545728.00
20220824,170.900,171.200,163.100,164.100,241766,3993237760.00
20220825,164.900,179.500,164.900,177.300,279206,4862148096.00
20220826,180.300,183.800,177.700,181.900,285863,5152429056.00
20220829,188.000,191.000,184.000,186.700,498289,9386009600.00
20220830,189.400,189.400,179.700,185.000,268658,4926095360.00
20220831,181.200,193.600,180.200,189.800,607349,11497328640.00
20220901,185.000,186.500,177.000,178.700,305112,5533289984.00
20220902,182.000,182.400,174.200,176.200,196436,3471405568.00
20220905,174.000,175.600,169.600,173.600,163406,2830019584.00
20220906,175.600,177.700,172.000,173.400,129740,2256406528.00
20220907,170.400,173.600,167.800,172.100,138309,2354672896.00
20220908,172.700,175.200,170.400,171.500,91875,1584880640.00
20220909,172.600,181.100,172.300,179.900,182764,3273123328.00
20220913,181.100,181.600,177.400,177.800,131535,2360756992.00
20220914,173.100,176.200,172.400,173.800,118587,2063215232.00
20220915,173.800,177.200,173.300,175.400,103708,1817560064.00
20220916,172.400,175.000,170.000,171.900,153562,2646672640.00
20220919,172.000,172.000,167.200,169.400,137396,2328278528.00
20220920,172.000,176.700,171.400,172.600,138385,2407603968.00
20220921,172.300,172.300,166.100,167.500,155935,2617350656.00
20220922,163.900,165.000,160.300,164.900,177881,2899572224.00
20220923,162.400,164.700,160.300,160.300,126822,2051913344.00
20220926,160.000,170.600,159.400,167.500,204876,3418971904.00
20220927,168.100,174.800,166.500,174.200,235124,4011840000.00
20220928,172.000,172.900,167.700,168.800,189599,3230942464.00
20220929,174.500,174.700,167.500,170.200,171568,2933681664.00
20220930,171.600,171.600,160.900,165.600,192119,3173009152.00
20221003,164.400,165.900,159.800,161.700,132990,2156123392.00
20221005,168.400,177.000,168.000,174.900,235944,4082402048.00
20221006,177.500,179.400,173.300,177.100,119415,2110140416.00
20221007,175.400,177.500,172.800,172.900,64083,1118484480.00
20221010,168.000,168.000,159.600,161.300,308535,5008951296.00
20221011,161.300,161.500,146.700,151.400,382091,5793752064.00
20221012,151.800,158.600,142.000,150.400,425623,6343715840.00
20221013,149.800,149.800,144.500,146.000,195714,2875921152.00
20221014,148.700,155.300,148.700,149.000,262746,3975681280.00
20221017,146.000,153.500,141.600,149.700,240527,3535780864.00
20221018,153.200,155.800,149.500,154.000,252500,3869177856.00
20221019,153.400,153.600,144.400,144.500,257160,3790444544.00
20221020,139.500,141.800,133.700,140.800,504475,6959560192.00
20221021,141.200,143.800,139.200,141.600,176339,2496654336.00
20221024,135.000,137.800,119.100,120.600,874272,11067631616.00
20221025,120.900,127.700,112.800,123.500,782663,9467572224.00
20221026,121.700,134.600,121.300,129.700,521863,6765764096.00
20221027,138.400,139.200,131.100,131.800,410777,5543640064.00
20221028,131.500,131.600,120.200,121.800,455470,5654136832.00
20221031,122.000,130.800,118.800,124.800,413817,5197296128.00
20221101,128.000,145.000,127.600,139.600,633164,8714106880.00
20221102,139.000,149.000,134.700,146.700,402431,5740238848.00
20221103,141.000,146.000,138.200,141.500,270929,3853748736.00
20221104,145.000,158.800,144.500,149.500,629127,9562905600.00
20221107,145.000,157.100,142.200,153.000,368761,5608865792.00
20221108,153.300,155.900,146.600,148.800,301560,4497334784.00
20221109,147.000,149.700,141.400,144.300,304469,4387580416.00
20221110,140.000,143.000,138.700,141.900,218617,3088300544.00
20221111,160.000,160.700,152.600,159.600,595723,9387425792.00
20221114,167.000,168.000,155.400,156.500,605326,9673549824.00
20221115,155.700,170.300,153.600,166.400,514875,8525359104.00
20221116,164.000,167.800,157.700,162.300,453306,7334772736.00
20221117,152.000,154.800,149.000,153.000,783168,11924413440.00
20221118,158.600,167.000,156.900,160.400,497704,8034949632.00
20221121,153.000,154.400,150.100,152.500,321924,4897286656.00
20221122,152.000,153.000,137.100,139.900,717990,10239125504.00
20221123,139.500,142.000,134.100,138.400,373569,5190490624.00
20221124,140.000,141.700,135.100,138.900,204117,2815389184.00
20221125,137.900,137.900,133.300,136.600,256953,3471770112.00
20221128,129.000,140.700,128.500,139.400,474776,6440315392.00
20221129,143.300,156.000,141.300,155.400,683483,10241839104.00
20221130,152.400,165.900,150.700,163.600,671830,10724911104.00
20221201,172.000,177.500,161.000,163.000,611926,10343919616.00
20221202,162.700,171.500,162.000,168.000,430614,7194109440.00
20221205,175.000,176.000,168.900,174.300,522546,9036932096.00
20221206,170.000,178.900,169.000,173.800,390550,6776387584.00
20221207,172.500,182.300,167.000,167.500,475370,8273206784.00
20221208,171.100,180.000,170.200,178.300,374064,6607076352.00
20221209,177.500,188.900,175.300,188.500,503686,9224399872.00
20221212,182.000,187.000,172.600,175.400,374304,6656196608.00
20221213,175.200,183.900,174.900,179.000,284088,5112047616.00
20221214,181.900,185.400,179.400,182.800,248720,4545183232.00
20221215,181.400,181.900,175.300,176.800,183378,3256781568.00
20221216,174.200,179.100,170.700,175.900,242716,4248938496.00
20221219,180.000,187.000,177.100,178.800,249764,4523216896.00
20221220,176.100,178.900,171.800,175.500,188371,3289752320.00
20221221,176.200,176.800,172.500,174.200,106138,1850019968.00
20221222,179.700,186.800,178.200,186.200,356307,6555281408.00
20221223,180.400,185.600,180.400,183.200,173300,3173082112.00
20221228,186.200,189.600,182.800,184.200,289276,5387522048.00
20221229,180.800,185.000,179.900,183.800,170623,3120787712.00
20221230,188.400,188.500,174.700,174.700,312719,5576976896.00
20230103,173.000,177.800,164.700,176.800,378149,6499986944.00
20230104,175.200,184.900,173.600,181.300,428840,7767312384.00
20230105,188.800,195.600,187.200,190.800,453551,8653700096.00
20230106,191.000,192.600,181.600,182.700,344458,6402793472.00
20230109,185.100,186.500,177.200,180.600,434094,7864797696.00
20230110,178.200,179.100,175.000,178.500,312318,5536053760.00
20230111,179.800,181.900,172.200,174.000,481565,8506046976.00
20230112,175.700,177.800,169.400,173.000,362240,6263626752.00
20230113,173.000,173.200,168.000,171.200,377401,6411471872.00
20230116,171.600,172.600,161.600,165.600,582148,9636307968.00
20230117,165.800,169.800,162.300,164.800,341479,5634360320.00
20230118,162.100,165.800,161.000,163.600,323379,5281548800.00
20230119,161.000,162.000,159.000,160.200,209799,3366055168.00
20230120,163.900,168.900,163.800,168.100,277433,4632210944.00
20230126,171.100,173.400,169.500,172.400,298991,5132193280.00
20230127,173.000,175.200,171.000,174.900,194398,3381020416.00
20230130,172.000,181.100,172.000,173.500,553315,9746200576.00
20230131,175.800,178.500,170.300,174.600,325166,5646905344.00
20230201,176.600,182.400,174.100,180.100,359162,6426258944.00
20230202,183.100,185.000,176.000,176.600,265807,4785554944.00
20230203,173.200,174.800,169.000,172.800,288697,4961476608.00
20230206,167.800,170.000,160.400,164.100,433102,7098755584.00
20230207,165.000,166.500,162.400,163.700,229398,3772963584.00
20230208,159.000,159.000,148.300,153.100,1058158,16180059136.00
20230209,149.000,155.000,148.500,153.500,421788,6437680128.00
20230210,152.500,153.400,145.000,148.100,461441,6815332864.00
20230213,145.000,151.200,143.600,148.200,369854,5470033408.00
20230214,149.000,150.100,146.700,147.700,269617,3997353728.00
20230215,148.600,148.600,143.300,145.900,319805,4653779456.00
20230216,144.500,151.700,144.200,148.300,347973,5175400448.00
20230217,147.900,149.800,144.100,144.200,254632,3717049088.00
20230220,144.700,147.600,142.200,145.800,199093,2896986368.00
20230221,146.100,146.800,139.300,139.800,341149,4817283584.00
20230222,138.800,143.400,137.100,140.000,268556,3762599168.00
20230223,138.700,142.200,138.500,139.100,219325,3069069312.00
20230224,137.900,138.100,133.800,134.400,348329,4717596160.00
20230227,132.300,138.800,132.100,136.200,282347,3852001280.00
20230228,138.300,140.400,135.100,136.100,314646,4316032512.00
20230301,135.300,143.600,135.300,142.800,351806,4954436096.00
20230302,140.600,142.500,139.700,141.300,179830,2538383104.00
20230303,145.300,146.000,141.800,142.300,220713,3165216512.00
20230306,141.000,146.500,140.800,142.900,204742,2951255808.00
20230307,141.100,144.000,135.700,137.900,338060,4695112704.00
20230308,135.100,136.300,130.300,131.900,391129,5175340032.00
20230309,131.100,132.000,129.200,129.400,273842,3567054592.00
20230310,125.900,127.400,122.100,127.400,699487,8821103616.00
20230313,129.100,131.400,127.000,129.000,316705,4099718656.00
20230314,127.700,130.900,124.500,125.400,245991,3105670656.00
20230315,127.900,130.300,125.600,126.700,209738,2679245568.00
20230316,124.500,129.500,124.200,126.300,217038,2746961664.00
20230317,128.700,131.400,127.800,130.400,369363,4798928384.00
20230320,129.200,130.800,126.400,128.900,205299,2628735232.00
20230321,129.600,130.500,125.600,130.100,188799,2423378944.00
20230322,131.400,132.900,128.400,130.300,274426,3573506816.00
20230323,130.700,142.000,129.300,141.100,553569,7570895360.00
20230324,140.800,143.700,136.900,140.200,436281,6098092544.00
20230327,138.000,139.700,130.500,131.400,957181,12747066368.00
20230328,128.000,136.600,128.000,134.600,501001,6614392832.00
20230329,140.000,144.400,138.000,140.000,762409,10745047040.00
20230330,140.200,142.400,138.000,142.000,348647,4899240448.00
20230331,144.800,148.000,143.300,143.500,474234,6898999296.00
20230403,140.600,142.500,139.100,140.000,320566,4503106560.00
20230404,136.300,137.700,132.000,133.900,413795,5551986176.00
20230406,131.000,133.900,129.200,133.800,285119,3760891648.00
20230411,134.200,137.200,132.700,135.400,235210,3167145472.00
20230412,134.800,137.600,130.300,131.000,242505,3200441600.00
20230413,128.000,130.900,126.500,130.900,276231,3554849024.00
20230414,131.300,131.900,127.600,129.500,231356,2991776768.00
20230417,128.500,136.700,128.000,135.600,308027,4099541760.00
20230418,133.300,136.600,133.300,135.300,154849,2090532352.00
20230419,135.600,138.600,133.900,135.600,243196,3309185280.00
20230420,135.800,142.200,135.800,140.400,351465,4926316032.00
20230421,140.000,140.600,136.400,137.700,225436,3125699072.00
20230424,137.700,141.000,134.900,137.600,177189,2435364096.00
20230425,136.700,136.800,129.500,131.600,310044,4080695552.00
20230426,130.800,135.700,130.400,133.100,188355,2514002432.00
20230427,132.300,134.200,131.400,134.000,158644,2111073280.00
20230428,134.100,136.600,132.600,133.000,150478,2014867712.00
20230502,135.900,137.400,131.500,132.500,103844,1388418176.00
20230503,130.000,131.400,128.900,131.300,92485,1204854400.00
20230504,131.900,133.500,130.400,132.000,149876,1979496832.00
20230505,134.000,137.000,132.800,135.600,190311,2576991232.00
20230508,135.700,137.700,132.700,134.200,134348,1804888064.00
20230509,133.000,135.300,129.800,130.300,210175,2767917568.00
20230510,129.300,130.000,126.600,129.000,220570,2829540352.00
20230511,128.600,129.900,126.200,128.500,216650,2768531456.00
20230512,130.800,134.600,130.000,131.800,302627,4017864960.00
20230515,131.800,139.200,131.200,136.300,328930,4462328320.00
20230516,138.900,139.800,137.000,137.400,178955,2477583360.00
20230517,137.400,139.000,132.800,133.000,160452,2170724864.00
20230518,133.500,135.300,131.700,133.500,153039,2039766016.00
20230519,130.700,131.100,127.600,128.600,294964,3793832448.00
20230522,129.700,134.000,127.500,132.600,243546,3206342912.00
20230523,132.700,135.700,132.000,132.800,188962,2530776576.00
20230524,130.800,131.900,129.600,130.400,154507,2019147520.00
20230525,128.900,129.600,123.300,126.000,345940,4356445184.00
20230529,126.000,126.000,115.300,115.800,931740,11024168960.00
20230530,116.500,117.600,113.000,116.400,458558,5284283904.00
20230531,112.100,113.400,109.200,110.200,875685,9710097408.00
20230601,110.900,117.000,110.800,112.800,454314,5176696320.00
20230602,116.800,122.000,115.500,121.600,635865,7634293760.00
20230605,120.100,122.400,118.700,121.600,294928,3572442368.00
20230606,122.000,125.300,120.400,121.800,238724,2930160384.00
20230607,125.200,126.500,123.200,123.500,202292,2516223232.00
20230608,124.000,124.800,120.200,124.400,206380,2534262016.00
20230609,126.200,128.000,124.500,127.100,277922,3527010560.00
20230612,128.600,128.800,125.200,127.600,170656,2168802304.00
20230613,127.600,129.500,126.200,128.000,243581,3117433856.00
20230614,129.200,130.400,125.600,127.300,180648,2311089920.00
20230615,130.200,137.300,128.900,137.200,526752,7025369600.00
20230616,139.000,139.800,136.000,138.000,719566,9929995264.00
20230619,136.700,137.500,132.900,137.000,234147,3166754816.00
20230620,137.200,137.200,130.800,132.300,216915,2871913728.00
20230621,129.000,129.500,126.000,127.600,252987,3223822592.00
20230623,125.700,126.000,122.600,124.700,162083,2012379776.00
20230626,124.500,126.600,122.900,124.000,180213,2238865408.00
20230627,123.400,127.500,123.100,126.200,166709,2100171904.00
20230628,125.300,128.000,124.700,127.100,168861,2138652672.00
20230629,126.800,128.100,123.200,124.700,181535,2257796096.00
20230630,123.400,124.400,121.600,122.300,222056,2722244608.00
20230703,123.900,127.200,123.300,126.400,181287,2280567808.00
20230704,126.600,128.800,124.900,127.600,126949,1617373184.00
20230705,127.100,127.900,123.600,124.500,122035,1523906432.00
20230706,123.000,124.600,119.700,120.600,222549,2695868928.00
20230707,119.000,121.200,117.300,119.100,193812,2307376640.00
20230710,122.700,123.900,120.600,121.100,143359,1744062720.00
20230711,124.000,124.000,121.500,122.000,120530,1477872768.00
20230712,124.000,128.200,123.100,127.300,260189,3292962048.00
20230713,131.500,135.400,131.100,134.600,468119,6268466176.00
20230714,137.300,137.400,131.500,132.500,251528,3350208256.00
20230718,131.200,132.000,128.100,129.100,172547,2230394624.00
20230719,125.500,128.300,125.200,127.700,215721,2732862208.00
20230720,128.800,131.900,126.200,126.700,152360,1956690688.00
20230721,126.000,129.200,126.000,128.200,144074,1843745792.00
20230724,125.600,127.400,123.700,125.000,167984,2105799680.00
20230725,131.000,135.200,129.800,134.800,416013,5532442624.00
20230726,133.000,135.500,131.800,134.900,174496,2340733952.00
20230727,136.700,138.200,135.700,136.600,239548,3283109120.00
20230728,134.200,143.000,133.900,142.400,409480,5750093312.00
20230731,149.300,150.000,145.400,146.300,485288,7187355136.00
20230801,149.000,150.000,143.500,145.500,269250,3951564544.00
20230802,143.900,144.700,138.800,140.700,252012,3551923968.00
20230803,140.300,142.800,139.300,140.200,137729,1943793024.00
20230804,144.000,146.900,142.000,144.000,199158,2877664512.00
20230807,144.800,146.200,141.400,144.700,115529,1663945728.00
20230808,141.100,142.500,138.700,140.100,201104,2822365952.00
20230809,137.600,141.400,137.600,140.900,109663,1533865472.00
20230810,139.400,142.000,137.600,141.000,125277,1751006080.00
20230811,141.200,141.500,136.900,137.200,171938,2371071232.00
20230814,133.000,135.900,131.600,135.400,161801,2163066624.00
20230815,134.000,135.800,132.800,133.900,110242,1476906368.00
20230816,131.000,133.700,130.900,132.400,105053,1387046144.00
20230817,129.700,135.000,129.100,133.600,168070,2221203968.00
20230818,131.800,133.800,129.400,129.900,176376,2309516032.00
20230821,128.200,129.900,125.600,127.000,210505,2686306304.00
20230822,128.000,131.600,125.700,129.200,234832,3023650048.00
20230823,129.700,133.200,127.300,130.300,161761,2104074368.00
20230824,131.900,140.400,131.300,140.000,426135,5849382400.00
20230825,135.200,135.800,130.200,132.200,434103,5779664896.00
20230828,138.000,139.300,134.200,134.700,246448,3355373568.00
20230829,136.600,138.900,135.000,137.300,205655,2826745856.00
20230830,138.800,140.000,133.400,134.200,244506,3321123584.00
20230831,134.100,134.200,128.300,128.500,421834,5478707712.00
20230904,131.900,134.900,130.500,132.700,422708,5625580032.00
20230905,132.300,132.500,128.300,128.600,201796,2621655040.00
20230906,128.000,129.000,125.200,128.300,205039,2610581760.00
20230907,129.000,129.000,124.200,125.000,241071,3025132288.00
20230911,122.400,127.100,122.000,125.700,234970,2928870656.00
20230912,124.600,126.000,122.700,124.800,158244,1969566464.00
20230913,124.600,125.200,122.500,123.100,135794,1674808448.00
20230914,123.500,124.300,121.600,123.000,146358,1798974976.00
20230915,124.500,126.300,122.200,124.300,223370,2786571264.00
20230918,122.200,123.600,121.300,122.000,134949,1654248320.00
20230919,121.400,122.400,118.700,121.700,210266,2532972544.00
20230920,120.700,121.300,118.600,119.200,184681,2206487040.00
20230921,117.500,117.800,115.200,116.300,252613,2934952960.00
20230922,114.800,121.500,114.800,120.800,246109,2934364672.00
20230925,119.900,120.000,116.600,117.200,195339,2299819008.00
20230926,116.400,118.400,115.900,116.300,184306,2157140224.00
20230927,115.500,117.200,113.700,114.800,322235,3705009664.00
20230928,113.100,114.300,110.200,110.800,451063,5014138368.00
20230929,112.300,115.700,111.300,114.600,191680,2193202176.00
20231003,111.500,111.900,107.600,110.000,252315,2760166144.00
20231004,109.000,109.800,105.700,106.900,228908,2442358528.00
20231005,108.000,108.800,105.500,105.900,168752,1801723520.00
20231006,107.800,109.500,107.300,108.300,144671,1566519936.00
20231009,108.000,110.600,106.000,108.900,187333,2040939904.00
20231010,111.900,115.200,111.000,112.300,329299,3730901248.00
20231011,115.500,118.300,115.100,116.500,355337,4160304128.00
20231012,120.000,120.000,118.000,118.400,232900,2765800448.00
20231013,114.500,115.800,113.300,114.600,242562,2776296448.00
20231016,113.500,114.700,112.500,113.700,172927,1962833024.00
20231017,115.600,116.100,114.000,114.500,110894,1273251840.00
20231018,113.400,115.100,111.600,113.700,187466,2127905408.00
20231019,111.800,112.000,109.400,110.400,237211,2625242880.00
20231020,108.500,109.500,107.300,107.800,263010,2843346176.00
20231024,107.000,109.000,104.600,107.500,322090,3457946624.00
20231025,112.800,113.500,108.200,109.600,284109,3164119296.00
20231026,109.500,110.400,107.500,109.800,173633,1892096768.00
20231027,110.000,113.900,109.000,113.000,219656,2469991936.00
20231030,111.100,115.500,111.100,114.000,204709,2321411328.00
20231031,113.000,113.600,110.300,110.600,177289,1972835200.00
20231101,111.100,112.200,107.700,109.000,154374,1684697088.00
20231102,110.700,112.000,106.600,108.000,233635,2538715136.00
20231103,109.000,111.700,108.100,111.000,277576,3053321984.00
20231106,114.300,118.300,113.800,117.200,392769,4575492096.00
20231107,116.300,118.100,114.800,115.500,187532,2176480256.00
20231108,115.800,117.300,114.300,115.000,186913,2159846400.00
20231109,114.500,116.200,114.200,115.000,116297,1335612800.00
20231110,113.200,113.400,110.300,110.700,206027,2289474304.00
20231113,111.100,112.800,107.600,111.600,248894,2725796864.00
20231114,111.200,111.400,108.100,108.300,213435,2324106240.00
20231115,112.100,113.900,110.900,113.300,337973,3798175232.00
20231116,114.800,114.800,110.000,111.700,250491,2802683392.00
20231117,108.900,110.500,106.800,107.300,289685,3127409152.00
20231120,109.700,109.700,106.500,109.000,315878,3415395584.00
20231121,111.800,114.000,109.600,110.500,341641,3823918080.00
20231122,110.200,113.000,110.100,111.400,181060,2022276608.00
20231123,111.300,112.500,109.300,112.200,205319,2278510848.00
20231124,111.000,111.500,108.900,109.100,179371,1966444288.00
20231127,111.000,111.000,107.600,108.600,191627,2080585344.00
20231128,109.300,109.300,100.700,103.000,702957,7276217344.00
20231129,95.000,96.550,90.100,90.450,2074807,19228661760.00
20231130,88.000,92.300,88.000,90.600,645434,5855741952.00
20231201,90.150,90.500,85.350,87.900,1017184,8942552064.00
20231204,88.650,88.900,85.800,86.450,543269,4717649408.00
20231205,85.650,86.000,83.700,84.650,565770,4787764736.00
20231206,84.500,88.100,83.700,86.400,374264,3237105920.00
20231207,84.200,86.450,83.150,86.100,427298,3621101312.00
20231208,86.350,87.550,84.200,86.650,493762,4248423168.00
20231211,84.800,85.150,82.600,83.500,392846,3280992000.00
20231212,83.150,85.550,82.700,84.600,260965,2205511680.00
20231213,84.550,84.600,80.900,82.200,367053,3017125632.00
20231214,83.800,84.500,81.200,81.750,261377,2155794944.00
20231215,82.450,87.500,82.400,84.950,614299,5232089600.00
20231218,83.650,84.400,82.600,83.150,280024,2336267520.00
20231219,81.650,82.150,76.200,78.450,939560,7360310272.00
20231220,79.600,79.900,77.900,78.800,419432,3312016896.00
20231221,76.700,80.750,76.200,79.700,350846,2775508992.00
20231222,79.600,80.400,76.000,76.600,487749,3795366400.00
20231227,78.500,78.950,76.350,78.300,279570,2180841728.00
20231228,78.450,84.150,78.150,82.350,497322,4090014720.00
20231229,84.000,84.250,81.600,81.900,246139,2027953536.00
20240102,82.750,83.200,78.650,79.400,228970,1827567744.00
20240103,77.450,78.500,77.450,78.000,210740,1641476480.00
20240104,78.000,78.450,76.050,77.500,246092,1893588864.00
20240105,76.800,79.600,76.200,77.750,193207,1508628608.00
20240108,77.750,77.750,73.550,73.950,327228,2444756736.00
20240109,74.050,75.150,70.400,70.550,524004,3769345792.00
20240110,70.000,72.850,69.550,71.750,457336,3247483136.00
20240111,72.650,77.050,72.400,75.600,562597,4240718592.00
20240112,74.950,77.100,74.600,75.250,347519,2638802432.00
20240115,75.250,76.900,73.600,75.650,340930,2567162112.00
20240116,73.850,76.200,72.550,73.900,420215,3111564288.00
20240117,72.450,72.600,68.150,68.750,709993,4935025152.00
20240118,69.150,71.550,68.350,69.800,600416,4197259520.00
20240119,69.600,71.300,68.350,68.650,404005,2811285248.00
20240122,68.600,68.650,64.300,65.400,610899,3999909632.00
20240123,65.650,69.400,63.450,66.300,658945,4422394368.00
20240124,69.150,70.750,67.300,70.300,610212,4213806848.00
20240125,70.300,70.500,67.300,69.400,447470,3100323072.00
20240126,68.500,68.750,66.050,66.700,372081,2499933184.00
20240129,67.350,68.300,65.550,67.300,277972,1860351360.00
20240130,66.000,66.600,65.050,65.400,289528,1902429056.00
20240131,65.150,65.400,61.900,62.550,414107,2609416704.00
20240201,62.950,65.900,62.550,64.100,319043,2050207872.00
20240202,67.000,67.000,62.850,63.250,355267,2291971328.00
20240205,61.200,66.750,61.100,65.050,446221,2891241728.00
20240206,64.700,69.550,64.700,69.250,575672,3944646400.00
20240207,70.300,72.450,67.750,68.250,477952,3343770624.00
20240208,68.150,69.850,67.200,68.150,297553,2036247552.00
20240209,67.100,68.250,66.250,67.300,72188,484615744.00
20240214,66.800,71.350,66.100,71.100,263591,1839674112.00
20240215,70.800,72.200,69.950,71.350,210966,1499196800.00
20240216,72.500,75.000,70.850,74.650,311114,2291511296.00
20240219,75.000,75.000,70.400,72.750,395245,2874967808.00
20240220,73.750,74.400,71.700,73.400,211636,1544770560.00
20240221,73.000,79.150,72.600,77.000,620865,4810780672.00
20240222,78.250,79.900,75.800,79.750,418877,3281342720.00
20240223,80.000,81.950,79.500,81.500,498869,4046818560.00
20240226,81.500,83.000,80.650,81.150,307219,2508527872.00
20240227,80.800,82.000,77.400,81.650,462284,3681419008.00
20240228,81.650,82.300,78.200,78.350,398050,3171654912.00
20240229,77.500,80.850,77.150,79.800,455962,3619018752.00
20240301,79.000,88.700,78.200,88.400,1128238,9675009024.00
20240304,90.000,92.400,87.450,91.500,805102,7285367808.00
20240305,89.550,90.200,85.700,86.350,545491,4767902208.00
20240306,86.450,90.750,85.800,88.700,442200,3912789504.00
20240307,89.750,90.150,82.450,85.400,551209,4754703872.00
20240308,84.950,87.850,84.400,84.700,257323,2202102528.00
20240311,86.050,90.100,85.900,89.200,327845,2920610304.00
20240312,91.000,94.450,88.450,93.400,658435,6075380224.00
20240313,94.300,95.500,92.850,94.350,520816,4926957056.00
20240314,94.500,96.000,91.800,92.900,296984,2769907456.00
20240315,90.900,91.300,87.100,89.400,605989,5389438464.00
20240318,89.400,91.850,88.300,90.400,300065,2707371008.00
20240319,89.900,90.350,87.300,89.200,225264,2006912128.00
20240320,89.200,89.800,86.600,88.800,236664,2097991424.00
20240321,90.000,93.400,90.000,92.300,374447,3453142784.00
20240322,91.650,91.850,86.250,88.250,405904,3592173312.00
20240325,92.650,96.800,92.350,93.300,870572,8234110976.00
20240326,95.650,95.850,92.050,93.400,360357,3363026944.00
20240327,91.500,93.400,90.400,91.100,327979,3005241344.00
20240328,91.100,99.250,91.100,96.800,682255,6568309760.00
20240402,99.800,101.800,98.900,101.400,479012,4817315840.00
20240403,102.900,102.900,98.300,98.950,258205,2579984896.00
20240405,99.000,101.200,96.650,100.400,231135,2296765696.00
20240408,99.000,100.700,97.550,99.400,237246,2351195648.00
20240409,99.950,102.300,99.200,99.700,202657,2029661056.00
20240410,100.500,104.900,99.650,103.800,362644,3738261760.00
20240411,100.600,105.700,100.600,104.500,299682,3118810368.00
20240412,103.700,104.600,102.000,102.100,253366,2613400576.00
20240415,100.200,102.100,99.050,101.600,236911,2389285120.00
20240416,99.450,101.500,97.700,98.700,325709,3230315264.00
20240417,100.000,100.800,96.300,97.550,233417,2279773952.00
20240418,97.550,98.500,94.900,97.750,254340,2470330880.00
20240419,94.900,95.500,92.400,95.300,437577,4120639744.00
20240422,97.700,101.400,96.350,100.600,340327,3405984768.00
20240423,102.600,108.800,102.000,108.600,673299,7170784768.00
20240424,109.900,113.600,108.200,113.600,751200,8373420544.00
20240425,113.600,113.600,109.900,111.500,416075,4643246080.00
20240426,113.000,117.500,111.300,115.600,582441,6735121920.00
20240429,115.600,116.000,110.400,111.400,589472,6658411520.00
20240430,112.900,113.300,109.400,109.500,313522,3450741504.00
20240502,111.500,119.900,109.600,119.100,543496,6385335808.00
20240503,120.600,122.900,116.400,119.700,472715,5635507712.00
20240506,120.000,120.600,117.200,120.300,490355,5837528576.00
20240507,120.000,120.000,114.800,115.500,420020,4886405632.00
20240508,115.900,118.600,113.200,113.500,305807,3518075136.00
20240509,113.500,118.900,113.400,117.900,381086,4467182080.00
20240510,119.600,119.700,116.100,118.600,273271,3231430912.00
20240513,117.100,123.200,116.200,122.300,352004,4264871680.00
20240514,124.100,125.900,121.800,121.900,382886,4729602048.00
20240516,126.000,128.000,122.300,125.600,427014,5361179136.00
20240517,127.800,129.200,124.300,125.000,317042,3990908672.00
20240520,125.000,126.600,121.400,124.000,289824,3577638656.00
20240521,122.000,123.200,120.100,121.400,297103,3605942016.00
20240522,122.100,122.500,119.200,120.600,195620,2368178176.00
20240523,120.100,120.500,117.600,119.500,246994,2948631552.00
20240524,118.100,118.900,115.100,116.300,263061,3062809088.00
20240527,116.300,119.800,114.000,118.700,213892,2510379520.00
20240528,118.600,121.400,117.500,119.000,158353,1888007680.00
20240529,116.500,117.700,111.900,112.700,415759,4734954496.00
20240530,112.700,114.000,107.700,108.900,491157,5401911296.00
20240531,110.900,112.500,104.200,105.100,706866,7572884480.00
20240603,107.400,110.400,106.400,109.000,322633,3498362880.00
20240604,109.000,115.000,108.600,113.500,366685,4140344576.00
20240605,113.500,116.000,111.500,112.600,286297,3248138496.00
20240606,114.400,116.000,111.000,112.700,373027,4207164672.00
20240607,115.000,115.000,109.800,110.400,736050,8195250688.00
20240611,108.000,116.600,107.000,115.300,728407,8224382464.00
20240612,115.000,116.700,112.500,112.600,333379,3795113216.00
20240613,114.400,116.900,112.300,116.700,377115,4334135808.00
20240614,116.700,118.000,113.800,114.700,379412,4379252224.00
20240617,114.000,117.700,112.400,116.800,288622,3355085312.00
20240618,118.000,118.900,114.500,115.000,280721,3255753216.00
20240619,116.700,121.900,115.000,121.400,356961,4256860160.00
20240620,122.000,122.400,118.900,119.900,209248,2511556864.00
20240621,119.700,121.000,114.000,116.200,405765,4726048256.00
20240624,113.800,115.800,112.400,115.400,260375,2968914432.00
20240625,116.200,119.000,115.500,116.800,246264,2885281024.00
20240626,115.000,117.500,114.200,117.000,180981,2104004480.00
20240627,115.500,116.700,112.600,113.700,275289,3140285696.00
20240628,111.500,114.300,110.600,111.100,285121,3186119424.00
20240702,111.400,113.300,108.600,112.200,274430,3060537344.00
20240703,114.300,117.400,112.500,117.100,312449,3605672704.00
20240704,119.900,121.600,118.800,119.700,358348,4298962432.00
20240705,119.700,121.000,117.700,119.100,234408,2797408000.00
20240708,118.700,118.900,116.300,117.000,174306,2044743680.00
20240709,115.300,115.900,112.500,114.700,329861,3770374656.00
20240710,116.200,118.900,114.600,114.900,307896,3591160832.00
20240711,115.800,117.700,114.800,116.100,252708,2930613760.00
20240712,119.100,122.300,118.000,121.800,427467,5156390400.00
20240715,119.900,121.600,118.700,119.100,205339,2456932096.00
20240716,117.600,118.800,116.600,117.500,187141,2202057216.00
20240717,117.500,120.500,116.000,119.100,232230,2757051904.00
20240718,117.100,120.400,116.800,119.400,221160,2630887424.00
20240719,118.100,119.300,117.100,117.500,296885,3505940992.00
20240722,118.900,121.900,118.500,121.300,306620,3695238144.00
20240723,121.100,121.400,117.200,118.100,287621,3414508032.00
20240724,118.100,118.300,111.500,113.300,429473,4894942208.00
20240725,110.600,111.600,106.200,107.100,524014,5647884800.00
20240726,108.500,108.700,105.100,107.600,271489,2909993728.00
20240729,109.300,110.500,107.700,108.400,171369,1869939456.00
20240730,108.600,108.600,105.800,106.400,179551,1911911424.00
20240731,106.700,110.300,106.000,109.300,217118,2364092928.00
20240801,108.100,111.200,108.100,109.200,152753,1674418048.00
20240802,107.800,107.800,100.700,104.000,403651,4182048000.00
20240805,102.800,107.600,101.400,106.800,417407,4410792960.00
20240806,109.100,109.900,105.600,105.600,248084,2650800896.00
20240807,106.200,108.300,105.100,106.000,203833,2171777280.00
20240808,104.500,107.200,102.800,104.600,253104,2654022144.00
20240809,106.200,108.500,105.600,106.200,196330,2098894976.00
20240812,105.900,106.700,101.900,104.000,220284,2280099072.00
20240813,104.000,105.300,101.300,103.400,247731,2548731904.00
20240814,104.600,104.600,101.300,102.100,148853,1523251328.00
20240815,101.900,104.400,100.100,102.400,230162,2349924352.00
20240816,104.000,108.300,103.800,107.700,372614,3964523520.00
20240819,109.800,110.400,108.200,108.700,171884,1873853184.00
20240820,110.000,110.200,107.500,108.100,146697,1593032576.00
20240821,105.500,108.800,105.200,107.700,153498,1650830976.00
20240822,109.100,109.300,105.300,109.000,180840,1943392896.00
20240823,107.200,107.900,106.300,107.500,166798,1787522432.00
20240826,108.500,111.000,108.000,109.000,187547,2047842944.00
20240827,106.000,107.000,103.000,106.200,427383,4505374208.00
20240828,104.800,105.500,101.600,102.800,438552,4530180096.00
20240829,110.000,116.500,108.200,115.700,888807,10003663872.00
20240830,116.900,121.900,116.000,118.200,748864,8934571008.00
20240902,118.500,119.300,115.800,116.300,272171,3193465344.00
20240903,116.700,119.400,116.400,118.900,196167,2322804224.00
20240904,118.900,120.400,117.000,119.200,275210,3271849728.00
20240905,119.200,120.900,117.800,119.300,249727,2975224832.00
20240909,118.300,120.200,117.200,118.600,381879,4524753408.00
20240910,119.400,119.800,116.900,118.900,218387,2592759552.00
20240911,116.700,119.900,116.700,119.400,230220,2736485120.00
20240912,120.900,124.900,119.900,122.300,412488,5079727616.00
20240913,123.600,126.000,122.600,123.000,285742,3551542272.00
20240916,123.200,127.000,122.200,126.500,213362,2683847424.00
20240917,126.700,128.900,126.200,128.600,176219,2260390400.00
20240919,128.800,134.700,127.700,133.800,539196,7110994432.00
20240920,135.600,138.100,133.800,135.900,602411,8174574080.00
20240923,135.800,138.300,131.300,132.800,379341,5072962048.00
20240924,136.800,139.900,134.900,139.800,583119,8067173888.00
20240925,147.200,148.000,139.700,141.300,752941,10765690880.00
20240926,143.800,153.300,142.600,152.200,842408,12505740288.00
20240927,160.000,170.000,159.600,164.600,1272354,20835344384.00
20240930,176.400,178.000,167.600,172.000,1028483,17708900352.00
20241002,178.000,201.400,178.000,197.200,1110326,21390913536.00
20241003,198.000,209.800,189.000,205.000,780892,15514924032.00
20241004,199.900,213.800,197.300,213.400,720285,14933099520.00
20241007,212.000,217.000,206.200,213.200,507095,10783014912.00
20241008,204.800,207.600,177.700,180.200,1290611,24708532224.00
20241009,189.400,198.400,175.300,184.400,1082187,20178268160.00
20241010,193.200,200.000,189.700,193.700,687110,13354745856.00
20241014,189.900,190.800,177.800,183.600,623456,11495666688.00
20241015,182.800,185.400,168.400,170.800,696358,12129061888.00
20241016,170.000,177.600,167.100,173.200,482022,8374349824.00
20241017,176.700,180.300,168.400,170.200,370928,6452344320.00
20241018,170.100,187.800,170.000,185.400,556800,10037683200.00
20241021,182.300,187.300,179.100,181.200,322490,5903474688.00
20241022,181.200,188.600,180.500,184.800,259498,4789199872.00
20241023,187.300,197.500,186.200,194.900,451490,8764179456.00
20241024,190.600,194.200,186.500,187.000,291575,5525835264.00
20241025,186.500,189.800,182.600,184.900,248378,4617209344.00
20241028,185.900,189.000,183.700,185.200,196195,3642555392.00
20241029,189.200,192.900,186.900,189.300,326601,6204712960.00
20241030,186.500,190.200,182.600,184.700,251490,4659105280.00
20241031,185.400,186.400,182.300,182.500,186306,3425203200.00
20241101,186.400,190.400,184.600,187.600,215072,4035753984.00
20241104,188.000,190.400,185.000,187.700,140334,2631009792.00
20241105,184.400,193.900,184.400,193.800,283959,5386756096.00
20241106,191.000,193.000,183.300,189.300,380939,7161648128.00
20241107,188.000,200.400,186.100,199.900,422553,8287126528.00
20241108,203.000,205.400,190.400,191.800,394493,7708008960.00
20241111,185.000,187.100,181.300,185.600,391591,7202967040.00
20241112,182.800,184.800,171.800,175.700,605209,10711866368.00
20241113,173.000,175.600,168.600,175.400,361523,6238892544.00
20241114,171.000,177.800,168.100,169.300,334123,5715455488.00
20241115,171.000,174.000,166.600,169.600,264863,4513609216.00
20241118,171.000,173.000,166.700,169.000,282056,4784863744.00
20241119,169.100,172.600,167.200,171.900,260593,4430973440.00
20241120,171.900,176.000,170.900,174.800,234927,4078124800.00
20241121,174.800,175.900,172.100,172.700,141041,2450838272.00
20241122,172.500,174.400,165.100,167.100,257313,4333002240.00
20241125,165.900,168.200,158.200,162.000,549359,8902161408.00
20241126,161.000,168.600,160.200,164.300,257977,4255800320.00
20241127,165.800,176.800,163.700,176.200,417368,7166659584.00
20241128,176.900,176.900,170.700,172.200,242522,4190326272.00
20241129,171.100,177.000,165.200,168.700,403569,6881048064.00
数据来源:通达信
