09988 阿里巴巴－Ｗ 日线 后复权
      日期	    开盘	    最高	    最低	    收盘	    成交量	    成交额
20191126,187.000,189.500,187.000,187.600,745496,13996289024.00
20191127,190.000,195.300,189.300,193.200,536172,10354263040.00
20191128,197.000,204.200,196.900,204.000,418168,8369009152.00
20191129,204.000,204.800,197.500,198.400,365095,7303350784.00
20191202,198.000,198.900,194.000,195.500,265923,5215712768.00
20191203,191.700,194.200,190.400,192.600,199119,3833266944.00
20191204,190.000,191.600,188.500,189.000,192763,3662461952.00
20191205,191.400,193.800,190.900,192.400,179326,3449251072.00
20191206,196.100,198.100,195.400,197.500,192058,3786161664.00
20191209,197.000,198.300,196.000,196.600,85581,1684030848.00
20191210,195.000,196.500,193.700,195.400,66399,1297729280.00
20191211,196.200,198.400,195.400,197.600,65344,1289656832.00
20191212,199.600,201.200,199.600,200.200,88253,1767082496.00
20191213,202.800,203.000,199.400,202.000,185766,3730374656.00
20191216,201.600,202.800,200.000,201.000,66166,1332865536.00
20191217,203.200,205.800,202.200,203.800,112252,2289954304.00
20191218,203.800,203.800,201.600,202.600,81796,1656570112.00
20191219,204.000,205.400,202.600,204.800,75254,1535639936.00
20191220,205.000,208.400,204.800,207.000,168048,3479252224.00
20191223,209.000,210.200,207.800,208.400,98929,2067031168.00
20191224,209.800,211.000,209.000,210.400,77704,1632437760.00
20191227,211.000,213.600,210.800,212.800,107748,2294376704.00
20191230,211.000,212.000,210.400,210.600,99709,2104804224.00
20191231,207.800,208.200,206.200,207.200,88131,1824229120.00
20200102,208.000,211.000,208.000,210.000,95167,1999240704.00
20200103,215.000,215.000,211.200,212.000,113071,2407183872.00
20200106,211.000,211.800,209.200,211.000,113034,2381117952.00
20200107,211.800,214.000,211.600,212.600,116766,2486593024.00
20200108,210.000,211.600,207.800,210.800,150956,3163855872.00
20200109,214.000,215.800,213.200,215.600,122614,2629511424.00
20200110,216.600,219.000,216.400,218.000,118602,2585804288.00
20200113,219.800,224.600,219.600,222.800,176923,3930617344.00
20200114,225.000,227.400,222.800,223.600,167845,3771478016.00
20200115,220.200,221.600,218.200,220.800,217352,4780256256.00
20200116,219.400,220.600,218.600,219.400,129937,2850034176.00
20200117,218.800,221.200,216.200,220.400,212454,4647553024.00
20200120,221.000,222.800,220.200,220.200,112299,2488900608.00
20200121,218.000,219.000,214.600,215.800,202417,4381192704.00
20200122,215.800,219.800,212.400,218.400,146325,3181729792.00
20200123,216.000,216.800,212.200,213.400,160134,3428513024.00
20200124,213.400,215.400,211.800,214.600,75839,1624461440.00
20200129,205.800,209.600,205.600,207.400,249469,5186071552.00
20200130,207.200,207.200,199.800,201.800,264170,5340558848.00
20200131,204.800,204.800,199.600,200.400,182577,3674404352.00
20200203,201.200,206.000,200.000,205.000,237843,4857391616.00
20200204,208.400,214.800,207.200,213.200,250357,5308523520.00
20200205,215.600,218.600,214.000,215.600,239750,5184839168.00
20200206,215.200,219.200,213.800,217.400,187771,4076443392.00
20200207,215.000,216.200,214.200,215.400,142233,3062984448.00
20200210,211.200,214.800,211.200,212.600,234322,4986099200.00
20200211,211.800,213.600,207.200,212.200,293767,6218579968.00
20200212,212.000,215.800,210.200,215.000,244024,5221494272.00
20200213,217.400,218.000,215.000,217.200,205475,4451042816.00
20200214,214.400,217.000,213.800,215.000,159261,3434147328.00
20200217,214.400,217.800,213.400,217.400,155311,3362598400.00
20200218,215.800,216.000,213.400,214.000,131772,2824341504.00
20200219,214.600,216.800,214.000,214.000,101792,2189766144.00
20200220,216.800,216.800,213.800,215.600,127286,2737328640.00
20200221,213.000,214.000,212.000,212.600,151068,3217183744.00
20200224,206.400,207.600,205.000,205.200,308530,6358341632.00
20200225,203.400,207.400,203.000,206.600,234657,4821242368.00
20200226,201.800,204.400,201.000,203.000,290150,5890163712.00
20200227,203.000,205.600,201.400,205.200,233979,4750201344.00
20200228,200.600,202.000,199.500,200.000,388170,7774082560.00
20200302,201.200,205.000,200.600,204.600,170045,3458226432.00
20200303,206.200,206.600,202.400,203.200,191564,3925179648.00
20200304,203.000,203.200,200.600,202.200,145534,2941426432.00
20200305,205.200,208.200,204.000,207.200,193433,3991385856.00
20200306,205.000,205.200,202.800,203.800,127345,2594124288.00
20200309,193.500,198.500,193.500,193.500,569369,11126651904.00
20200310,197.000,201.000,193.600,199.300,285694,5659658240.00
20200311,200.000,200.400,196.700,197.000,178602,3541241088.00
20200312,192.000,192.200,187.200,188.800,418421,7939492864.00
20200313,178.800,194.000,177.000,191.700,532924,9826000896.00
20200316,185.000,185.100,178.000,179.300,472074,8574737408.00
20200317,182.000,185.900,175.000,183.200,368722,6637652992.00
20200318,177.800,181.800,172.800,173.000,586040,10381442048.00
20200319,176.100,176.500,167.600,174.000,345995,5958311424.00
20200320,177.000,183.000,177.000,183.000,278992,5018390528.00
20200323,172.500,176.900,170.000,170.000,375351,6480079360.00
20200324,173.700,175.000,170.200,174.500,267296,4628112384.00
20200325,181.000,181.700,177.800,179.700,280121,5027744256.00
20200326,181.000,182.400,178.300,180.900,178167,3220118272.00
20200327,186.000,186.000,182.900,183.900,239225,4412411392.00
20200330,180.200,182.100,177.500,180.300,181295,3260759296.00
20200331,185.200,185.700,182.700,183.400,135981,2501430784.00
20200401,185.400,187.400,181.100,184.000,228148,4214464768.00
20200402,183.200,186.500,182.200,186.000,123049,2277644544.00
20200403,183.500,184.900,182.600,183.700,92905,1705499904.00
20200406,186.000,189.700,185.200,188.600,182536,3431759104.00
20200407,191.500,191.700,188.500,191.500,163819,3115543808.00
20200408,189.400,191.500,189.000,190.100,91801,1744973696.00
20200409,191.300,191.900,189.300,191.700,131619,2510374912.00
20200414,194.000,198.000,194.000,197.000,182330,3585102080.00
20200415,199.000,201.200,196.800,197.900,207225,4136143104.00
20200416,200.000,202.800,199.900,202.800,198181,3987061760.00
20200417,210.000,211.800,206.200,207.600,333978,6970854400.00
20200420,205.400,207.600,203.400,205.800,228754,4707381760.00
20200421,207.000,207.800,200.600,204.200,177788,3617091072.00
20200422,201.000,206.600,200.600,205.600,129627,2647113728.00
20200423,204.400,205.200,202.400,204.400,163592,3336824064.00
20200424,198.600,200.600,197.300,198.000,239662,4761095680.00
20200427,198.500,202.400,198.500,200.600,139369,2796341248.00
20200428,198.000,199.200,196.300,199.000,199448,3951672064.00
20200429,196.500,197.900,196.500,197.000,148501,2927529472.00
20200504,189.800,189.900,188.200,189.700,269036,5093926912.00
20200505,187.700,189.200,186.900,188.500,271104,5096036352.00
20200506,189.900,195.600,189.500,193.600,230229,4446537216.00
20200507,189.900,190.900,189.500,190.500,205069,3901364992.00
20200508,192.500,194.800,191.600,193.400,178516,3456453376.00
20200511,196.900,199.500,196.500,198.700,198393,3937522944.00
20200512,198.900,199.700,197.200,199.700,140373,2790595328.00
20200513,195.500,197.400,194.300,196.300,260745,5112304640.00
20200514,194.500,195.900,194.100,194.500,192489,3749540608.00
20200515,195.000,197.100,194.100,196.900,166728,3267430656.00
20200518,198.300,203.000,197.400,203.000,268189,5405898752.00
20200519,210.000,211.800,205.600,209.800,453083,9454818304.00
20200520,211.000,211.600,208.600,211.000,225334,4735067648.00
20200521,209.400,209.600,205.600,206.200,232716,4822053888.00
20200522,205.000,205.000,196.000,198.200,402266,8012204032.00
20200525,193.700,199.600,190.300,198.200,401031,7821603328.00
20200526,200.000,203.200,200.000,201.000,268349,5416027648.00
20200527,198.900,199.600,196.100,197.300,331364,6548476928.00
20200528,195.400,196.500,191.500,193.500,309191,6005725696.00
20200529,193.000,196.300,192.000,194.300,194592,3787995392.00
20200601,200.000,204.000,200.000,202.800,268262,5433910784.00
20200602,201.600,201.800,199.500,200.000,228181,4574799360.00
20200603,208.000,209.800,206.800,209.600,387943,8085784576.00
20200604,213.000,213.000,207.400,211.000,228603,4803200512.00
20200605,212.000,213.600,209.400,212.200,224153,4747813376.00
20200608,214.600,214.600,210.800,212.400,179925,3820890368.00
20200609,212.800,214.600,211.600,212.400,230634,4923939840.00
20200610,214.200,216.800,213.800,215.600,190389,4106914048.00
20200611,218.000,220.600,211.800,213.000,330366,7170604544.00
20200612,208.200,214.000,207.400,212.000,250585,5304963072.00
20200615,209.800,212.400,205.400,206.800,317161,6621761024.00
20200616,211.200,214.400,211.000,213.200,180392,3843338496.00
20200617,216.000,218.400,214.200,217.800,213857,4641106432.00
20200618,218.800,218.800,215.200,217.800,161690,3508457472.00
20200619,217.000,219.800,216.200,219.000,272959,5963502592.00
20200622,216.200,216.200,212.600,213.000,281666,6034961408.00
20200623,216.000,220.000,212.000,220.000,402903,8751728640.00
20200624,222.800,224.800,221.400,221.400,302076,6733812736.00
20200626,217.000,217.000,214.400,214.600,331589,7148083712.00
20200629,211.000,211.600,208.600,209.400,338240,7101464064.00
20200630,210.600,212.200,208.400,209.600,241719,5079256576.00
20200702,211.800,215.000,210.200,214.400,310182,6615651328.00
20200703,220.000,221.400,217.200,220.800,312337,6866483712.00
20200706,224.000,226.800,223.000,225.400,424896,9565812736.00
20200707,233.200,239.000,232.000,232.400,465858,10976670720.00
20200708,231.000,238.600,231.000,237.800,318834,7525714432.00
20200709,254.800,263.800,252.000,261.600,616903,15896898560.00
20200710,257.000,262.000,253.000,255.400,445192,11429207040.00
20200713,254.000,258.400,251.200,254.400,309797,7896896512.00
20200714,244.400,246.400,238.400,240.400,536470,12924583936.00
20200715,244.000,245.200,239.000,243.400,231312,5619625984.00
20200716,242.800,242.800,231.600,233.200,342820,8078912000.00
20200717,235.400,240.600,233.400,238.800,202242,4824925696.00
20200720,238.000,241.800,235.200,239.600,113537,2722802176.00
20200721,251.800,257.600,250.800,257.000,451855,11501209600.00
20200722,251.400,254.800,247.600,248.000,365037,9180126208.00
20200723,245.000,248.000,242.000,246.600,311839,7670622208.00
20200724,244.200,244.400,237.200,239.000,274708,6595339264.00
20200727,240.800,244.200,235.600,239.000,182438,4369420288.00
20200728,244.000,245.600,242.800,244.600,146744,3588968960.00
20200729,242.200,244.000,241.200,243.000,105498,2560835328.00
20200730,246.000,249.600,243.400,244.800,217151,5362170368.00
20200731,249.000,249.000,245.000,246.000,146879,3628135168.00
20200803,244.800,246.600,243.400,245.600,182743,4483790336.00
20200804,250.800,255.000,250.400,253.800,249146,6311001600.00
20200805,255.800,256.000,252.000,255.800,181161,4617249792.00
20200806,257.000,257.800,253.200,257.000,159669,4079735808.00
20200807,256.000,256.200,240.600,249.200,362376,8999484416.00
20200810,244.800,244.800,240.400,242.400,260399,6316686848.00
20200811,242.000,246.800,241.600,244.000,167024,4081411584.00
20200812,242.200,244.600,238.000,243.400,157969,3817896192.00
20200813,247.800,251.000,246.200,248.200,124892,3101672704.00
20200814,246.200,248.800,244.400,246.800,126079,3113579776.00
20200817,242.600,246.600,241.200,242.800,208531,5079606272.00
20200818,249.400,252.600,247.600,252.000,231588,5792981504.00
20200819,252.000,256.000,251.000,255.400,152272,3875288576.00
20200820,254.000,255.800,250.400,255.000,228815,5796326912.00
20200821,251.800,258.600,250.600,252.800,320793,8158819840.00
20200824,261.000,266.000,259.200,264.400,434888,11431949312.00
20200825,270.000,274.400,266.600,269.200,307081,8315663872.00
20200826,279.800,280.400,276.800,280.400,319493,8913610752.00
20200827,282.600,284.000,278.000,280.600,280725,7901575680.00
20200828,277.000,279.600,275.200,277.000,295423,8204485120.00
20200831,282.800,287.600,281.000,282.800,269334,7672606208.00
20200901,279.000,285.400,278.200,282.800,242072,6827407360.00
20200902,290.000,292.000,287.400,291.200,246620,7149829120.00
20200903,287.800,289.200,283.400,284.200,289879,8292936192.00
20200904,268.000,275.400,265.200,274.000,788618,21490059264.00
20200907,271.200,274.600,265.400,265.600,474936,12878181376.00
20200908,270.000,271.800,262.200,269.600,276087,7384452096.00
20200909,262.000,264.600,258.600,263.200,270667,7086767104.00
20200910,266.800,268.000,262.000,262.600,255318,6781491200.00
20200911,263.400,267.000,260.800,266.000,207577,5483130880.00
20200914,266.800,268.600,264.000,268.200,160637,4291080960.00
20200915,268.000,269.600,266.200,267.400,196665,5271527424.00
20200916,269.800,273.000,269.200,273.000,209271,5679417856.00
20200917,270.800,271.600,265.600,267.800,193649,5187765248.00
20200918,266.600,269.600,264.400,269.600,209356,5608151552.00
20200921,267.000,268.200,262.000,262.000,209300,5559122944.00
20200922,267.000,267.000,262.400,264.800,163720,4341925888.00
20200923,266.800,269.200,264.800,267.000,202969,5436695040.00
20200924,264.000,265.400,261.000,261.000,164629,4320316928.00
20200925,264.400,264.400,255.400,258.000,153197,3979295232.00
20200928,262.000,264.600,261.200,263.400,118187,3114019072.00
20200929,268.200,270.000,265.400,265.400,166079,4451842048.00
20200930,269.400,276.000,268.800,275.600,353252,9671374848.00
20201005,285.000,285.000,278.600,282.000,252331,7104519680.00
20201006,279.800,281.200,277.400,280.000,180230,5042914816.00
20201007,283.800,289.000,282.600,288.200,215557,6180850688.00
20201008,289.800,289.800,285.200,289.600,171751,4950003200.00
20201009,291.000,293.000,283.800,286.200,222095,6415637504.00
20201012,288.000,293.000,287.600,292.000,152128,4435100160.00
20201014,298.000,298.000,294.600,297.600,276404,8197627904.00
20201015,290.400,291.000,284.200,284.800,268711,7735200256.00
20201016,290.000,294.000,288.800,294.000,185812,5427453952.00
20201019,298.200,299.400,295.400,297.200,197044,5859766272.00
20201020,297.800,300.400,296.200,299.400,194480,5810053120.00
20201021,300.000,303.800,299.200,300.200,174397,5247409152.00
20201022,298.600,301.600,297.000,300.000,143811,4311092224.00
20201023,297.800,300.400,297.000,298.000,150744,4499506688.00
20201027,296.600,300.600,294.200,300.000,182853,5447408640.00
20201028,304.400,309.400,304.200,307.400,278472,8559878656.00
20201029,300.000,305.600,299.000,302.600,240707,7283181056.00
20201030,301.000,303.000,292.600,293.200,268536,7981680640.00
20201102,298.400,298.400,291.400,297.800,183714,5429222912.00
20201103,300.400,301.600,299.000,299.800,172603,5177455104.00
20201104,272.000,282.000,272.000,277.200,1011739,28120209408.00
20201105,285.600,294.600,285.600,294.600,425937,12378946560.00
20201106,282.800,289.800,282.000,282.000,523730,14888843264.00
20201109,291.400,293.000,289.400,290.200,357941,10404586496.00
20201110,283.400,283.800,273.000,275.400,638557,17801275392.00
20201111,255.000,258.800,248.400,248.400,1166863,29589260288.00
20201112,257.800,258.600,252.200,253.000,547715,13952038912.00
20201113,258.600,260.000,252.400,257.000,420111,10763227136.00
20201116,253.400,254.600,245.000,254.000,404957,10134007808.00
20201117,255.000,255.600,249.800,249.800,277314,6983949824.00
20201118,251.000,252.000,247.600,250.000,211907,5298100224.00
20201119,250.000,250.000,245.000,245.200,195590,4824224256.00
20201120,251.000,255.000,249.200,253.000,249690,6315915264.00
20201123,263.200,266.200,260.600,264.000,448923,11848364032.00
20201124,273.000,274.600,267.800,270.000,414004,11226366976.00
20201125,274.800,275.000,264.600,267.000,279821,7535209984.00
20201126,270.000,271.800,267.200,269.000,185396,4994668032.00
20201127,271.000,271.000,267.200,269.600,115751,3115603456.00
20201130,264.000,264.800,258.600,261.400,194537,5075038720.00
20201201,256.800,259.600,254.600,257.200,196229,5041333248.00
20201202,257.000,257.200,254.000,255.200,175186,4478535680.00
20201203,255.200,258.400,254.600,257.400,143749,3693312256.00
20201204,259.000,266.600,258.400,264.000,280415,7385524224.00
20201207,261.000,261.200,255.000,258.000,160218,4132888576.00
20201208,257.000,259.200,255.400,258.000,117817,3034744832.00
20201209,262.000,262.800,259.400,260.800,170243,4449527296.00
20201210,255.600,256.200,253.000,255.400,213169,5438671872.00
20201211,259.000,260.600,257.000,258.400,125672,3253601280.00
20201214,258.800,258.800,250.000,251.600,226559,5729615360.00
20201215,250.000,250.000,245.000,246.000,279693,6886327296.00
20201216,248.800,252.400,246.800,251.000,162792,4076138496.00
20201217,255.400,258.000,254.400,258.000,181341,4647504896.00
20201218,257.400,257.400,252.600,255.600,239439,6105692160.00
20201221,255.000,255.000,248.400,250.000,143140,3601283584.00
20201222,252.000,252.200,247.600,248.800,125199,3121808384.00
20201223,249.200,249.800,245.200,248.400,151893,3760136192.00
20201224,240.000,240.000,226.200,228.200,691735,15959593984.00
20201228,219.400,219.800,207.200,210.000,1044268,22291605504.00
20201229,216.200,225.000,216.200,222.000,427041,9455648768.00
20201230,229.800,236.400,229.400,236.200,404308,9470326784.00
20201231,233.000,233.000,229.000,232.600,155767,3603968768.00
20210104,224.800,228.600,223.400,227.600,279077,6309315072.00
20210105,220.000,224.200,219.200,223.000,350613,7765443072.00
20210106,228.000,232.600,227.800,230.000,314625,7246449152.00
20210107,221.000,221.800,216.400,221.000,473624,10400577536.00
20210108,223.400,226.400,219.600,224.200,298809,6686597632.00
20210111,227.200,230.400,220.000,221.000,492190,11073012736.00
20210112,221.000,221.000,217.200,220.000,367737,8063156736.00
20210113,221.600,225.600,221.000,223.800,255213,5704300544.00
20210114,231.800,235.400,229.400,235.000,561022,13089970176.00
20210115,238.000,244.200,236.200,241.000,567240,13633875968.00
20210118,238.600,243.600,236.600,242.000,284597,6862396928.00
20210119,245.000,248.800,242.200,244.200,357285,8764559360.00
20210120,245.200,270.000,244.400,265.000,1052832,27424669696.00
20210121,259.600,262.600,255.200,258.600,520140,13453227008.00
20210122,252.400,253.400,247.200,250.600,399600,10005167104.00
20210125,252.600,262.800,251.000,258.000,477926,12345861120.00
20210126,255.400,256.000,252.200,253.400,333178,8464356352.00
20210127,261.800,263.200,255.200,260.000,346849,9026580480.00
20210128,252.800,257.600,250.400,251.600,347402,8786240512.00
20210129,251.600,254.000,242.000,246.800,348661,8617470976.00
20210201,246.000,252.000,245.000,251.200,276117,6872671744.00
20210202,260.000,261.400,255.800,260.000,357937,9290979328.00
20210203,249.800,266.000,247.200,261.000,584949,14797214720.00
20210204,260.800,267.400,257.400,262.200,722526,18961248256.00
20210205,259.800,261.400,256.400,258.000,307387,7966043648.00
20210208,259.600,262.400,255.400,256.400,148615,3834836736.00
20210209,255.800,257.400,253.000,255.400,215346,5484390912.00
20210210,258.600,263.000,257.400,262.000,289524,7556389888.00
20210211,261.000,262.000,257.600,261.000,135766,3527164672.00
20210216,264.800,266.000,263.200,264.200,354904,9359590400.00
20210217,263.400,269.400,262.200,267.000,369313,9850584064.00
20210218,263.400,263.800,260.000,260.400,295080,7726722048.00
20210219,256.000,258.000,252.400,257.000,275375,7040845312.00
20210222,256.000,256.400,249.800,250.600,309235,7816051712.00
20210223,246.400,248.800,243.200,247.600,243708,6016334848.00
20210224,247.600,248.800,240.000,242.800,312098,7594054656.00
20210225,243.400,248.800,239.200,243.400,276012,6728205824.00
20210226,232.800,234.400,230.800,232.400,429715,10057304064.00
20210301,234.800,236.600,232.400,234.600,257810,6032556032.00
20210302,234.600,235.400,229.000,229.400,284383,6572875264.00
20210303,229.600,234.000,227.400,232.400,187445,4345926656.00
20210304,231.000,231.200,227.000,227.200,177563,4054006016.00
20210305,223.800,229.800,221.200,227.000,265601,6010215424.00
20210308,228.800,231.600,220.200,220.600,245405,5500393984.00
20210309,224.000,230.000,218.600,224.000,352497,7921617408.00
20210310,231.000,231.600,228.000,228.400,302928,6944357376.00
20210311,229.000,230.400,226.400,227.600,292288,6684606976.00
20210312,233.000,234.400,225.800,226.000,342315,7869147648.00
20210315,227.000,227.800,219.400,221.400,339081,7554639872.00
20210316,222.400,222.600,220.600,221.400,208680,4622070272.00
20210317,221.000,223.400,219.400,222.600,187190,4148452352.00
20210318,226.600,238.600,226.400,233.600,586218,13742631936.00
20210319,232.000,234.600,229.600,234.600,449148,10463878144.00
20210322,232.400,234.400,230.600,231.200,145083,3370902272.00
20210323,231.400,232.800,228.000,230.000,262188,6046866432.00
20210324,232.600,233.600,228.400,230.000,158119,3642246912.00
20210325,218.600,222.200,215.200,221.000,307832,6763730944.00
20210326,217.800,218.600,214.000,216.000,329769,7121903104.00
20210329,216.000,217.600,214.400,216.200,257045,5548199424.00
20210330,224.400,225.200,220.800,221.600,338486,7538783744.00
20210331,224.000,224.200,219.800,220.000,199468,4406987776.00
20210401,223.000,226.200,220.600,225.600,230253,5149546496.00
20210407,224.200,225.600,221.400,222.000,248852,5550632448.00
20210408,221.800,225.000,220.800,223.000,253376,5664406528.00
20210409,223.000,223.000,216.800,218.000,226996,4972340736.00
20210412,230.000,237.600,226.600,232.200,778351,18147041280.00
20210413,240.000,241.600,232.400,233.200,359519,8516950528.00
20210414,236.600,238.000,235.000,237.800,215265,5098805760.00
20210415,234.000,234.800,230.600,233.800,203244,4744676864.00
20210416,232.000,237.400,231.600,235.600,314917,7393840128.00
20210419,232.000,234.400,231.200,232.000,243516,5679238656.00
20210420,228.400,228.600,225.200,228.200,199857,4543898112.00
20210421,222.000,222.800,220.200,221.800,213386,4721783808.00
20210422,221.800,224.400,220.600,221.400,150205,3331485696.00
20210423,223.600,226.600,222.800,224.400,161975,3638145536.00
20210426,226.000,227.800,224.400,224.600,142075,3208412160.00
20210427,226.000,228.600,225.400,226.400,141007,3200336384.00
20210428,228.800,232.000,227.000,231.600,275383,6357138944.00
20210429,233.800,233.800,230.400,231.400,134453,3120068096.00
20210430,227.000,227.400,223.400,225.000,183905,4141220864.00
20210503,225.000,226.800,222.400,223.800,107431,2401662976.00
20210504,223.400,225.600,223.000,225.200,87577,1965706496.00
20210505,221.600,222.600,219.400,220.000,154311,3408119040.00
20210506,220.800,222.800,219.600,221.600,115780,2560554240.00
20210507,221.000,222.400,219.000,219.800,155137,3424316672.00
20210510,219.800,221.200,213.000,215.200,223333,4815713792.00
20210511,210.600,211.400,207.000,207.600,240146,5001804800.00
20210512,215.000,220.800,214.000,220.200,311997,6807868928.00
20210513,215.800,218.000,213.200,213.200,183485,3966145024.00
20210514,202.000,205.200,200.200,204.600,526908,10704069632.00
20210517,204.600,208.800,203.200,205.400,278176,5733812224.00
20210518,207.200,208.600,206.600,207.600,185309,3845032448.00
20210520,207.000,208.000,204.400,206.000,308865,6357358080.00
20210521,210.200,210.600,206.000,208.000,386458,8006115840.00
20210524,206.000,206.000,204.000,205.000,171591,3520654848.00
20210525,203.600,207.000,203.400,206.000,234728,4825600000.00
20210526,207.800,208.600,206.400,207.000,166889,3462679296.00
20210527,205.400,208.800,205.000,208.800,311136,6457812992.00
20210528,208.400,209.400,206.600,207.400,243774,5072496640.00
20210601,213.600,219.600,212.400,218.200,388478,8428381696.00
20210602,215.800,215.800,212.600,214.400,315385,6760808448.00
20210603,213.800,213.800,209.600,210.800,182093,3851552512.00
20210604,208.800,213.800,208.600,210.200,399826,8422126080.00
20210607,211.600,212.600,209.000,212.000,237133,4999390208.00
20210608,211.800,212.000,208.800,210.200,141312,2968615424.00
20210609,209.200,210.400,207.200,208.000,147214,3065981696.00
20210610,208.800,211.200,206.000,207.600,153537,3191739904.00
20210611,207.800,208.000,204.400,205.200,217517,4471790080.00
20210615,209.600,209.600,204.400,206.400,165218,3416463104.00
20210616,205.400,205.400,203.400,203.400,153620,3133564672.00
20210617,202.000,204.000,201.200,203.800,121145,2457271296.00
20210618,204.400,207.600,203.800,207.000,265723,5484834816.00
20210621,206.000,207.600,203.800,205.400,145105,2978268416.00
20210622,204.000,204.400,201.800,203.000,161628,3284650496.00
20210623,205.000,207.600,204.200,207.200,165584,3415871232.00
20210624,209.600,212.600,209.200,210.200,164820,3469139200.00
20210625,212.800,216.400,211.200,215.600,294261,6310805504.00
20210628,220.800,225.000,219.200,222.000,232481,5138780672.00
20210629,222.000,222.800,218.000,219.400,227359,4995780608.00
20210630,222.000,222.800,220.000,220.000,178825,3953022464.00
20210702,216.200,216.200,210.600,212.000,271964,5775348736.00
20210705,209.000,209.800,205.000,206.000,213907,4424221184.00
20210706,205.200,209.400,203.600,209.400,185065,3831531520.00
20210707,207.000,207.000,204.400,205.800,169356,3485370880.00
20210708,202.200,203.200,197.000,197.300,377895,7536824320.00
20210709,195.000,196.600,189.900,195.500,358154,6949894144.00
20210712,199.300,200.800,195.300,197.400,195857,3860325888.00
20210713,199.400,207.400,197.600,205.200,301792,6158282240.00
20210714,205.200,206.800,203.800,206.400,257646,5301107712.00
20210715,206.400,214.200,206.000,210.600,452937,9575941120.00
20210716,210.400,211.600,207.800,209.400,551412,11568748544.00
20210719,205.800,205.800,201.800,202.600,432944,8938676224.00
20210720,204.000,206.400,200.400,202.800,147910,3004027136.00
20210721,205.600,206.000,201.400,203.000,148003,3003592448.00
20210722,205.600,207.600,205.400,207.400,120661,2493378048.00
20210723,208.800,208.800,203.400,205.200,117351,2416973312.00
20210726,199.200,199.200,192.000,192.100,433221,8446825472.00
20210727,183.800,188.500,174.500,179.900,667523,12137008128.00
20210728,179.500,184.600,176.200,183.200,525988,9511126016.00
20210729,191.800,197.300,189.300,197.300,570503,11034897408.00
20210730,190.400,190.700,185.600,189.000,266044,5013843456.00
20210802,189.000,193.300,187.200,191.900,244241,4661555200.00
20210803,195.500,195.500,187.200,193.500,259206,4971673088.00
20210804,191.300,194.500,186.500,192.300,230293,4419809792.00
20210805,194.900,197.600,191.800,192.500,211699,4115268864.00
20210806,192.200,194.300,190.300,193.500,154865,2984418304.00
20210809,187.000,191.600,185.100,188.700,280156,5268905472.00
20210810,190.000,192.900,187.600,192.900,179837,3433989632.00
20210811,190.600,192.400,188.400,191.200,137962,2629768448.00
20210812,190.000,190.800,186.400,188.700,145173,2733942784.00
20210813,185.500,185.800,181.500,184.000,215277,3944021248.00
20210816,183.900,183.900,179.600,180.400,195425,3535678720.00
20210817,177.900,178.900,171.000,171.800,426411,7423462912.00
20210818,170.000,172.700,169.400,171.600,232910,3989823488.00
20210819,168.600,169.400,160.300,162.100,453963,7465024512.00
20210820,158.100,160.700,155.100,157.900,548631,8667704320.00
20210823,155.900,160.000,151.200,152.100,696811,10752794624.00
20210824,156.800,166.600,156.300,166.500,521074,8431896064.00
20210825,170.800,172.300,162.400,164.100,537978,8926319616.00
20210826,164.300,165.900,160.100,162.200,259974,4228107776.00
20210827,160.700,163.100,153.700,155.900,515666,8137563136.00
20210830,155.900,160.100,154.300,158.200,330168,5205951488.00
20210831,158.500,165.500,154.700,165.500,498308,8068832256.00
20210901,163.500,167.600,161.700,165.200,363185,5990303744.00
20210902,170.000,171.900,167.600,171.000,322321,5482550784.00
20210903,168.400,168.500,164.000,164.900,482107,7969998336.00
20210906,164.500,168.000,163.800,168.000,242645,4022363392.00
20210907,168.400,171.800,168.300,170.000,241795,4114852352.00
20210908,170.000,173.400,169.300,170.900,249959,4279543040.00
20210909,165.000,166.100,160.300,161.000,283799,4632164352.00
20210910,163.700,168.200,163.400,167.900,277667,4624973312.00
20210913,161.500,163.000,156.900,160.800,259051,4149204736.00
20210914,160.400,162.100,156.400,158.300,223615,3546557952.00
20210915,155.500,156.900,153.600,154.000,282392,4369307136.00
20210916,153.600,153.900,149.100,151.500,339351,5123135488.00
20210917,150.600,155.700,150.200,154.900,301793,4647388160.00
20210920,154.200,154.300,150.700,151.500,179815,2738711040.00
20210921,146.000,149.500,145.500,148.700,239441,3537636096.00
20210923,148.000,150.800,146.400,148.400,325294,4818548224.00
20210924,146.700,148.300,143.800,144.300,303549,4425802752.00
20210927,142.200,145.500,141.200,141.900,316092,4513012736.00
20210928,145.400,153.000,144.500,150.900,425980,6395197952.00
20210929,148.300,149.300,145.500,148.300,249035,3682629120.00
20210930,144.900,144.900,141.000,142.200,380432,5421289472.00
20211004,143.500,143.500,136.400,137.000,418404,5829086208.00
20211005,132.000,135.900,132.000,135.300,304373,4082575872.00
20211006,138.600,139.200,135.700,137.300,187125,2572493824.00
20211007,141.300,147.800,141.100,147.300,322270,4680382464.00
20211008,154.400,155.500,150.800,155.500,552708,8501338112.00
20211011,163.000,170.500,162.000,167.800,871741,14547536896.00
20211012,160.200,163.000,159.000,161.300,518770,8353974272.00
20211015,161.300,162.200,158.800,161.800,412515,6636668416.00
20211018,162.500,162.900,159.900,162.900,204855,3302423296.00
20211019,162.700,165.900,162.200,164.800,226212,3721442048.00
20211020,172.600,179.900,171.000,175.800,738198,13003598848.00
20211021,173.000,175.500,170.500,173.900,394984,6847933440.00
20211022,172.600,175.000,171.300,174.400,243040,4217454848.00
20211025,174.400,176.800,173.300,174.000,229931,4015251712.00
20211026,173.000,173.000,168.100,169.500,270077,4596663296.00
20211027,165.300,165.600,163.300,164.500,255526,4199976448.00
20211028,166.900,169.100,165.000,165.200,262444,4362905088.00
20211029,165.000,166.200,162.500,163.000,245082,4013487616.00
20211101,161.100,161.200,158.000,159.500,209558,3344991488.00
20211102,166.200,166.900,160.100,161.600,280753,4565536768.00
20211103,159.900,161.000,156.600,160.600,207975,3313986816.00
20211104,162.900,165.600,162.000,165.600,233580,3839705344.00
20211105,162.000,162.000,158.400,159.900,261680,4200786432.00
20211108,156.000,157.700,154.700,157.300,250064,3910356736.00
20211109,160.300,161.200,156.800,157.100,161131,2550305536.00
20211110,157.600,161.600,155.700,161.200,171919,2725572352.00
20211111,158.000,164.200,157.600,163.200,235489,3794800128.00
20211112,164.800,165.700,159.000,162.400,242656,3940520704.00
20211115,163.300,164.200,159.600,161.500,191216,3085282048.00
20211116,162.000,166.000,161.500,165.200,198603,3263026688.00
20211117,164.900,165.100,163.200,164.800,162759,2673814272.00
20211118,158.200,158.900,155.300,156.000,390302,6115636736.00
20211119,140.000,142.200,139.200,139.300,1066447,14967876608.00
20211122,139.000,139.700,137.100,137.100,426849,5901327872.00
20211123,133.000,133.800,132.500,133.000,463528,6173683712.00
20211124,131.000,134.800,130.700,131.800,448310,5914082304.00
20211125,132.000,135.900,132.000,135.400,237968,3194392832.00
20211126,133.200,133.900,129.100,129.100,379452,4981629952.00
20211129,133.000,133.200,129.800,130.000,295324,3875018496.00
20211130,129.500,130.100,123.600,127.300,612410,7769482240.00
20211201,125.000,127.000,124.200,125.700,427285,5370582016.00
20211202,120.300,123.700,120.100,122.600,638477,7785567744.00
20211203,120.500,120.500,116.000,119.400,847524,10051288064.00
20211206,109.900,114.200,109.500,112.700,1053845,11863863296.00
20211207,122.000,126.700,120.700,126.500,824016,10214647808.00
20211208,122.700,123.000,119.200,120.600,612441,7409000960.00
20211209,122.600,124.300,122.100,123.400,358519,4418065408.00
20211210,122.300,123.200,120.300,121.200,412858,5028733952.00
20211213,124.800,126.700,120.800,121.100,417695,5163363840.00
20211214,121.000,121.000,117.800,118.700,321301,3834317056.00
20211215,122.200,123.800,120.000,121.000,352930,4301317632.00
20211216,119.400,121.300,117.000,120.700,375633,4483159552.00
20211217,118.000,118.300,115.400,117.000,493693,5769375744.00
20211220,118.200,118.900,114.300,114.500,336631,3909510912.00
20211221,112.600,115.500,112.000,113.900,379403,4307942400.00
20211222,119.900,119.900,113.100,114.900,451884,5221862400.00
20211223,114.900,115.600,113.000,113.300,250673,2854956544.00
20211224,113.800,114.800,112.800,113.000,195250,2214279424.00
20211228,113.300,114.200,112.300,113.500,229858,2603896576.00
20211229,112.300,112.300,110.100,110.600,199907,2220646656.00
20211230,110.000,112.200,109.200,109.900,238384,2630362112.00
20211231,119.500,120.300,118.100,118.900,318377,3798519808.00
20220103,117.000,117.500,114.000,115.000,221769,2552515072.00
20220104,118.400,118.900,115.700,116.900,232289,2716909568.00
20220105,119.000,119.100,113.900,114.500,307175,3570167552.00
20220106,117.500,121.100,117.300,121.000,472319,5633946112.00
20220107,126.500,128.800,122.800,128.800,587789,7448367104.00
20220110,128.800,129.500,125.400,127.600,368150,4710957568.00
20220111,125.000,126.500,123.900,125.600,316591,3968553984.00
20220112,128.600,133.100,128.400,133.000,444831,5849372160.00
20220113,135.000,135.000,130.400,132.200,360320,4773530624.00
20220114,126.900,129.300,126.600,129.300,282356,3613581568.00
20220117,129.300,130.100,127.400,128.500,235345,3023201536.00
20220118,129.200,130.900,125.400,126.400,234683,3002246656.00
20220119,126.200,127.300,123.500,124.200,297302,3716038144.00
20220120,125.000,132.500,125.000,131.500,447962,5816357888.00
20220121,126.100,127.500,124.000,127.100,618174,7800473600.00
20220124,122.000,122.000,118.700,119.100,547586,6601582080.00
20220125,116.400,118.800,115.100,116.800,412835,4830038016.00
20220126,116.300,118.700,114.100,116.900,353537,4122276096.00
20220127,110.500,111.900,108.000,108.500,754677,8256005120.00
20220128,110.000,111.500,108.600,110.000,438099,4814678528.00
20220131,112.100,116.200,111.500,114.000,295793,3382466048.00
20220204,120.000,120.800,118.400,120.400,432931,5187008512.00
20220207,117.400,118.700,113.600,115.000,547573,6342327296.00
20220208,112.600,113.500,110.600,111.200,416964,4663921152.00
20220209,118.000,119.400,117.000,118.800,444806,5249249792.00
20220210,123.000,123.000,119.400,122.200,323539,3927646464.00
20220211,120.400,122.900,120.000,122.400,242038,2943214336.00
20220214,119.000,119.900,118.200,118.700,195124,2320807424.00
20220215,118.000,120.000,117.400,118.400,161325,1910118016.00
20220216,122.400,123.000,121.100,122.500,203088,2479111424.00
20220217,122.000,123.300,120.900,123.000,189658,2320687872.00
20220218,122.600,124.000,118.700,119.500,360599,4381820928.00
20220221,115.800,117.100,114.000,114.900,363336,4203339008.00
20220222,109.000,111.900,108.800,111.400,430600,4751759872.00
20220223,110.000,113.300,110.000,112.400,272449,3054348544.00
20220224,107.500,108.400,103.600,104.900,648899,6868651008.00
20220225,107.400,108.200,104.900,105.300,426058,4532486144.00
20220228,103.300,104.200,100.700,104.200,560812,5772125184.00
20220301,102.200,104.800,101.900,103.800,303778,3137297408.00
20220302,103.900,106.600,103.900,103.900,321730,3381365760.00
20220303,103.500,104.500,103.000,104.400,235829,2449305088.00
20220304,98.200,100.200,98.200,99.000,678456,6721227264.00
20220307,96.250,98.000,93.400,96.000,595394,5739081216.00
20220308,97.550,99.950,95.800,96.900,491957,4796603392.00
20220309,96.900,97.350,92.600,96.250,605609,5738668032.00
20220310,99.700,99.700,94.400,96.100,469225,4535955456.00
20220311,90.550,92.150,88.050,90.800,749980,6753693184.00
20220314,86.150,86.600,80.250,80.900,991091,8261699072.00
20220315,73.800,79.350,71.000,71.250,1668921,12377788416.00
20220316,74.500,91.050,73.700,90.700,1593071,13244362752.00
20220317,104.000,104.000,95.300,102.000,1471990,14694744064.00
20220318,97.150,100.200,95.000,98.350,692163,6760237568.00
20220321,104.800,104.800,97.250,99.100,781451,7830242304.00
20220322,102.300,111.400,102.100,110.200,822168,8808957952.00
20220323,114.600,119.400,112.500,117.600,1097364,12811575296.00
20220324,116.400,119.000,113.500,113.800,561754,6501869568.00
20220325,111.400,113.500,104.800,107.400,597541,6483447296.00
20220328,107.400,113.500,106.100,111.100,358567,3951712000.00
20220329,112.700,114.800,112.200,113.500,281292,3189176320.00
20220330,115.000,115.700,112.600,113.900,430501,4916729856.00
20220331,114.900,114.900,109.700,112.100,267802,3006258944.00
20220401,106.800,109.700,105.700,109.700,387094,4178585600.00
20220404,110.600,114.600,110.000,113.700,418753,4731418624.00
20220406,109.100,109.800,107.100,107.600,466381,5068859392.00
20220407,106.400,108.900,105.200,105.200,355757,3782776576.00
20220408,102.800,103.800,101.500,103.800,381536,3919481856.00
20220411,102.800,103.000,97.850,98.500,401312,3989829888.00
20220412,98.500,100.600,96.350,99.000,396835,3907706624.00
20220413,98.400,99.500,97.000,98.500,246501,2422957568.00
20220414,97.650,98.000,93.850,95.500,523489,5002048512.00
20220419,92.550,93.450,90.900,91.500,340607,3125896448.00
20220420,91.100,92.950,90.300,90.700,241903,2205598464.00
20220421,88.750,89.700,86.500,87.900,374814,3293346304.00
20220422,83.500,87.350,83.400,86.650,334140,2859940352.00
20220425,84.800,84.950,81.200,81.850,430013,3556387072.00
20220426,84.500,87.900,83.750,84.900,383048,3265629440.00
20220427,84.350,85.450,83.000,84.550,279178,2358173184.00
20220428,88.000,88.550,86.300,88.250,406752,3563552256.00
20220429,88.250,103.800,87.150,102.100,1021344,10061608960.00
20220503,100.000,103.100,92.500,100.300,1032389,10171090944.00
20220504,98.500,98.550,95.850,96.550,291772,2831638784.00
20220505,99.500,101.100,96.200,96.700,279912,2749628672.00
20220506,92.050,92.850,89.300,90.350,508877,4618635776.00
20220510,83.500,87.200,83.150,86.000,641394,5494002688.00
20220511,83.700,87.950,83.600,85.650,632110,5422492160.00
20220512,81.850,82.550,79.900,80.000,699668,5667870208.00
20220513,82.200,82.850,81.250,82.200,536885,4409694208.00
20220516,86.000,86.250,83.100,84.600,371867,3142473216.00
20220517,87.500,91.800,86.650,90.550,653640,5848381952.00
20220518,90.550,90.550,87.800,90.000,408872,3645645312.00
20220519,85.000,85.400,82.750,83.350,639670,5369663488.00
20220520,86.300,88.800,85.600,88.050,374118,3266774272.00
20220523,86.200,86.550,83.850,85.100,481160,4088570624.00
20220524,84.800,86.300,82.900,83.600,415922,3506078464.00
20220525,82.000,84.150,81.350,82.350,393605,3245900288.00
20220526,82.000,82.000,79.650,81.100,445204,3591818752.00
20220527,91.000,92.400,89.850,91.000,949436,8608616448.00
20220530,91.700,94.900,91.300,94.900,582449,5426962432.00
20220531,94.600,97.500,93.100,96.250,875905,8413075456.00
20220601,96.000,96.200,94.000,94.600,347585,3304712704.00
20220602,91.750,93.000,91.000,92.300,389211,3582676480.00
20220606,92.850,98.600,91.250,96.950,615600,5828153344.00
20220607,96.950,101.800,96.150,98.800,888474,8825937920.00
20220608,103.400,110.400,102.500,108.800,1162934,12457799680.00
20220609,116.200,116.300,108.100,111.300,1138066,12758906880.00
20220610,107.600,116.000,107.000,112.800,1078265,12053174272.00
20220613,106.200,108.400,103.500,103.800,858835,9102013440.00
20220614,98.250,102.400,97.200,101.200,792439,7913187328.00
20220615,105.000,106.700,104.300,105.600,628407,6629985280.00
20220616,108.800,109.800,100.400,102.400,519641,5445864960.00
20220617,100.100,104.800,100.000,104.500,982423,10186203136.00
20220620,102.000,104.600,99.650,104.400,647778,6651453952.00
20220621,104.500,106.100,103.400,105.800,563777,5925778944.00
20220622,104.800,105.100,101.500,101.500,563782,5830428160.00
20220623,104.900,109.900,103.400,108.000,805418,8632221696.00
20220624,112.600,115.500,111.500,113.900,887595,10104820736.00
20220627,117.300,120.400,116.100,118.100,981946,11660977152.00
20220628,117.600,119.100,112.600,118.100,704328,8190697984.00
20220629,114.500,116.300,113.000,114.500,547360,6272101376.00
20220630,113.600,114.400,110.700,111.900,472635,5318322176.00
20220704,111.600,114.100,109.400,113.200,387888,4366248960.00
20220705,116.300,118.400,114.700,115.200,459744,5337959424.00
20220706,119.000,119.000,114.600,117.000,520583,6092622848.00
20220707,115.300,117.500,113.500,116.700,404281,4699537408.00
20220708,122.000,122.000,119.800,121.000,581687,7041167360.00
20220711,117.300,117.900,112.000,114.000,592798,6780072960.00
20220712,108.300,109.600,107.100,107.800,618330,6688214528.00
20220713,107.500,109.500,107.000,107.400,370184,4003044864.00
20220714,107.800,110.400,107.500,108.700,396884,4315935744.00
20220715,102.500,106.100,102.100,102.200,602910,6248001024.00
20220718,100.800,104.300,99.850,103.900,542105,5553446912.00
20220719,101.800,102.200,100.100,100.900,406145,4104523008.00
20220720,104.800,105.700,103.200,103.200,400623,4185126400.00
20220721,102.800,104.000,101.200,102.000,389696,3985628416.00
20220722,102.700,103.700,101.700,102.100,252711,2592947200.00
20220725,100.000,100.700,99.100,99.600,417836,4174743040.00
20220726,103.000,106.100,102.500,104.400,623359,6505185792.00
20220727,101.000,101.200,99.900,101.000,595237,5988137984.00
20220728,100.800,100.800,99.100,99.150,477886,4768296960.00
20220729,98.700,98.700,91.700,93.100,1018845,9558313984.00
20220801,88.100,91.650,87.800,89.600,905813,8158063104.00
20220802,89.000,89.000,86.100,87.050,678221,5907663360.00
20220803,90.850,91.850,89.200,90.350,433100,3910306816.00
20220804,95.550,96.200,93.350,95.000,522975,4955463168.00
20220805,95.400,95.650,91.900,92.900,504409,4697596928.00
20220808,90.000,90.250,88.500,88.800,477709,4263046144.00
20220809,90.000,91.700,88.450,89.600,449424,4039594496.00
20220810,89.350,89.650,86.800,87.950,372094,3266721280.00
20220811,91.000,92.400,89.400,91.750,529987,4818725888.00
20220812,92.900,93.400,91.250,92.900,263877,2442730240.00
20220815,91.800,93.800,91.700,91.750,230770,2133946624.00
20220816,92.000,92.400,88.550,89.950,330437,2981732096.00
20220817,90.800,91.400,89.650,90.350,243556,2203875328.00
20220818,89.000,89.050,87.500,88.250,414215,3662939392.00
20220819,88.000,90.250,87.850,89.500,268508,2400876544.00
20220822,87.800,89.750,87.700,88.500,340673,3023250432.00
20220823,89.000,89.300,86.750,88.400,362280,3191041280.00
20220824,86.850,87.500,85.500,86.250,359769,3105693440.00
20220825,90.000,95.200,88.900,93.800,663824,6132896768.00
20220826,97.650,97.650,94.700,95.800,546683,5236519424.00
20220829,94.750,96.800,93.800,95.150,370704,3535487744.00
20220830,95.400,95.450,92.700,95.200,357068,3370858240.00
20220831,91.900,96.900,91.500,94.300,520024,4891664384.00
20220901,93.850,95.550,91.850,92.200,414714,3861146880.00
20220902,92.000,92.750,90.200,90.650,404779,3688940800.00
20220905,89.500,89.500,87.550,88.500,355059,3152449536.00
20220906,88.850,89.500,87.200,88.050,292423,2576506112.00
20220907,86.100,87.850,85.950,87.400,284793,2466880256.00
20220908,88.500,89.200,86.750,87.200,335290,2947115264.00
20220909,87.200,90.350,86.550,89.800,315446,2819190016.00
20220913,91.800,92.300,90.800,91.200,412801,3781457664.00
20220914,87.800,88.300,86.900,87.100,352501,3082889728.00
20220915,86.900,88.550,86.900,88.100,219208,1926008832.00
20220916,86.700,87.650,86.050,86.800,394575,3428158464.00
20220919,85.050,85.500,83.200,83.700,410664,3458139136.00
20220920,85.300,87.350,85.100,86.200,360890,3112115200.00
20220921,84.100,84.150,82.600,83.050,372258,3102561536.00
20220922,80.000,81.000,79.700,80.850,492610,3959602432.00
20220923,79.150,80.350,78.400,78.400,452135,3585039360.00
20220926,77.400,80.300,76.700,78.700,474889,3741476096.00
20220927,78.600,79.200,76.050,77.900,498078,3858462464.00
20220928,76.550,77.250,74.450,74.700,537908,4070767872.00
20220929,78.850,79.200,75.850,76.850,627110,4853441536.00
20220930,77.300,78.750,75.900,77.950,469927,3643908096.00
20221003,77.900,78.750,76.800,77.650,307422,2389071872.00
20221005,82.000,84.600,81.400,84.200,651131,5423607808.00
20221006,83.000,84.550,82.650,83.150,291517,2429908992.00
20221007,81.700,82.800,81.200,81.350,270431,2214195456.00
20221010,79.250,79.550,78.000,78.700,285202,2251699456.00
20221011,78.150,78.600,75.600,76.000,392988,3012002304.00
20221012,74.500,77.350,72.300,74.350,563549,4168574720.00
20221013,74.350,74.950,72.600,72.750,257749,1891531648.00
20221014,74.000,76.100,72.350,73.250,430372,3202910720.00
20221017,72.150,74.650,70.900,73.200,450359,3265827072.00
20221018,75.300,76.400,73.850,76.000,359677,2715845888.00
20221019,75.100,75.600,72.500,72.700,390882,2880952064.00
20221020,69.000,71.200,68.000,69.900,631536,4390044160.00
20221021,70.100,71.100,69.350,69.600,550668,3856309504.00
20221024,66.000,67.250,60.800,61.650,1696690,10739956736.00
20221025,61.850,65.950,60.250,63.600,1020267,6445429760.00
20221026,61.800,64.650,61.250,62.300,932760,5867080192.00
20221027,67.550,67.950,64.650,64.850,912040,6040769536.00
20221028,64.250,64.550,60.900,61.750,694147,4313921024.00
20221031,61.000,64.550,60.300,61.450,657683,4090302976.00
20221101,63.050,68.250,62.850,66.100,1127289,7392520704.00
20221102,65.300,68.000,64.150,67.400,446745,2963614720.00
20221103,63.600,65.000,62.850,63.000,580225,3694656256.00
20221104,64.000,76.200,64.000,69.900,1519972,10700496896.00
20221107,66.700,71.800,66.300,69.700,997932,6924208640.00
20221108,68.750,69.000,66.400,67.100,649288,4394262528.00
20221109,66.700,67.750,65.150,66.000,630764,4172919296.00
20221110,63.900,64.500,62.600,63.000,585174,3708498432.00
20221111,68.750,71.450,67.050,70.800,1109617,7658818560.00
20221114,73.000,73.700,70.000,71.050,937847,6716066304.00
20221115,71.000,80.850,69.750,78.900,1872886,14492428288.00
20221116,77.750,80.800,77.000,78.800,1005095,7905373696.00
20221117,77.000,79.700,74.000,78.250,895325,6836417536.00
20221118,83.250,83.500,79.250,79.950,1108968,9022200832.00
20221121,77.150,77.300,75.000,76.150,496750,3782585600.00
20221122,75.200,75.700,72.200,73.100,609097,4484892160.00
20221123,73.750,76.450,73.050,75.400,542026,4073376512.00
20221124,76.700,77.200,74.900,76.400,316443,2408797952.00
20221125,75.900,76.000,73.850,74.750,283599,2121533568.00
20221128,70.600,73.350,69.800,72.200,659829,4728880128.00
20221129,73.650,78.800,73.200,78.750,945420,7233842688.00
20221130,77.700,80.900,76.450,79.900,1090810,8636922880.00
20221201,85.600,86.900,82.450,82.800,1063016,8884990976.00
20221202,83.600,85.750,82.950,84.800,741348,6256870400.00
20221205,88.800,92.850,87.250,92.650,1329532,11938738176.00
20221206,88.150,91.750,88.150,89.850,668895,6007062528.00
20221207,89.200,92.000,84.800,85.050,835955,7357164032.00
20221208,86.800,91.100,86.300,89.400,705244,6275633664.00
20221209,90.650,93.200,88.850,91.850,851869,7821417472.00
20221212,89.800,90.900,87.600,88.350,487725,4350279168.00
20221213,87.700,90.250,87.100,88.350,490261,4345395200.00
20221214,89.700,90.500,88.550,89.500,424972,3809543936.00
20221215,88.500,88.550,85.200,85.900,465515,4019716864.00
20221216,84.150,88.750,84.150,86.450,770578,6657896448.00
20221219,86.900,90.800,86.400,87.050,700384,6181060608.00
20221220,85.000,85.550,82.500,84.050,572911,4817031168.00
20221221,84.450,85.400,83.700,84.450,314759,2660728576.00
20221222,86.500,89.150,86.450,87.900,537726,4732112896.00
20221223,85.400,87.550,85.400,86.500,341148,2956036864.00
20221228,87.300,89.350,87.300,87.700,556699,4911580160.00
20221229,85.400,85.850,84.650,85.550,449504,3831241472.00
20221230,87.300,88.300,85.700,86.250,359284,3112838144.00
20230103,85.700,89.150,84.600,88.650,453933,3981720576.00
20230104,90.750,96.500,89.500,96.400,1186370,11215891456.00
20230105,102.100,103.800,98.200,99.600,1046854,10542913536.00
20230106,101.500,102.700,99.700,101.600,733157,7432623104.00
20230109,105.600,110.900,105.000,110.400,1237201,13462350848.00
20230110,109.000,110.000,107.000,109.500,762848,8313926656.00
20230111,112.200,115.000,110.500,112.900,1088637,12310611968.00
20230112,113.100,113.100,107.800,110.800,918583,10170394624.00
20230113,110.800,113.000,109.000,112.700,721208,8039148544.00
20230116,114.200,115.400,110.900,113.400,657349,7432432128.00
20230117,114.000,116.800,112.800,114.500,621735,7101580288.00
20230118,112.900,114.900,110.700,114.100,554257,6293490688.00
20230119,111.000,113.600,110.300,112.200,555151,6216237568.00
20230120,114.800,117.000,114.300,116.300,645935,7480331264.00
20230126,117.800,118.500,116.300,117.500,545501,6403019776.00
20230127,117.700,118.200,115.800,117.300,490085,5720745472.00
20230130,114.500,115.400,107.800,109.000,1310466,14474981376.00
20230131,109.600,110.500,105.500,107.600,948634,10187276288.00
20230201,109.000,110.500,107.200,110.000,556547,6078159360.00
20230202,111.400,112.300,108.700,109.000,399311,4401949184.00
20230203,107.200,107.700,105.300,106.100,552718,5864674304.00
20230206,102.200,103.800,101.500,103.200,531520,5454890496.00
20230207,103.500,106.700,103.500,104.800,380735,3996466944.00
20230208,104.400,104.800,102.100,103.500,392923,4065464320.00
20230209,103.500,108.500,103.100,107.600,607917,6465399296.00
20230210,107.300,107.600,103.400,104.100,445323,4674403328.00
20230213,101.100,104.900,100.700,104.000,414783,4285465600.00
20230214,103.600,103.900,102.300,102.500,394366,4064906496.00
20230215,102.300,102.500,100.100,100.900,467553,4718058496.00
20230216,102.000,105.400,101.500,102.100,432924,4471815680.00
20230217,102.100,102.900,99.450,99.450,376160,3784209152.00
20230220,98.800,100.500,98.000,99.400,385087,3824673280.00
20230221,99.500,99.500,95.000,95.200,583740,5638266368.00
20230222,92.100,94.800,92.100,92.950,594592,5541294592.00
20230223,92.750,96.250,92.600,95.150,484084,4578970112.00
20230224,93.250,93.250,90.000,90.050,815386,7432997376.00
20230227,88.000,92.150,87.750,89.400,773719,6956325888.00
20230228,88.250,89.250,86.050,86.500,825903,7221962240.00
20230301,86.700,92.150,86.600,91.900,769065,6942511616.00
20230302,88.600,89.000,87.450,87.600,792587,6978647552.00
20230303,89.500,89.500,87.300,88.000,508937,4494361600.00
20230306,87.350,88.250,86.550,87.250,533474,4654852608.00
20230307,89.000,91.650,87.800,88.600,622228,5565606912.00
20230308,87.000,87.100,85.100,85.750,519775,4469355520.00
20230309,86.300,86.500,84.500,84.500,435873,3717316864.00
20230310,81.500,82.200,81.000,81.150,773036,6294461440.00
20230313,82.400,84.950,81.450,83.250,646943,5385260544.00
20230314,81.500,82.050,79.500,80.000,730409,5893449728.00
20230315,82.700,83.700,81.550,82.050,467395,3846714368.00
20230316,80.200,81.450,79.800,80.500,456438,3673397504.00
20230317,81.400,82.200,80.550,81.500,673172,5488652800.00
20230320,80.950,81.150,78.100,79.200,525679,4171457024.00
20230321,79.350,80.650,78.700,80.500,360732,2879610368.00
20230322,82.200,84.400,82.100,82.850,445531,3707677952.00
20230323,82.550,86.700,82.350,86.200,673772,5731577856.00
20230324,85.450,86.600,84.500,85.300,483454,4125743616.00
20230327,86.350,89.950,83.800,85.250,1005193,8693567488.00
20230328,85.100,85.650,83.300,84.250,531625,4477007360.00
20230329,96.850,98.000,94.350,94.550,1631303,15573765120.00
20230330,97.100,97.200,94.650,96.900,884539,8510556672.00
20230331,101.200,102.000,99.600,100.400,896879,9038125056.00
20230403,99.000,99.950,97.600,98.550,537527,5312958464.00
20230404,96.150,96.450,93.700,95.650,538622,5132905472.00
20230406,96.200,98.000,95.900,97.750,407517,3955413248.00
20230411,100.200,101.500,98.100,99.300,609549,6067654144.00
20230412,97.650,98.150,95.700,96.050,386592,3736338432.00
20230413,91.600,94.350,91.100,94.150,655477,6095686144.00
20230414,94.500,95.150,93.750,94.500,260251,2455631360.00
20230417,93.200,96.350,92.800,95.400,379520,3601793792.00
20230418,94.100,95.600,94.100,94.800,267705,2536954368.00
20230419,94.500,94.500,91.950,92.250,351196,3272431616.00
20230420,92.200,92.950,91.450,91.750,298660,2755119360.00
20230421,89.350,89.850,87.300,87.950,625923,5550598144.00
20230424,87.450,88.500,86.000,86.900,358725,3114871808.00
20230425,85.700,85.950,83.300,84.100,565290,4765232128.00
20230426,81.600,84.700,81.250,83.300,729367,6053405696.00
20230427,81.800,82.200,80.800,81.800,634017,5172163584.00
20230428,82.850,83.900,81.650,82.050,469402,3869293824.00
20230502,83.650,84.100,81.500,82.300,265728,2194011904.00
20230503,80.100,80.600,79.700,80.350,393062,3149484544.00
20230504,80.500,81.450,80.350,80.700,344287,2783543808.00
20230505,82.000,82.450,81.100,81.650,336665,2751499264.00
20230508,81.650,82.400,81.400,81.950,400059,3277679360.00
20230509,81.950,81.950,78.900,79.450,533281,4279965184.00
20230510,80.050,80.700,78.800,80.200,419187,3350076672.00
20230511,81.800,82.750,80.800,82.650,455474,3726730496.00
20230512,85.150,85.500,83.800,84.650,609734,5160931840.00
20230515,84.000,86.500,83.000,85.450,413927,3524241920.00
20230516,86.800,86.800,84.950,85.750,263885,2265883904.00
20230517,87.350,87.500,85.000,85.450,433080,3739523840.00
20230518,88.200,89.200,87.250,87.750,722215,6362232320.00
20230519,83.450,84.350,82.000,82.450,928731,7710411776.00
20230522,82.450,85.100,81.400,83.600,542491,4532902400.00
20230523,83.600,84.650,82.350,83.000,321157,2675576064.00
20230524,81.050,81.900,80.600,81.050,390450,3170442496.00
20230525,80.000,80.300,77.600,78.650,751872,5926262272.00
20230529,78.950,79.550,77.600,77.800,485157,3798972416.00
20230530,78.900,79.350,77.550,78.800,406062,3188115456.00
20230531,77.950,77.950,75.800,77.900,1774240,13749145600.00
20230601,77.050,79.700,76.900,77.300,760887,5932898816.00
20230602,80.750,82.850,80.100,82.500,691576,5653368320.00
20230605,82.800,83.350,81.750,82.750,349703,2888665856.00
20230606,83.000,84.200,81.800,82.350,326795,2705787648.00
20230607,84.600,84.900,83.300,84.050,337195,2831228672.00
20230608,83.400,83.900,82.050,83.350,309758,2567083520.00
20230609,83.800,84.350,83.000,83.900,326303,2734211072.00
20230612,84.500,84.500,83.000,84.000,210722,1763746048.00
20230613,83.550,86.500,83.500,85.700,445621,3802898944.00
20230614,85.900,86.450,84.450,85.150,368084,3141054720.00
20230615,87.300,89.150,86.650,89.000,589815,5186946048.00
20230616,90.600,92.700,89.500,91.600,1765103,16132344832.00
20230619,90.400,91.100,87.900,89.700,541031,4838211072.00
20230620,89.500,89.750,87.950,88.350,373154,3302668032.00
20230621,85.300,86.150,84.500,84.700,433624,3690417920.00
20230623,85.000,85.100,83.100,84.050,291491,2447742720.00
20230626,83.100,84.750,83.100,83.250,319560,2678039808.00
20230627,84.250,85.750,83.650,85.450,335869,2860143360.00
20230628,84.650,84.950,83.550,84.350,362599,3054635008.00
20230629,83.350,83.950,81.600,82.200,362385,2982443520.00
20230630,81.400,81.950,80.800,81.200,519876,4225195264.00
20230703,82.000,84.000,82.000,83.550,278477,2312809216.00
20230704,83.150,84.000,82.600,84.000,196065,1636645888.00
20230705,84.450,84.450,82.200,82.650,232265,1926361216.00
20230706,81.750,83.700,80.500,81.500,339225,2768904704.00
20230707,82.300,86.700,81.500,84.300,690037,5807597056.00
20230710,88.950,89.000,86.000,87.000,676832,5908957184.00
20230711,88.500,89.250,87.700,88.750,510830,4523054080.00
20230712,89.900,90.950,89.050,89.850,474909,4275539456.00
20230713,92.000,92.750,91.550,92.750,610692,5633304576.00
20230714,95.000,95.000,92.000,92.950,482810,4487039488.00
20230718,91.450,91.500,89.550,89.700,444067,4002001408.00
20230719,88.500,91.150,87.500,90.350,461546,4129470464.00
20230720,90.400,92.150,89.200,89.500,276965,2499455744.00
20230721,89.500,91.400,89.500,91.300,321138,2912105728.00
20230724,90.000,90.750,88.750,89.550,297276,2667571200.00
20230725,94.050,95.150,92.950,95.150,694909,6550888448.00
20230726,93.000,94.200,92.650,93.850,386030,3609103872.00
20230727,94.850,95.700,94.350,95.450,429837,4088656896.00
20230728,93.400,96.500,93.300,95.900,460621,4400781312.00
20230731,99.000,99.750,96.800,97.500,742909,7294140928.00
20230801,99.700,100.000,96.900,97.850,539493,5328697344.00
20230802,97.650,98.600,94.600,95.150,378856,3640015616.00
20230803,93.700,94.750,93.050,93.150,500216,4688950272.00
20230804,95.250,96.600,94.400,95.150,329495,3139454720.00
20230807,94.350,96.050,93.600,95.600,223593,2129468928.00
20230808,94.100,94.300,92.700,93.050,355288,3316089600.00
20230809,92.350,94.400,92.050,94.100,302982,2834523392.00
20230810,93.800,94.700,92.350,94.300,345989,3237417984.00
20230811,97.150,97.950,95.300,95.300,619244,5979795456.00
20230814,92.300,93.350,91.450,92.800,415728,3839165440.00
20230815,91.100,92.700,90.850,91.200,277128,2536955392.00
20230816,90.000,90.650,88.900,89.250,421248,3772268544.00
20230817,86.600,90.600,86.200,90.100,551715,4901126656.00
20230818,89.250,89.850,86.800,87.000,422581,3714119680.00
20230821,85.700,87.550,85.150,85.700,391475,3367342848.00
20230822,86.350,88.700,85.400,87.350,372625,3234032640.00
20230823,86.600,88.200,86.100,87.300,321264,2799033600.00
20230824,88.100,90.300,87.700,89.550,393723,3518152704.00
20230825,87.800,88.500,87.300,87.500,231039,2028674560.00
20230828,91.850,91.900,88.700,88.900,305251,2739757824.00
20230829,90.050,91.500,89.650,90.900,333595,3026358272.00
20230830,92.000,92.000,89.850,90.350,391740,3550080512.00
20230831,91.250,91.700,89.600,90.200,687047,6210883584.00
20230904,92.950,94.000,92.000,93.150,856003,7955629056.00
20230905,93.000,93.950,91.750,92.350,545648,5065356288.00
20230906,92.100,92.950,91.150,92.250,265384,2444257792.00
20230907,93.050,93.050,90.500,90.800,261966,2393143296.00
20230911,87.950,88.800,86.850,88.050,641017,5635207680.00
20230912,86.700,87.150,85.900,86.300,334618,2893192448.00
20230913,86.850,87.100,85.300,85.550,312054,2677424640.00
20230914,85.800,86.550,85.100,85.900,326538,2799761920.00
20230915,86.000,87.450,85.200,86.250,533427,4607434752.00
20230918,85.100,85.750,84.200,84.200,319173,2718920448.00
20230919,84.800,85.150,84.050,84.800,219045,1853467008.00
20230920,84.850,85.500,84.450,84.500,211507,1794782208.00
20230921,84.250,84.300,82.350,82.650,337429,2799507712.00
20230922,82.650,86.300,82.150,85.900,401531,3398252800.00
20230925,86.200,86.500,84.250,84.350,207427,1760008064.00
20230926,84.450,84.950,83.400,83.950,274281,2309118720.00
20230927,83.900,85.650,83.900,84.500,272463,2306023424.00
20230928,84.850,84.850,82.850,83.000,271878,2269694464.00
20230929,84.000,86.650,83.600,85.600,346084,2963404544.00
20231003,84.150,84.250,82.350,83.100,366319,3044468992.00
20231004,82.100,82.900,81.200,81.750,258985,2116775680.00
20231005,82.150,82.800,81.350,81.350,217932,1783152256.00
20231006,82.000,83.350,82.000,82.900,151752,1255642496.00
20231009,83.200,83.450,81.550,82.100,240823,1981410944.00
20231010,83.900,85.300,83.250,83.400,293172,2463491328.00
20231011,85.350,85.550,84.300,84.600,317181,2689648640.00
20231012,86.900,86.900,85.650,85.850,260376,2237901568.00
20231013,83.250,83.900,82.500,82.600,285486,2370896384.00
20231016,82.200,82.800,81.100,81.300,222494,1815655424.00
20231017,81.850,82.200,81.350,82.000,177018,1448993152.00
20231018,81.900,82.700,81.000,81.450,218763,1788631808.00
20231019,80.900,81.150,79.050,79.150,417870,3338095872.00
20231020,78.200,79.150,78.100,78.500,350748,2755409920.00
20231024,78.000,78.550,77.050,77.200,383451,2975651072.00
20231025,80.800,81.400,79.000,79.300,456160,3648077568.00
20231026,79.200,80.300,79.000,79.750,237193,1888812416.00
20231027,80.450,82.800,80.250,82.400,428066,3504969984.00
20231030,80.750,82.000,80.700,81.850,318813,2596801280.00
20231031,81.300,81.300,79.900,80.050,273949,2199943936.00
20231101,80.100,80.700,79.100,79.600,208942,1663988352.00
20231102,81.200,82.200,80.300,80.500,174142,1409952896.00
20231103,81.900,83.100,81.050,82.850,268923,2212401408.00
20231106,84.300,84.950,83.550,84.850,305460,2583048704.00
20231107,84.400,84.750,82.750,83.150,246038,2053966848.00
20231108,83.000,84.150,82.300,82.500,222108,1841575808.00
20231109,82.500,82.800,81.400,82.150,183037,1501706112.00
20231110,80.900,81.000,79.550,79.600,341687,2729448960.00
20231113,80.000,81.100,79.100,80.650,310216,2482770688.00
20231114,80.250,80.450,79.100,79.200,289590,2301419776.00
20231115,82.150,83.250,81.250,83.200,503975,4150058496.00
20231116,84.200,84.200,81.000,81.350,582035,4761614336.00
20231117,75.000,76.650,72.900,73.250,1905380,14123670528.00
20231120,74.800,75.250,73.600,74.450,1091017,8098767360.00
20231121,76.000,77.500,75.750,76.000,867886,6645019648.00
20231122,76.550,77.200,76.100,76.850,472842,3628287744.00
20231123,76.450,77.500,76.000,77.250,395443,3036472832.00
20231124,77.100,77.350,75.900,76.200,295098,2253312256.00
20231127,75.950,76.250,74.700,76.100,366138,2768854528.00
20231128,75.000,75.450,74.000,74.350,566902,4227672064.00
20231129,73.950,74.150,71.900,72.700,915550,6652549632.00
20231130,72.500,73.000,71.650,72.750,852447,6177520128.00
20231201,72.600,73.050,71.650,71.850,936863,6749928448.00
20231204,72.350,72.550,70.550,70.800,784219,5598047232.00
20231205,70.800,71.050,69.900,70.500,563259,3961486336.00
20231206,70.000,70.850,69.400,70.150,745299,5225070592.00
20231207,69.400,69.950,68.650,69.700,398154,2762502400.00
20231208,69.700,71.000,69.300,70.500,521231,3665442304.00
20231211,69.250,69.500,67.800,68.800,701391,4804564992.00
20231212,69.050,70.200,68.850,70.100,379215,2650102272.00
20231213,69.000,69.800,68.850,69.400,278332,1928760960.00
20231214,69.550,70.600,68.600,69.100,449984,3115703552.00
20231215,70.400,72.950,70.400,71.650,622287,4468602880.00
20231218,71.900,72.800,71.700,72.100,377232,2718314496.00
20231219,71.850,72.150,71.150,71.650,319694,2290947072.00
20231220,73.628,74.678,73.228,73.528,445798,3245079808.00
20231221,73.228,74.528,72.978,74.328,342363,2501776128.00
20231222,75.178,75.778,72.628,72.828,594005,4321936896.00
20231227,74.478,75.278,73.828,74.778,368769,2715957248.00
20231228,74.778,77.128,74.628,76.828,493125,3712233216.00
20231229,76.978,77.028,76.028,76.578,263020,1988686080.00
20240102,77.078,77.178,75.128,75.678,285678,2132936576.00
20240103,74.378,74.378,73.578,74.278,375293,2741363456.00
20240104,74.978,75.178,74.278,75.028,375633,2770764288.00
20240105,74.028,74.028,72.378,72.628,520876,3745407488.00
20240108,72.278,72.328,70.628,71.328,342393,2401979904.00
20240109,71.228,72.078,70.528,70.728,507696,3558450688.00
20240110,70.878,71.328,69.878,70.278,527175,3658998272.00
20240111,70.378,72.878,70.028,71.828,448612,3177219072.00
20240112,71.378,72.728,71.078,71.528,281801,1997972224.00
20240115,71.078,71.778,70.378,70.978,199663,1397443968.00
20240116,69.828,70.978,69.028,69.378,426781,2933181184.00
20240117,68.978,68.978,66.078,66.628,682774,4511474688.00
20240118,68.078,68.378,67.128,67.628,576270,3843480576.00
20240119,67.078,67.828,66.128,66.528,542968,3574430208.00
20240122,68.078,68.178,65.578,66.428,740437,4850578944.00
20240123,67.578,70.328,67.278,68.628,745709,5051957248.00
20240124,72.678,73.978,71.128,73.578,1034742,7403885568.00
20240125,73.978,74.678,72.878,74.328,646496,4722161664.00
20240126,73.378,73.578,71.228,71.878,605173,4317999104.00
20240129,73.178,74.478,73.078,73.578,525275,3817126912.00
20240130,72.628,72.978,71.728,72.128,398802,2843766784.00
20240131,71.928,71.978,70.128,70.528,513914,3584358144.00
20240201,71.178,73.628,70.728,72.028,504173,3585224960.00
20240202,72.978,73.728,71.028,71.678,346669,2465238784.00
20240205,70.028,72.478,70.028,71.628,385696,2722777600.00
20240206,73.778,77.678,73.628,76.978,1099571,8246364672.00
20240207,77.828,78.028,75.528,75.878,621868,4692609536.00
20240208,72.328,72.878,70.378,71.278,1135816,7979619328.00
20240209,69.478,70.478,69.028,70.278,421375,2889867008.00
20240214,69.678,71.928,69.278,71.778,420493,2947323904.00
20240215,71.678,72.878,71.578,72.278,325873,2321953280.00
20240216,72.778,74.378,72.328,73.978,523437,3800299008.00
20240219,73.478,73.678,72.478,72.478,293221,2107007360.00
20240220,73.178,73.578,71.778,73.128,322544,2311515904.00
20240221,72.378,75.178,72.128,73.878,519795,3796996608.00
20240222,74.678,75.828,74.428,75.828,427736,3176706304.00
20240223,75.078,76.178,74.728,75.528,275798,2052723968.00
20240226,75.278,75.678,74.678,75.128,222124,1647911296.00
20240227,75.428,76.828,74.128,76.478,404404,3021872384.00
20240228,76.578,77.178,75.078,75.228,425831,3190630656.00
20240229,73.728,75.078,73.378,73.878,493335,3604559360.00
20240301,72.978,74.378,72.478,74.028,602629,4385991168.00
20240304,74.278,74.428,72.478,73.078,556052,4028581120.00
20240305,71.178,71.878,70.028,70.678,594484,4150244096.00
20240306,71.528,73.678,71.278,72.828,561599,4020413696.00
20240307,73.028,73.628,71.078,71.678,425264,3022002944.00
20240308,71.778,73.328,71.728,72.228,330414,2364597248.00
20240311,73.128,74.178,73.078,73.778,370329,2692528384.00
20240312,74.528,75.978,73.928,75.828,732066,5441375232.00
20240313,75.478,76.028,74.728,74.978,474354,3524759808.00
20240314,75.278,76.178,73.778,74.428,482821,3553513728.00
20240315,72.378,72.978,71.778,72.878,664208,4755136512.00
20240318,72.128,73.478,72.128,72.978,299479,2154925312.00
20240319,72.228,72.678,71.578,72.078,383281,2726091008.00
20240320,72.278,72.728,71.328,72.228,305320,2172731136.00
20240321,73.478,74.228,73.228,73.528,389912,2835897856.00
20240322,73.178,73.378,71.078,71.978,466578,3304243968.00
20240325,71.128,71.928,70.778,71.278,425025,2984026624.00
20240326,70.478,71.828,70.278,71.278,469254,3287495936.00
20240327,70.678,70.928,69.478,69.778,660126,4546645504.00
20240328,70.328,72.678,70.328,71.228,632756,4458788352.00
20240402,72.628,72.978,70.678,71.978,637319,4519870464.00
20240403,72.828,72.828,71.128,71.328,421033,2976979712.00
20240405,71.378,71.928,69.878,71.028,413017,2887906560.00
20240408,70.878,71.978,70.228,71.378,293162,2059853952.00
20240409,71.078,72.428,70.828,71.478,345095,2433902848.00
20240410,72.278,75.578,72.278,74.928,876931,6454070272.00
20240411,73.728,75.428,73.478,75.178,412236,3035911168.00
20240412,74.128,74.478,72.428,72.628,446887,3222917888.00
20240415,70.978,71.628,70.778,71.378,429879,3022157312.00
20240416,69.778,70.228,69.178,69.428,534437,3672300800.00
20240417,69.078,69.528,68.278,68.978,409726,2777927936.00
20240418,68.678,69.528,68.178,68.878,316100,2146488576.00
20240419,67.828,68.028,66.778,67.678,516478,3437397760.00
20240422,68.578,70.428,68.578,69.428,427676,2935199232.00
20240423,70.278,71.328,69.778,70.778,473357,3302884096.00
20240424,72.228,73.978,71.728,73.478,646309,4663976448.00
20240425,73.478,75.078,73.028,73.978,435588,3190874880.00
20240426,74.178,76.678,74.178,76.278,769745,5765181952.00
20240429,75.278,76.978,75.078,75.328,553680,4144692224.00
20240430,76.128,76.378,74.778,75.328,474955,3538039296.00
20240502,74.478,77.728,74.328,77.078,683564,5166213632.00
20240503,79.678,81.428,79.478,80.178,792944,6286247424.00
20240506,80.478,80.578,79.478,80.478,562185,4454527488.00
20240507,80.028,80.328,78.378,79.028,454490,3548411392.00
20240508,79.228,79.428,76.528,77.128,540004,4144334592.00
20240509,76.728,77.928,76.278,77.778,522988,3992273152.00
20240510,78.478,79.728,78.078,78.928,472951,3681138176.00
20240513,78.628,82.578,78.278,82.128,788420,6350065152.00
20240514,82.978,84.428,82.978,83.628,781591,6476824064.00
20240516,80.278,81.978,79.778,80.678,1110401,8857616384.00
20240517,85.978,86.878,85.428,86.678,1114566,9498090496.00
20240520,86.878,87.278,85.828,86.328,531299,4546038272.00
20240521,86.478,86.878,84.928,85.378,430533,3643147776.00
20240522,85.128,85.278,83.978,83.978,344907,2879757568.00
20240523,81.978,82.028,78.528,79.628,1003533,7941568000.00
20240524,79.428,80.878,78.628,79.128,485225,3805988352.00
20240527,79.878,80.628,78.878,80.228,390374,3081575168.00
20240528,80.178,81.178,79.828,80.528,322458,2566669824.00
20240529,79.478,79.778,77.078,77.778,675683,5202467328.00
20240530,77.378,78.578,76.878,77.278,463539,3539034368.00
20240531,78.428,78.878,75.878,75.878,1482840,11191942144.00
20240603,77.478,78.478,77.428,77.628,739980,5633628672.00
20240604,76.978,77.828,76.878,77.378,304373,2327154176.00
20240605,78.128,79.378,77.578,77.928,413545,3200558080.00
20240606,79.078,79.428,77.628,78.078,391152,3026556672.00
20240607,79.078,79.078,77.878,78.078,460379,3556948992.00
20240611,77.578,78.028,76.728,77.428,453784,3473458432.00
20240612,77.102,77.802,76.652,76.752,344491,2564307456.00
20240613,77.902,77.952,76.302,77.102,513824,3814621696.00
20240614,76.352,76.502,74.852,75.402,619624,4519514112.00
20240617,74.452,75.602,73.752,75.102,354193,2561569024.00
20240618,75.102,76.002,74.452,74.702,345741,2501126656.00
20240619,75.502,77.052,74.852,76.802,318319,2345008896.00
20240620,76.552,77.052,75.902,76.002,243549,1793977856.00
20240621,75.052,75.252,74.102,74.602,579063,4175699200.00
20240624,73.652,74.702,73.602,74.652,321601,2300551424.00
20240625,74.852,75.802,74.702,75.252,274672,1993273344.00
20240626,74.302,76.052,74.302,75.452,290662,2119772928.00
20240627,74.602,75.202,73.852,74.152,376889,2699129344.00
20240628,73.202,74.202,73.102,73.102,393885,2790425856.00
20240702,72.402,74.602,72.402,73.052,432806,3061447168.00
20240703,74.252,75.352,73.702,74.802,389132,2801224960.00
20240704,76.002,76.552,75.602,75.752,304918,2234968576.00
20240705,75.702,76.402,75.352,75.502,304648,2228296704.00
20240708,74.652,75.252,74.052,74.402,410710,2950944256.00
20240709,73.852,75.602,73.852,75.102,339315,2451025664.00
20240710,76.302,77.202,75.702,75.702,359409,2646345216.00
20240711,76.602,78.602,76.402,78.052,486934,3659831040.00
20240712,79.002,81.302,79.002,81.002,658044,5123475968.00
20240715,79.802,80.552,78.952,79.252,403203,3106823936.00
20240716,78.302,78.552,77.702,78.102,332880,2517170688.00
20240717,78.552,79.552,78.402,78.902,431765,3297441024.00
20240718,78.152,78.702,77.702,78.402,358522,2715243008.00
20240719,77.152,77.552,76.052,76.402,429337,3173454336.00
20240722,76.402,77.802,76.302,77.352,339036,2528414208.00
20240723,77.752,77.802,76.602,76.702,293979,2187002880.00
20240724,76.652,77.452,76.652,76.802,243929,1815039616.00
20240725,77.102,77.152,75.802,75.902,286851,2111761408.00
20240726,76.202,76.502,75.402,75.702,246858,1808410496.00
20240729,77.402,79.902,77.352,79.152,744102,5697867264.00
20240730,79.252,79.552,78.202,78.802,427110,3258301952.00
20240731,78.902,80.902,78.702,79.902,633222,4910095360.00
20240801,79.802,80.602,79.402,80.102,389134,3017478912.00
20240802,78.602,79.352,77.452,77.952,361607,2734314496.00
20240805,76.752,78.402,75.402,76.802,495484,3681907968.00
20240806,77.952,78.802,77.802,77.852,479398,3627138304.00
20240807,78.602,80.102,78.352,79.102,393854,3025204224.00
20240808,78.352,80.852,77.952,79.152,493205,3792680192.00
20240809,80.702,81.552,80.452,80.452,379445,2969955328.00
20240812,80.452,81.452,79.802,81.052,362960,2841593088.00
20240813,81.202,81.752,80.602,81.252,319928,2511736576.00
20240814,81.452,81.952,80.652,80.902,355774,2793406208.00
20240815,80.252,80.552,78.102,79.002,693145,5299291648.00
20240816,80.352,83.252,80.152,82.702,863048,6867704832.00
20240819,83.902,85.252,83.802,84.052,586828,4806394368.00
20240820,84.302,84.352,82.552,83.002,425358,3430402048.00
20240821,81.002,82.552,80.902,82.552,514649,4084730368.00
20240822,83.702,84.552,82.552,84.252,402963,3265803520.00
20240823,84.252,85.452,83.702,85.252,435757,3580871424.00
20240826,86.002,86.552,84.552,85.902,477410,3965262080.00
20240827,82.652,82.952,81.602,82.552,853107,6792242688.00
20240828,82.502,82.702,81.202,81.702,387829,3069939712.00
20240829,80.152,81.702,79.902,81.652,428295,3348732160.00
20240830,81.302,84.652,81.002,84.052,1096673,8893009920.00
20240902,83.952,84.052,82.002,82.102,536741,4311909376.00
20240903,82.252,83.152,81.602,82.702,277094,2217170944.00
20240904,82.002,83.002,81.602,82.702,285539,2277966336.00
20240905,82.902,83.452,81.802,82.402,292141,2330735360.00
20240909,81.402,82.002,80.252,80.902,792508,6204373504.00
20240910,82.602,85.052,82.602,84.202,2066331,16854040576.00
20240911,84.152,85.002,82.752,84.052,839454,6833095168.00
20240912,85.152,86.502,84.952,85.802,836696,6976594944.00
20240913,86.102,87.252,84.852,85.352,591963,4940262912.00
20240916,84.452,84.902,84.002,84.602,265587,2173252608.00
20240917,84.002,85.702,83.952,85.452,304853,2519588352.00
20240919,85.452,89.102,85.102,88.302,1091120,9287384064.00
20240920,88.602,91.602,88.002,89.802,1227266,10736052224.00
20240923,89.502,91.302,89.152,89.352,696095,6089340416.00
20240924,91.752,94.802,90.652,94.602,1419585,12837936128.00
20240925,97.602,97.602,93.202,93.902,1597777,14802038784.00
20240926,95.102,101.852,94.402,100.352,2032872,19638038528.00
20240927,104.602,107.502,103.002,105.102,1983374,20325976064.00
20240930,110.202,115.402,108.902,112.602,2505028,27460810752.00
20241002,113.002,121.302,113.002,117.702,1796850,20648654848.00
20241003,115.602,115.602,109.102,112.602,1383905,15179798528.00
20241004,112.602,116.902,111.402,116.502,909142,10237637632.00
20241007,116.802,119.502,115.602,117.202,1050416,12045023232.00
20241008,113.902,114.402,105.602,107.102,2521690,27228002304.00
20241009,109.802,110.302,102.252,105.502,1777570,18450022400.00
20241010,107.602,110.402,107.002,108.402,1048084,11130580992.00
20241014,109.602,109.702,105.302,107.802,792406,8330300416.00
20241015,107.802,107.802,101.352,102.452,1131078,11427419136.00
20241016,101.102,103.502,100.452,101.552,675519,6704176128.00
20241017,102.602,105.302,100.302,101.102,659338,6604103168.00
20241018,100.252,105.102,97.902,103.102,1191048,11761178624.00
20241021,102.802,103.402,99.152,100.402,635145,6246641152.00
20241022,100.202,101.302,98.702,99.852,487156,4729240064.00
20241023,99.002,100.952,98.702,99.902,619198,6014383616.00
20241024,97.652,97.902,96.102,96.752,769099,7247521792.00
20241025,97.602,99.802,97.202,97.952,534420,5127205376.00
20241028,98.302,101.002,97.652,99.252,694159,6746531840.00
20241029,99.952,101.802,99.452,100.152,570049,5589116928.00
20241030,98.752,99.752,97.802,98.452,514721,4943795712.00
20241031,97.952,99.402,97.152,97.152,472078,4506636288.00
20241101,98.352,98.552,96.652,97.602,383477,3635903232.00
20241104,98.202,99.052,97.802,98.652,310075,2974835712.00
20241105,97.702,101.252,97.702,101.002,509869,4966870016.00
20241106,99.102,99.352,96.352,97.002,887564,8430966272.00
20241107,96.402,98.752,95.852,98.252,574819,5459536896.00
20241108,100.602,102.102,96.602,96.602,747946,7162454016.00
20241111,93.952,99.352,92.652,96.702,1037871,9629283328.00
20241112,96.252,97.602,92.552,93.152,894449,8174459904.00
20241113,92.052,93.502,92.052,93.152,635732,5732849664.00
20241114,91.752,93.052,90.252,90.552,672621,5969140224.00
20241115,90.602,91.352,89.602,89.802,491830,4313307648.00
20241118,89.452,89.752,87.902,88.902,701012,6042070528.00
20241119,89.552,90.052,87.302,87.852,688246,5886874112.00
20241120,87.402,87.852,86.102,87.352,703895,5938312704.00
20241121,86.952,87.552,86.202,87.002,457418,3856588800.00
20241122,86.202,86.652,82.802,83.302,1101102,9004779520.00
20241125,83.302,85.402,82.502,84.552,1631334,13340401664.00
20241126,84.402,87.052,84.402,85.952,781598,6504231424.00
20241127,85.802,88.302,85.102,87.602,565599,4769027072.00
20241128,86.902,86.952,85.352,86.002,450057,3752457984.00
20241129,85.502,87.402,85.452,86.252,361632,3022413312.00
数据来源:通达信
