159781 科创创业ETF 日线 后复权
      日期	    开盘	    最高	    最低	    收盘	    成交量	    成交额
20210705,0.980,0.980,0.954,0.966,1669109422,1613740032.00
20210706,0.966,0.967,0.926,0.941,1418005029,1335621120.00
20210707,0.933,0.977,0.932,0.972,1330603355,1282218880.00
20210708,0.974,0.987,0.973,0.977,1074369944,1052425408.00
20210709,0.975,0.975,0.945,0.966,1065513011,1022257472.00
20210712,0.971,0.997,0.963,0.992,1130945532,1117508736.00
20210713,0.992,1.000,0.975,0.983,1119399572,1101903232.00
20210714,0.981,0.994,0.971,0.980,1166805729,1151940864.00
20210715,0.976,0.991,0.972,0.991,1094754363,1075555456.00
20210716,0.990,0.990,0.959,0.962,1258184726,1225186816.00
20210719,0.958,0.974,0.956,0.964,1166306686,1125610752.00
20210720,0.957,0.975,0.955,0.968,1212287298,1170451072.00
20210721,0.970,0.997,0.968,0.994,1576437735,1552289152.00
20210722,0.994,0.999,0.981,0.988,1108795448,1094115072.00
20210723,0.986,0.987,0.959,0.965,1228086152,1188047104.00
20210726,0.964,0.964,0.906,0.933,1581846838,1477501056.00
20210727,0.931,0.950,0.906,0.909,1393731888,1302627712.00
20210728,0.910,0.922,0.881,0.916,1331453980,1207948032.00
20210729,0.934,0.967,0.931,0.961,1405259585,1334088448.00
20210730,0.960,0.973,0.948,0.963,1203761535,1156245632.00
20210802,0.961,0.973,0.944,0.967,1170755822,1122419072.00
20210803,0.964,0.975,0.953,0.966,1255447527,1209965696.00
20210804,0.964,0.984,0.955,0.983,1270240457,1237977600.00
20210805,0.980,0.993,0.971,0.983,1127914232,1107621760.00
20210806,0.985,0.991,0.964,0.970,1019985867,994920960.00
20210809,0.965,0.965,0.946,0.960,1220103262,1165108608.00
20210810,0.956,0.965,0.949,0.961,1237615926,1183684096.00
20210811,0.957,0.962,0.947,0.949,1035645013,986915136.00
20210812,0.948,0.953,0.934,0.936,1301157626,1223202048.00
20210813,0.936,0.940,0.914,0.918,1151118920,1064010624.00
20210816,0.915,0.918,0.904,0.910,898672620,818273472.00
20210817,0.910,0.915,0.882,0.886,1155769069,1036870848.00
20210818,0.890,0.896,0.881,0.886,918646639,815159872.00
20210819,0.887,0.902,0.885,0.895,1056106497,944126080.00
20210820,0.893,0.893,0.859,0.869,1120928981,977425536.00
20210823,0.870,0.900,0.868,0.899,1178694524,1048724416.00
20210824,0.902,0.916,0.895,0.911,1256567996,1143754368.00
20210825,0.908,0.911,0.895,0.906,939239838,847057024.00
20210826,0.906,0.911,0.880,0.881,1261742357,1121961344.00
20210827,0.881,0.894,0.875,0.878,928690540,819929600.00
20210830,0.883,0.894,0.873,0.878,1100095411,972505728.00
20210831,0.876,0.880,0.851,0.855,1304264121,1121583616.00
20210901,0.858,0.862,0.840,0.856,1161225912,987068032.00
20210902,0.855,0.858,0.832,0.835,1341562563,1126983424.00
20210903,0.837,0.840,0.825,0.827,1295535240,1077580928.00
20210906,0.828,0.863,0.823,0.861,1244316774,1060895616.00
20210907,0.860,0.862,0.851,0.860,985634901,845444864.00
20210908,0.860,0.866,0.847,0.848,1143651379,976178944.00
20210909,0.849,0.856,0.837,0.849,1029811559,868468352.00
20210910,0.849,0.856,0.837,0.855,1060096451,898797248.00
20210913,0.851,0.859,0.835,0.836,1134209549,954534464.00
20210914,0.838,0.857,0.837,0.849,1139336148,969791424.00
20210915,0.848,0.848,0.830,0.834,1139386044,952411968.00
20210916,0.837,0.837,0.822,0.822,1120012434,925068416.00
20210917,0.823,0.846,0.820,0.844,1040560000,869013952.00
20210922,0.835,0.850,0.832,0.840,867831148,730549440.00
20210923,0.844,0.853,0.836,0.844,782555959,660948160.00
20210924,0.843,0.864,0.841,0.852,1154539001,987752576.00
20210927,0.855,0.876,0.854,0.864,1014153915,879632320.00
20210928,0.860,0.874,0.854,0.857,759577013,654310720.00
20210929,0.854,0.858,0.846,0.851,833454009,710138240.00
20210930,0.851,0.866,0.851,0.864,798321704,686609920.00
20211008,0.870,0.873,0.856,0.863,864333097,744983360.00
20211011,0.861,0.864,0.843,0.844,871597642,743085504.00
20211012,0.840,0.851,0.824,0.831,849257243,711130368.00
20211013,0.831,0.848,0.831,0.847,938350977,787510784.00
20211014,0.845,0.853,0.841,0.846,759663801,643781824.00
20211015,0.845,0.860,0.838,0.857,784118978,668951360.00
20211018,0.856,0.858,0.841,0.851,701236544,593962688.00
20211019,0.851,0.860,0.850,0.860,802092844,686627968.00
20211020,0.858,0.864,0.848,0.853,722911284,617348928.00
20211021,0.852,0.858,0.846,0.849,759397977,646236928.00
20211022,0.850,0.863,0.850,0.858,929288608,797110592.00
20211025,0.857,0.870,0.857,0.870,864823657,749430656.00
20211026,0.870,0.876,0.867,0.868,690732723,601912448.00
20211027,0.867,0.867,0.853,0.857,635913183,545700480.00
20211028,0.857,0.869,0.853,0.857,743796512,640176000.00
20211029,0.857,0.877,0.849,0.875,864287760,747484224.00
20211101,0.872,0.876,0.860,0.867,866022358,753259264.00
20211102,0.865,0.880,0.863,0.868,848763379,741092096.00
20211103,0.869,0.877,0.860,0.865,763442045,662263808.00
20211104,0.866,0.877,0.866,0.872,688927967,600806784.00
20211105,0.872,0.878,0.870,0.873,739010479,646910080.00
20211108,0.871,0.876,0.865,0.872,544788388,474130848.00
20211109,0.873,0.882,0.871,0.881,634967708,557079424.00
20211110,0.879,0.881,0.861,0.880,719154544,627988544.00
20211111,0.877,0.888,0.876,0.885,673598754,595220800.00
20211112,0.885,0.886,0.877,0.882,657332555,579325248.00
20211115,0.879,0.883,0.874,0.878,606623052,532495296.00
20211116,0.876,0.886,0.875,0.881,709587606,625899904.00
20211117,0.881,0.886,0.878,0.885,632450207,558480704.00
20211118,0.883,0.884,0.872,0.873,737362772,645365696.00
20211119,0.873,0.879,0.871,0.878,630724564,551504000.00
20211122,0.880,0.897,0.879,0.896,784024292,698298688.00
20211123,0.895,0.898,0.891,0.896,612158102,548010624.00
20211124,0.894,0.898,0.890,0.893,668375022,597697024.00
20211125,0.894,0.903,0.892,0.901,869405936,780502976.00
20211126,0.900,0.903,0.892,0.893,576002916,516506176.00
20211129,0.888,0.906,0.888,0.896,598834476,538627648.00
20211130,0.898,0.899,0.888,0.892,578734402,515771840.00
20211201,0.891,0.893,0.882,0.883,553354254,489825312.00
20211202,0.883,0.886,0.875,0.876,457982518,402566464.00
20211203,0.876,0.883,0.874,0.881,396293252,348337376.00
20211206,0.878,0.880,0.862,0.862,497509808,433489664.00
20211207,0.865,0.868,0.850,0.856,491388406,420931936.00
20211208,0.858,0.869,0.856,0.868,555552154,480040768.00
20211209,0.866,0.885,0.864,0.882,574066659,503764288.00
20211210,0.879,0.888,0.878,0.887,381300094,337018912.00
20211213,0.885,0.894,0.883,0.887,422206616,375531264.00
20211214,0.886,0.892,0.885,0.887,416660707,370174240.00
20211215,0.884,0.889,0.875,0.876,411116528,363072064.00
20211216,0.878,0.883,0.876,0.881,385054109,338754304.00
20211217,0.880,0.882,0.865,0.867,434903147,378470784.00
20211220,0.866,0.867,0.840,0.843,621207135,528791968.00
20211221,0.842,0.848,0.837,0.848,439933037,370905408.00
20211222,0.849,0.852,0.845,0.849,504508068,428823232.00
20211223,0.850,0.854,0.846,0.849,404592359,343488800.00
20211224,0.850,0.850,0.832,0.836,532204827,445844064.00
20211227,0.834,0.841,0.828,0.835,466250555,388505248.00
20211228,0.835,0.843,0.829,0.843,407903179,340905312.00
20211229,0.842,0.842,0.829,0.830,587213031,488666336.00
20211230,0.830,0.841,0.829,0.834,451492100,377226496.00
20211231,0.836,0.843,0.836,0.837,349769348,293143136.00
20220104,0.840,0.841,0.809,0.810,867382991,708255232.00
20220105,0.811,0.812,0.786,0.789,830935383,661245248.00
20220106,0.784,0.788,0.773,0.782,605430325,472122016.00
20220107,0.782,0.786,0.774,0.776,581472181,452934816.00
20220110,0.778,0.781,0.766,0.778,527735831,409216064.00
20220111,0.779,0.780,0.768,0.770,618557350,477525760.00
20220112,0.773,0.789,0.773,0.789,612881510,479823168.00
20220113,0.789,0.790,0.778,0.778,625302708,489226048.00
20220114,0.777,0.789,0.772,0.786,648234803,507914048.00
20220117,0.785,0.797,0.785,0.795,547255162,434465440.00
20220118,0.795,0.803,0.788,0.796,604662647,481957056.00
20220119,0.792,0.793,0.773,0.778,646675083,504534432.00
20220120,0.776,0.784,0.774,0.776,535489754,416269088.00
20220121,0.775,0.778,0.764,0.766,718584831,552038080.00
20220124,0.764,0.777,0.762,0.775,796341650,615020096.00
20220125,0.772,0.777,0.758,0.760,658025662,506552704.00
20220126,0.763,0.766,0.750,0.761,661281421,500899648.00
20220127,0.758,0.758,0.731,0.732,737583111,548503168.00
20220128,0.736,0.740,0.724,0.728,578103778,423229472.00
20220207,0.738,0.750,0.729,0.734,578857513,426679552.00
20220208,0.734,0.734,0.699,0.710,833807164,590663744.00
20220209,0.712,0.718,0.701,0.716,621343508,440881824.00
20220210,0.718,0.719,0.698,0.704,693461708,488837856.00
20220211,0.701,0.701,0.684,0.686,678179713,470135968.00
20220214,0.680,0.693,0.677,0.684,599047131,411149952.00
20220215,0.684,0.709,0.684,0.709,841270523,589114112.00
20220216,0.710,0.716,0.705,0.709,576215133,409970176.00
20220217,0.708,0.722,0.707,0.715,587575082,420657952.00
20220218,0.711,0.713,0.705,0.711,510168563,361822304.00
20220221,0.711,0.715,0.705,0.709,524746170,371783200.00
20220222,0.706,0.706,0.693,0.700,651322188,454969824.00
20220223,0.700,0.724,0.700,0.724,629760218,451209216.00
20220224,0.720,0.729,0.703,0.710,687812824,493477952.00
20220225,0.720,0.736,0.720,0.730,625793559,456923552.00
20220228,0.725,0.735,0.723,0.733,618330964,451126816.00
20220301,0.737,0.741,0.728,0.734,635904246,466163328.00
20220302,0.730,0.731,0.716,0.722,523826818,377585792.00
20220303,0.726,0.728,0.711,0.712,619530634,444086080.00
20220304,0.708,0.715,0.701,0.703,645973119,457098944.00
20220307,0.700,0.700,0.675,0.678,768841214,525886560.00
20220308,0.676,0.683,0.663,0.665,776649437,521861792.00
20220309,0.669,0.673,0.636,0.661,812972970,535937024.00
20220310,0.674,0.681,0.670,0.676,685400368,463628736.00
20220311,0.670,0.685,0.659,0.685,791463215,529002464.00
20220314,0.679,0.682,0.664,0.664,660639102,445698176.00
20220315,0.660,0.675,0.648,0.648,719387575,475931136.00
20220316,0.656,0.680,0.640,0.677,779168147,511547168.00
20220317,0.685,0.707,0.685,0.696,949469706,661456256.00
20220318,0.691,0.700,0.685,0.699,679144219,469378912.00
20220321,0.700,0.709,0.695,0.701,668227736,469449120.00
20220322,0.699,0.699,0.686,0.688,705363955,486878624.00
20220323,0.691,0.696,0.686,0.693,663856158,459853216.00
20220324,0.692,0.696,0.678,0.692,708761339,486690752.00
20220325,0.691,0.695,0.674,0.674,716947636,489106240.00
20220328,0.670,0.671,0.657,0.661,778917057,516916736.00
20220329,0.662,0.669,0.657,0.659,700198797,463534848.00
20220330,0.664,0.679,0.661,0.677,543682139,365579200.00
20220331,0.675,0.678,0.669,0.672,553833467,372193792.00
20220401,0.667,0.675,0.664,0.669,597173880,400079424.00
20220406,0.669,0.669,0.655,0.659,628032296,414287904.00
20220407,0.655,0.658,0.645,0.647,579407429,376302944.00
20220408,0.646,0.656,0.641,0.647,589095968,381874304.00
20220411,0.645,0.645,0.621,0.624,696342172,437913696.00
20220412,0.623,0.632,0.619,0.631,664371219,415350976.00
20220413,0.629,0.629,0.616,0.617,646548339,402520768.00
20220414,0.622,0.623,0.604,0.612,825399200,504744928.00
20220415,0.609,0.620,0.601,0.615,738874254,451092512.00
20220418,0.613,0.628,0.605,0.627,791982862,489665120.00
20220419,0.624,0.633,0.615,0.618,708347983,439939936.00
20220420,0.617,0.617,0.593,0.594,871652525,524222432.00
20220421,0.591,0.599,0.579,0.582,800857219,472601888.00
20220422,0.579,0.582,0.572,0.575,708286426,408364160.00
20220425,0.566,0.566,0.541,0.541,849550775,472782400.00
20220426,0.543,0.551,0.533,0.534,800444658,434537600.00
20220427,0.527,0.562,0.525,0.560,924510556,502276928.00
20220428,0.557,0.563,0.550,0.555,682355776,379409088.00
20220429,0.558,0.581,0.555,0.580,812614941,461224032.00
20220505,0.572,0.586,0.569,0.578,687596388,398656608.00
20220506,0.569,0.573,0.564,0.566,689823343,392497568.00
20220509,0.564,0.570,0.561,0.564,631086700,356131552.00
20220510,0.560,0.581,0.554,0.577,776551381,446039296.00
20220511,0.576,0.610,0.576,0.596,999956476,598448064.00
20220512,0.592,0.604,0.591,0.601,705483662,422326240.00
20220513,0.604,0.606,0.595,0.601,607914299,364343968.00
20220516,0.603,0.609,0.591,0.593,592520087,353589120.00
20220517,0.592,0.602,0.590,0.601,553353847,330865408.00
20220518,0.601,0.608,0.599,0.602,556939493,335922080.00
20220519,0.595,0.611,0.594,0.611,548944801,331049888.00
20220520,0.613,0.621,0.610,0.619,608042686,374786016.00
20220523,0.619,0.620,0.610,0.616,526962415,323843008.00
20220524,0.616,0.616,0.591,0.591,635634569,383947648.00
20220525,0.591,0.596,0.587,0.594,605607841,358063296.00
20220526,0.594,0.596,0.580,0.589,592776791,348977120.00
20220527,0.593,0.603,0.587,0.589,605857676,360516512.00
20220530,0.590,0.597,0.587,0.595,546631561,324073184.00
20220531,0.596,0.610,0.588,0.609,567683883,340481952.00
20220601,0.606,0.618,0.605,0.615,513368180,314884192.00
20220602,0.611,0.628,0.611,0.628,659601740,409776640.00
20220606,0.628,0.655,0.625,0.653,737204191,475983744.00
20220607,0.655,0.658,0.648,0.654,618382720,403357152.00
20220608,0.654,0.660,0.645,0.658,758618983,496502208.00
20220609,0.656,0.656,0.636,0.638,598001609,386014400.00
20220610,0.634,0.651,0.633,0.650,464450517,299124480.00
20220613,0.644,0.649,0.639,0.644,485285662,312711680.00
20220614,0.638,0.640,0.619,0.639,527136681,331396000.00
20220615,0.640,0.652,0.634,0.639,543452141,348310144.00
20220616,0.640,0.652,0.640,0.645,494687267,319998688.00
20220617,0.640,0.662,0.637,0.660,570391954,371956992.00
20220620,0.661,0.679,0.661,0.670,562902320,377543840.00
20220621,0.669,0.674,0.660,0.665,544044254,363101920.00
20220622,0.666,0.674,0.661,0.661,541329786,361689376.00
20220623,0.661,0.678,0.658,0.677,594091849,395880800.00
20220624,0.679,0.695,0.679,0.693,604823465,416730816.00
20220627,0.694,0.701,0.689,0.690,523750450,364161632.00
20220628,0.690,0.699,0.678,0.695,572062575,392709952.00
20220629,0.691,0.699,0.678,0.679,551790179,381048448.00
20220630,0.678,0.694,0.677,0.686,585781932,401893664.00
20220701,0.686,0.691,0.677,0.681,435907025,297703616.00
20220704,0.678,0.689,0.670,0.689,517275549,353014816.00
20220705,0.689,0.695,0.673,0.683,545180905,371623840.00
20220706,0.682,0.698,0.678,0.684,660704090,455054112.00
20220707,0.683,0.696,0.677,0.694,606154182,417912096.00
20220708,0.695,0.703,0.687,0.688,523589071,363373440.00
20220711,0.686,0.687,0.672,0.678,544680022,368663712.00
20220712,0.677,0.679,0.661,0.661,594385573,396861088.00
20220713,0.662,0.673,0.652,0.668,578950149,383622432.00
20220714,0.665,0.696,0.663,0.688,638926306,437159104.00
20220715,0.688,0.694,0.677,0.677,521909610,359051904.00
20220718,0.677,0.686,0.668,0.682,523639978,354010048.00
20220719,0.680,0.682,0.664,0.670,577602039,387852128.00
20220720,0.672,0.677,0.670,0.671,480116233,323606688.00
20220721,0.671,0.683,0.667,0.674,527313524,357827552.00
20220722,0.675,0.682,0.665,0.671,467926554,315773664.00
20220725,0.667,0.671,0.661,0.664,435290887,289085632.00
20220726,0.663,0.670,0.658,0.667,466194903,309466784.00
20220727,0.665,0.673,0.663,0.669,442924584,295794912.00
20220728,0.672,0.680,0.668,0.672,490140574,330524672.00
20220729,0.673,0.675,0.660,0.661,533426683,355474720.00
20220801,0.659,0.675,0.651,0.675,525064601,350116192.00
20220802,0.670,0.674,0.658,0.667,453344065,302301056.00
20220803,0.666,0.675,0.655,0.656,449952743,298951808.00
20220804,0.659,0.664,0.654,0.659,377667419,249075664.00
20220805,0.660,0.675,0.660,0.674,475655094,317957344.00
20220808,0.670,0.672,0.664,0.671,403274624,269936352.00
20220809,0.670,0.679,0.667,0.679,431463730,291158656.00
20220810,0.677,0.679,0.667,0.671,455481071,306746272.00
20220811,0.674,0.685,0.667,0.685,478120246,323033568.00
20220812,0.682,0.684,0.674,0.675,436833958,296016864.00
20220815,0.673,0.687,0.673,0.680,416019530,283513184.00
20220816,0.680,0.689,0.677,0.680,429860554,293504192.00
20220817,0.680,0.690,0.677,0.688,416390697,284629056.00
20220818,0.687,0.696,0.686,0.693,415584729,287790624.00
20220819,0.694,0.696,0.678,0.680,431020919,295450656.00
20220822,0.678,0.686,0.672,0.684,385473455,262571952.00
20220823,0.683,0.693,0.683,0.687,384031592,264208400.00
20220824,0.689,0.692,0.660,0.663,514351930,346412128.00
20220825,0.661,0.665,0.647,0.654,467675345,305380960.00
20220826,0.655,0.658,0.648,0.649,391364047,255797520.00
20220829,0.643,0.652,0.638,0.648,452580081,292835040.00
20220830,0.648,0.651,0.642,0.647,402062042,259620176.00
20220831,0.645,0.647,0.630,0.633,456948360,291158688.00
20220901,0.634,0.640,0.628,0.630,411362634,260952560.00
20220902,0.630,0.634,0.625,0.627,407827920,256463200.00
20220905,0.627,0.635,0.626,0.629,412976048,259917056.00
20220906,0.630,0.633,0.620,0.633,407629830,255154816.00
20220907,0.630,0.648,0.628,0.641,414035619,265300400.00
20220908,0.641,0.642,0.630,0.630,379500109,241038256.00
20220909,0.630,0.635,0.627,0.633,394458266,248954304.00
20220913,0.636,0.639,0.629,0.633,331882404,210148464.00
20220914,0.627,0.630,0.620,0.625,380655820,237782272.00
20220915,0.625,0.627,0.601,0.604,504627813,308743648.00
20220916,0.603,0.610,0.600,0.600,407421377,246713648.00
20220919,0.600,0.605,0.592,0.595,429894726,257179952.00
20220920,0.598,0.607,0.595,0.600,390297021,234471056.00
20220921,0.597,0.598,0.587,0.590,450678563,266273232.00
20220922,0.586,0.594,0.582,0.587,350589555,206331760.00
20220923,0.587,0.592,0.578,0.583,416977058,243428080.00
20220926,0.581,0.595,0.580,0.588,423999802,249734944.00
20220927,0.589,0.599,0.586,0.599,570244381,337382944.00
20220928,0.597,0.597,0.583,0.583,395094435,232177456.00
20220929,0.587,0.595,0.583,0.588,365004730,215303296.00
20220930,0.586,0.590,0.577,0.577,415047407,242236528.00
20221010,0.577,0.579,0.559,0.561,445672789,253205488.00
20221011,0.562,0.567,0.560,0.563,414086110,233365152.00
20221012,0.562,0.590,0.556,0.590,524153760,297061920.00
20221013,0.588,0.597,0.583,0.591,390931261,231558624.00
20221014,0.596,0.619,0.593,0.612,520451371,315110368.00
20221017,0.610,0.620,0.608,0.614,315549952,193415408.00
20221018,0.619,0.624,0.612,0.617,284672180,175862096.00
20221019,0.615,0.623,0.614,0.614,276992111,171208912.00
20221020,0.611,0.622,0.600,0.613,383886480,233939056.00
20221021,0.611,0.615,0.605,0.611,303209033,185053936.00
20221024,0.611,0.619,0.598,0.604,367012385,223532384.00
20221025,0.602,0.609,0.594,0.602,350249212,210512848.00
20221026,0.603,0.626,0.601,0.622,394987008,243339392.00
20221027,0.625,0.628,0.616,0.619,321875776,200580592.00
20221028,0.616,0.621,0.601,0.606,313712617,192248800.00
20221031,0.600,0.618,0.599,0.608,286329387,174512464.00
20221101,0.609,0.625,0.605,0.625,310567459,190919168.00
20221102,0.623,0.639,0.620,0.635,310725620,195973312.00
20221103,0.631,0.640,0.629,0.636,291343011,185141616.00
20221104,0.636,0.657,0.636,0.652,487783689,316825984.00
20221107,0.652,0.659,0.648,0.652,231699502,151316416.00
20221108,0.651,0.653,0.638,0.644,310131699,199572592.00
20221109,0.644,0.645,0.636,0.636,293433791,187449168.00
20221110,0.634,0.637,0.620,0.623,300516843,188583824.00
20221111,0.641,0.645,0.632,0.633,374373190,238813168.00
20221114,0.633,0.636,0.624,0.628,312954999,197348160.00
20221115,0.625,0.643,0.624,0.642,280413788,177388032.00
20221116,0.640,0.644,0.635,0.636,216073142,138001920.00
20221117,0.633,0.633,0.621,0.631,251799282,157581520.00
20221118,0.631,0.640,0.630,0.630,236605287,150482960.00
20221121,0.628,0.633,0.626,0.632,208196480,131053424.00
20221122,0.631,0.631,0.619,0.621,222119484,138838112.00
20221123,0.620,0.624,0.609,0.621,211796679,130560672.00
20221124,0.623,0.624,0.617,0.617,154179327,95622008.00
20221125,0.617,0.617,0.610,0.610,186659333,114316576.00
20221128,0.603,0.609,0.600,0.607,181848265,109910416.00
20221129,0.608,0.615,0.605,0.612,232395475,141705728.00
20221130,0.613,0.613,0.608,0.611,184477277,112628200.00
20221201,0.618,0.623,0.617,0.619,205752232,127662728.00
20221202,0.618,0.627,0.616,0.619,171173137,106535760.00
20221205,0.620,0.622,0.612,0.616,272816843,167833040.00
20221206,0.614,0.623,0.612,0.616,194854017,120153784.00
20221207,0.614,0.622,0.613,0.617,192496686,118939536.00
20221208,0.617,0.620,0.614,0.618,164289872,101466616.00
20221209,0.617,0.619,0.612,0.616,201474153,123822232.00
20221212,0.614,0.619,0.612,0.614,143922705,88602368.00
20221213,0.615,0.615,0.607,0.607,150104723,91674752.00
20221214,0.610,0.613,0.602,0.604,184893083,112048056.00
20221215,0.603,0.612,0.603,0.611,182488449,110823408.00
20221216,0.607,0.610,0.603,0.604,141956483,85984272.00
20221219,0.605,0.609,0.596,0.597,151770680,91489512.00
20221220,0.596,0.598,0.591,0.592,412831516,245348128.00
20221221,0.593,0.594,0.585,0.588,165857864,97788632.00
20221222,0.589,0.592,0.582,0.583,143740338,84504536.00
20221223,0.579,0.584,0.576,0.579,160582559,93184208.00
20221226,0.581,0.596,0.580,0.596,156690881,92564624.00
20221227,0.596,0.603,0.593,0.602,131184647,78422880.00
20221228,0.600,0.602,0.595,0.597,130454697,78042512.00
20221229,0.595,0.608,0.595,0.602,181649944,109515032.00
20221230,0.604,0.608,0.601,0.601,138666046,83704448.00
20230103,0.602,0.609,0.595,0.608,312863251,188872240.00
20230104,0.605,0.607,0.596,0.600,320703094,192967312.00
20230105,0.600,0.615,0.600,0.612,266023012,161995984.00
20230106,0.611,0.625,0.610,0.619,204599114,126632008.00
20230109,0.621,0.626,0.618,0.623,175908629,109503888.00
20230110,0.623,0.630,0.620,0.628,182908192,114350704.00
20230111,0.627,0.629,0.618,0.619,165658983,103418808.00
20230112,0.620,0.626,0.619,0.621,112290328,69877880.00
20230113,0.623,0.625,0.619,0.625,121146377,75404688.00
20230116,0.624,0.644,0.624,0.637,227767498,144850240.00
20230117,0.637,0.645,0.637,0.642,121635080,78087904.00
20230118,0.643,0.645,0.639,0.641,98186666,63053968.00
20230119,0.640,0.651,0.639,0.651,159499464,103062088.00
20230120,0.652,0.657,0.651,0.656,128701135,84294072.00
20230130,0.674,0.675,0.662,0.663,207809655,138626592.00
20230131,0.663,0.663,0.650,0.651,208066417,136396576.00
20230201,0.653,0.658,0.647,0.658,190878208,124626944.00
20230202,0.660,0.664,0.654,0.657,156646470,103225368.00
20230203,0.653,0.657,0.645,0.653,161955548,105328008.00
20230206,0.646,0.650,0.639,0.642,156098736,100424128.00
20230207,0.642,0.645,0.635,0.638,154218887,98618968.00
20230208,0.640,0.643,0.636,0.638,158708006,101541968.00
20230209,0.636,0.650,0.633,0.649,185596883,119179360.00
20230210,0.649,0.649,0.637,0.641,154982170,99571360.00
20230213,0.640,0.646,0.639,0.644,141665240,90985760.00
20230214,0.644,0.646,0.638,0.640,139043728,89112568.00
20230215,0.640,0.643,0.636,0.639,114783132,73318824.00
20230216,0.639,0.643,0.626,0.628,206040457,131043280.00
20230217,0.627,0.630,0.614,0.614,226453310,140796048.00
20230220,0.614,0.621,0.609,0.620,168585408,103573512.00
20230221,0.620,0.621,0.613,0.616,195626623,120756416.00
20230222,0.613,0.617,0.611,0.613,153907080,94437520.00
20230223,0.613,0.618,0.612,0.616,209566547,128821640.00
20230224,0.616,0.617,0.609,0.611,156337769,95668376.00
20230227,0.608,0.614,0.605,0.607,212798576,129219680.00
20230228,0.608,0.612,0.606,0.609,147495462,89808808.00
20230301,0.610,0.615,0.606,0.614,173225801,105923416.00
20230302,0.614,0.615,0.608,0.609,172582773,105568272.00
20230303,0.612,0.614,0.607,0.612,182820558,111843024.00
20230306,0.613,0.617,0.605,0.616,229978391,140494432.00
20230307,0.614,0.616,0.606,0.606,184823398,113047144.00
20230308,0.605,0.608,0.602,0.605,165700930,100163816.00
20230309,0.606,0.608,0.603,0.606,138980155,84245312.00
20230310,0.604,0.610,0.600,0.605,204995478,124053776.00
20230313,0.604,0.606,0.600,0.602,200327695,120692720.00
20230314,0.602,0.606,0.593,0.605,224012950,134372736.00
20230315,0.606,0.611,0.601,0.602,286945998,174008496.00
20230316,0.599,0.601,0.590,0.592,335306471,199727568.00
20230317,0.595,0.598,0.589,0.593,273539478,162387104.00
20230320,0.593,0.601,0.589,0.595,232308252,138425472.00
20230321,0.595,0.602,0.595,0.601,232739874,139271088.00
20230322,0.603,0.606,0.601,0.604,172430818,104082672.00
20230323,0.603,0.609,0.601,0.609,190436789,115296864.00
20230324,0.609,0.610,0.605,0.608,165075210,100327248.00
20230327,0.608,0.611,0.604,0.608,214635501,130542024.00
20230328,0.608,0.611,0.601,0.603,155502129,94183816.00
20230329,0.603,0.613,0.602,0.609,225353131,136913104.00
20230330,0.609,0.612,0.606,0.611,171099970,104312880.00
20230331,0.612,0.615,0.609,0.615,169224041,103633192.00
20230403,0.615,0.625,0.615,0.624,323116966,200313152.00
20230404,0.624,0.626,0.618,0.624,262931649,163546768.00
20230406,0.622,0.631,0.620,0.629,214248065,134387664.00
20230407,0.628,0.635,0.628,0.634,436282028,276231776.00
20230410,0.636,0.638,0.627,0.628,230041612,145498768.00
20230411,0.626,0.632,0.622,0.625,195019474,122320976.00
20230412,0.625,0.627,0.621,0.623,141758119,88400536.00
20230413,0.622,0.623,0.615,0.615,150296384,93083344.00
20230414,0.617,0.628,0.617,0.627,203922953,126939000.00
20230417,0.627,0.634,0.627,0.630,170239356,107336488.00
20230418,0.627,0.631,0.622,0.626,117855774,73734168.00
20230419,0.626,0.627,0.622,0.623,111935189,69907224.00
20230420,0.623,0.626,0.618,0.621,123501178,76730736.00
20230421,0.621,0.624,0.606,0.607,178500512,109745872.00
20230424,0.607,0.608,0.593,0.597,208722689,125070920.00
20230425,0.598,0.599,0.580,0.585,229841439,135024880.00
20230426,0.584,0.595,0.582,0.592,136228866,80199024.00
20230427,0.590,0.595,0.589,0.593,100114094,59270532.00
20230428,0.594,0.599,0.593,0.599,134878067,80268416.00
20230504,0.597,0.598,0.587,0.589,139777016,82624808.00
20230505,0.589,0.590,0.580,0.581,156905752,91510872.00
20230508,0.583,0.585,0.579,0.584,141787242,82549424.00
20230509,0.584,0.585,0.574,0.575,198437529,114900640.00
20230510,0.575,0.580,0.569,0.580,158384918,90821360.00
20230511,0.579,0.585,0.578,0.581,107671248,62551600.00
20230512,0.581,0.584,0.573,0.575,129237041,74721920.00
20230515,0.574,0.585,0.573,0.584,134675340,78100320.00
20230516,0.586,0.588,0.583,0.586,112404729,65831028.00
20230517,0.586,0.589,0.583,0.585,110500862,64661408.00
20230518,0.585,0.586,0.579,0.581,117323263,68312768.00
20230519,0.582,0.587,0.581,0.584,102050788,59630384.00
20230522,0.584,0.587,0.580,0.583,97579611,56893296.00
20230523,0.583,0.584,0.576,0.576,105853703,61423008.00
20230524,0.576,0.581,0.573,0.576,117531576,67756296.00
20230525,0.575,0.580,0.573,0.578,202523890,116805800.00
20230526,0.578,0.579,0.573,0.576,195897350,112923632.00
20230529,0.578,0.579,0.568,0.571,140992417,80560792.00
20230530,0.569,0.575,0.566,0.574,108883054,62125788.00
20230531,0.574,0.575,0.569,0.572,99994117,57176328.00
20230601,0.572,0.579,0.570,0.575,127360929,73324976.00
20230602,0.576,0.580,0.573,0.577,94182194,54339748.00
20230605,0.577,0.580,0.570,0.572,109270165,62652132.00
20230606,0.571,0.572,0.559,0.562,348888991,197059536.00
20230607,0.562,0.562,0.550,0.552,302160164,167200368.00
20230608,0.551,0.553,0.545,0.547,155652135,85388696.00
20230609,0.548,0.553,0.545,0.553,128369815,70373360.00
20230612,0.551,0.558,0.550,0.556,195728500,108688592.00
20230613,0.555,0.561,0.554,0.559,89729082,50030412.00
20230614,0.560,0.561,0.556,0.557,73466225,41047248.00
20230615,0.559,0.573,0.557,0.571,272262786,154441888.00
20230616,0.571,0.582,0.570,0.580,168497755,97176520.00
20230619,0.580,0.581,0.577,0.580,127703993,73906000.00
20230620,0.577,0.580,0.575,0.578,96479846,55747632.00
20230621,0.576,0.578,0.563,0.564,124863997,71126296.00
20230626,0.561,0.570,0.558,0.562,129141961,72693136.00
20230627,0.562,0.567,0.560,0.564,213094736,119903328.00
20230628,0.564,0.564,0.555,0.561,243919056,136623072.00
20230629,0.560,0.565,0.559,0.561,72641367,40780360.00
20230630,0.558,0.570,0.557,0.570,187074602,106048296.00
20230703,0.569,0.575,0.566,0.571,83772720,47779632.00
20230704,0.571,0.576,0.568,0.572,63859134,36521980.00
20230705,0.573,0.578,0.570,0.572,66990693,38441756.00
20230706,0.570,0.572,0.564,0.565,78150389,44334168.00
20230707,0.563,0.564,0.558,0.559,94758350,53083864.00
20230710,0.560,0.569,0.559,0.565,79432871,44882352.00
20230711,0.565,0.569,0.563,0.568,52324681,29619568.00
20230712,0.568,0.569,0.563,0.565,77890617,44072528.00
20230713,0.566,0.571,0.565,0.570,80691908,45943532.00
20230714,0.570,0.572,0.567,0.568,63629870,36211020.00
20230717,0.568,0.568,0.562,0.563,79888155,44984100.00
20230718,0.563,0.565,0.561,0.563,50179642,28233820.00
20230719,0.563,0.565,0.556,0.558,112387972,62760756.00
20230720,0.559,0.562,0.551,0.552,109966093,61084520.00
20230721,0.553,0.555,0.549,0.550,137908785,75983176.00
20230724,0.550,0.552,0.546,0.546,203569088,111418728.00
20230725,0.551,0.556,0.550,0.555,178511470,98875360.00
20230726,0.555,0.558,0.552,0.556,127046790,70694664.00
20230727,0.556,0.560,0.553,0.554,142874975,79454936.00
20230728,0.553,0.561,0.551,0.560,158914591,88519088.00
20230731,0.562,0.568,0.561,0.564,147618731,83406816.00
20230801,0.562,0.566,0.559,0.561,82831952,46582400.00
20230802,0.560,0.563,0.559,0.561,77645297,43554340.00
20230803,0.560,0.565,0.559,0.565,86517160,48725608.00
20230804,0.567,0.571,0.564,0.568,129401007,73545880.00
20230807,0.568,0.569,0.560,0.561,146878105,82580968.00
20230808,0.562,0.564,0.560,0.560,103072643,57937652.00
20230809,0.560,0.564,0.559,0.561,96134895,53907232.00
20230810,0.561,0.564,0.559,0.563,65193711,36606556.00
20230811,0.562,0.563,0.551,0.552,142238952,79084648.00
20230814,0.551,0.551,0.540,0.547,157956005,86021848.00
20230815,0.546,0.548,0.535,0.538,278836003,150427968.00
20230816,0.536,0.543,0.533,0.533,125402459,67374976.00
20230817,0.532,0.538,0.530,0.538,200081971,107092432.00
20230818,0.538,0.540,0.532,0.533,104319308,55937936.00
20230821,0.530,0.532,0.524,0.527,157651681,83201136.00
20230822,0.526,0.528,0.513,0.525,214263609,111432264.00
20230823,0.523,0.524,0.512,0.513,128141307,66341272.00
20230824,0.514,0.522,0.513,0.518,126046465,65301956.00
20230825,0.516,0.516,0.509,0.513,151927547,77834888.00
20230828,0.541,0.545,0.514,0.516,255047354,134542608.00
20230829,0.515,0.535,0.514,0.533,254041529,134024792.00
20230830,0.535,0.545,0.535,0.538,220629900,119075584.00
20230831,0.536,0.541,0.534,0.536,119940882,64449292.00
20230901,0.537,0.540,0.532,0.534,91703860,49023188.00
20230904,0.536,0.540,0.531,0.540,115219485,61720112.00
20230905,0.539,0.541,0.536,0.536,105036997,56561752.00
20230906,0.535,0.536,0.531,0.535,100182752,53482604.00
20230907,0.533,0.534,0.519,0.520,153749165,80779296.00
20230908,0.517,0.520,0.515,0.518,94711931,49022384.00
20230911,0.519,0.525,0.516,0.522,106939869,55663452.00
20230912,0.521,0.522,0.518,0.519,82358863,42776920.00
20230913,0.518,0.519,0.509,0.511,165068931,84591184.00
20230914,0.511,0.512,0.506,0.507,124854207,63476976.00
20230915,0.508,0.514,0.504,0.507,244396589,124416696.00
20230918,0.506,0.513,0.505,0.508,218091879,111018000.00
20230919,0.507,0.508,0.503,0.505,111459293,56265064.00
20230920,0.505,0.505,0.500,0.501,199259580,100121272.00
20230921,0.500,0.502,0.497,0.497,113574751,56664460.00
20230922,0.496,0.509,0.496,0.508,152620395,76901584.00
20230925,0.506,0.509,0.505,0.506,112354326,56950212.00
20230926,0.506,0.510,0.505,0.505,95271461,48250368.00
20230927,0.505,0.514,0.505,0.508,118248971,60202848.00
20230928,0.509,0.512,0.506,0.510,112408462,57149824.00
20231009,0.509,0.515,0.506,0.512,208751922,106888584.00
20231010,0.512,0.516,0.508,0.508,82362721,42116616.00
20231011,0.509,0.518,0.509,0.515,136423563,70274328.00
20231012,0.517,0.521,0.515,0.520,181518945,94156056.00
20231013,0.517,0.518,0.511,0.514,92656705,47615428.00
20231016,0.515,0.515,0.501,0.504,135184879,68401832.00
20231017,0.504,0.508,0.501,0.506,192820881,97326304.00
20231018,0.504,0.505,0.497,0.498,120196086,60017168.00
20231019,0.496,0.500,0.494,0.495,127298182,63203184.00
20231020,0.494,0.495,0.488,0.489,235801345,115714568.00
20231023,0.488,0.489,0.478,0.481,245156643,117948816.00
20231024,0.483,0.487,0.479,0.483,121802549,58831952.00
20231025,0.486,0.489,0.479,0.480,137859076,66698388.00
20231026,0.477,0.480,0.470,0.480,141923294,67337592.00
20231027,0.478,0.494,0.475,0.491,279636674,136559232.00
20231030,0.489,0.509,0.489,0.507,271760900,136488848.00
20231031,0.507,0.508,0.500,0.504,117226224,58951540.00
20231101,0.504,0.504,0.498,0.501,89887480,45046320.00
20231102,0.500,0.505,0.497,0.498,108704089,54513492.00
20231103,0.498,0.507,0.498,0.505,201750364,101908616.00
20231106,0.507,0.521,0.507,0.520,293248053,151668224.00
20231107,0.520,0.522,0.516,0.520,103071582,53453740.00
20231108,0.519,0.526,0.518,0.522,133615870,69755424.00
20231109,0.521,0.525,0.518,0.521,89158634,46491316.00
20231110,0.518,0.519,0.514,0.516,105543576,54474788.00
20231113,0.518,0.520,0.514,0.516,248665371,128426352.00
20231114,0.516,0.522,0.515,0.518,86202328,44630348.00
20231115,0.524,0.525,0.518,0.519,92511510,48214224.00
20231116,0.520,0.520,0.510,0.510,134863684,69157744.00
20231117,0.510,0.512,0.508,0.512,67439783,34395316.00
20231120,0.512,0.515,0.507,0.514,101233182,51768728.00
20231121,0.515,0.518,0.510,0.510,90043665,46292500.00
20231122,0.510,0.510,0.501,0.502,109727873,55427272.00
20231123,0.501,0.505,0.499,0.504,101331790,50854544.00
20231124,0.504,0.505,0.498,0.498,90370121,45208240.00
20231127,0.498,0.499,0.494,0.498,77717309,38585780.00
20231128,0.498,0.501,0.496,0.500,66735052,33280326.00
20231129,0.501,0.501,0.495,0.496,69329557,34509644.00
20231130,0.496,0.500,0.494,0.496,77742075,38620044.00
20231201,0.496,0.501,0.492,0.499,94862258,47063452.00
20231204,0.499,0.500,0.493,0.494,88162467,43787028.00
20231205,0.493,0.493,0.483,0.485,121676304,59561136.00
20231206,0.485,0.489,0.483,0.485,105896808,51470396.00
20231207,0.485,0.486,0.479,0.483,106267522,51233564.00
20231208,0.483,0.491,0.481,0.489,138974622,67592320.00
20231211,0.487,0.498,0.482,0.496,135217376,66143180.00
20231212,0.494,0.496,0.492,0.493,76565418,37808524.00
20231213,0.493,0.494,0.486,0.486,86341871,42253712.00
20231214,0.489,0.492,0.483,0.485,94268027,45954412.00
20231215,0.486,0.488,0.478,0.480,140804681,67855544.00
20231218,0.479,0.479,0.472,0.474,107635793,51174784.00
20231219,0.474,0.479,0.472,0.477,103409112,49084264.00
20231220,0.477,0.478,0.471,0.471,93235279,44260360.00
20231221,0.470,0.482,0.470,0.480,145282176,69183408.00
20231222,0.478,0.483,0.475,0.479,116748425,55881408.00
20231225,0.477,0.480,0.475,0.478,71393322,34052420.00
20231226,0.478,0.478,0.469,0.472,139226668,65683128.00
20231227,0.471,0.475,0.470,0.473,90348345,42694124.00
20231228,0.472,0.490,0.472,0.489,198790280,96110424.00
20231229,0.489,0.492,0.488,0.491,112239260,55049736.00
20240102,0.491,0.492,0.482,0.483,100868403,48928372.00
20240103,0.482,0.483,0.474,0.476,137904421,65853144.00
20240104,0.476,0.477,0.466,0.469,195845870,91873392.00
20240105,0.468,0.472,0.459,0.462,168921668,78590048.00
20240108,0.462,0.462,0.451,0.452,149697102,68183440.00
20240109,0.454,0.460,0.451,0.454,122742480,55793856.00
20240110,0.452,0.458,0.448,0.450,135457094,61215168.00
20240111,0.450,0.460,0.449,0.457,134107368,60979172.00
20240112,0.456,0.458,0.451,0.452,140586290,63835196.00
20240115,0.451,0.454,0.446,0.448,115343680,51847296.00
20240116,0.448,0.451,0.444,0.451,117971270,52769456.00
20240117,0.450,0.451,0.438,0.438,135482698,60176392.00
20240118,0.436,0.449,0.433,0.448,194513195,85306680.00
20240119,0.447,0.452,0.445,0.447,121968449,54723036.00
20240122,0.446,0.448,0.434,0.438,157169954,69666728.00
20240123,0.437,0.446,0.434,0.442,144136316,63639260.00
20240124,0.445,0.445,0.430,0.444,193485753,84651168.00
20240125,0.441,0.450,0.437,0.449,219952226,97773840.00
20240126,0.446,0.447,0.437,0.439,182907534,81009896.00
20240129,0.439,0.441,0.423,0.423,257536558,110707864.00
20240130,0.420,0.424,0.410,0.410,202359936,84305536.00
20240131,0.410,0.415,0.406,0.408,187078369,76856808.00
20240201,0.406,0.421,0.406,0.413,227196773,94123080.00
20240202,0.415,0.416,0.394,0.405,306085645,123718200.00
20240205,0.402,0.418,0.388,0.412,336929537,136082880.00
20240206,0.410,0.433,0.407,0.432,292710589,123952384.00
20240207,0.432,0.443,0.430,0.439,260163130,113998088.00
20240208,0.441,0.450,0.440,0.444,204110137,90899656.00
20240219,0.448,0.454,0.446,0.453,283088439,127304816.00
20240220,0.453,0.454,0.447,0.452,175987443,79233968.00
20240221,0.450,0.460,0.447,0.454,230228787,104795320.00
20240222,0.452,0.458,0.452,0.455,124822987,56816980.00
20240223,0.457,0.458,0.451,0.455,116517880,52942428.00
20240226,0.455,0.459,0.452,0.454,133536692,60816092.00
20240227,0.453,0.468,0.451,0.468,218589586,100642240.00
20240228,0.468,0.477,0.457,0.457,209263558,98034072.00
20240229,0.456,0.474,0.455,0.474,198455058,92659248.00
20240301,0.473,0.481,0.471,0.479,194216433,92510200.00
20240304,0.480,0.485,0.477,0.482,190216286,91695232.00
20240305,0.478,0.488,0.477,0.484,214101890,103547208.00
20240306,0.481,0.489,0.477,0.482,133848587,64561268.00
20240307,0.482,0.485,0.471,0.472,218238184,103800952.00
20240308,0.474,0.479,0.470,0.477,127117385,60325532.00
20240311,0.476,0.495,0.475,0.494,392184683,191488864.00
20240312,0.495,0.500,0.492,0.495,480807563,238604448.00
20240313,0.495,0.499,0.492,0.494,262036604,129919800.00
20240314,0.493,0.498,0.486,0.490,249260050,122446104.00
20240315,0.488,0.490,0.481,0.490,137544019,66690240.00
20240318,0.490,0.501,0.490,0.500,147782198,73496264.00
20240319,0.499,0.500,0.493,0.493,84272223,41847976.00
20240320,0.492,0.496,0.489,0.493,93864215,46207560.00
20240321,0.494,0.498,0.488,0.489,122015925,60059352.00
20240322,0.488,0.490,0.481,0.482,169298089,81995032.00
20240325,0.482,0.485,0.476,0.476,115871820,55737432.00
20240326,0.476,0.480,0.473,0.475,99677495,47403804.00
20240327,0.474,0.475,0.463,0.464,124071292,58089288.00
20240328,0.462,0.472,0.462,0.467,126245753,58945176.00
20240329,0.466,0.471,0.463,0.469,122676791,57153356.00
20240401,0.470,0.480,0.470,0.479,167130446,79746016.00
20240402,0.478,0.479,0.473,0.475,83083037,39513080.00
20240403,0.474,0.475,0.468,0.469,107279387,50495784.00
20240408,0.468,0.469,0.461,0.461,111748544,51913896.00
20240409,0.462,0.465,0.458,0.465,106887160,49304216.00
20240410,0.465,0.465,0.455,0.456,133194490,60982820.00
20240411,0.455,0.460,0.454,0.455,200031673,91355504.00
20240412,0.455,0.459,0.454,0.454,95064411,43436336.00
20240415,0.455,0.465,0.454,0.462,125430295,57962624.00
20240416,0.460,0.462,0.454,0.455,134071258,61387296.00
20240417,0.458,0.464,0.456,0.464,118474016,54587924.00
20240418,0.462,0.466,0.456,0.461,122918795,56742796.00
20240419,0.460,0.460,0.448,0.450,140829568,63708912.00
20240422,0.449,0.453,0.446,0.449,74987433,33711312.00
20240423,0.450,0.453,0.446,0.448,143231198,64233240.00
20240424,0.450,0.454,0.447,0.453,80511768,36304772.00
20240425,0.451,0.455,0.448,0.450,102077728,46044496.00
20240426,0.451,0.466,0.450,0.466,156805488,72293032.00
20240429,0.466,0.486,0.466,0.481,164885312,78943712.00
20240430,0.482,0.483,0.475,0.477,100226796,47960668.00
20240506,0.485,0.488,0.483,0.484,148731374,72196512.00
20240507,0.484,0.486,0.480,0.482,92623068,44644752.00
20240508,0.481,0.481,0.474,0.475,94588898,45077752.00
20240509,0.474,0.483,0.474,0.482,130208941,62654192.00
20240510,0.483,0.483,0.474,0.478,107348493,51183856.00
20240513,0.474,0.478,0.470,0.473,100889889,47769076.00
20240514,0.474,0.476,0.470,0.472,79373099,37471528.00
20240515,0.471,0.474,0.466,0.467,92405398,43401312.00
20240516,0.468,0.472,0.466,0.469,97329567,45699856.00
20240517,0.467,0.471,0.464,0.471,105162387,49123772.00
20240520,0.471,0.475,0.469,0.472,93278741,43986548.00
20240521,0.471,0.472,0.467,0.468,72994926,34256468.00
20240522,0.468,0.476,0.467,0.475,108011328,50925688.00
20240523,0.475,0.476,0.468,0.469,94021542,44268608.00
20240524,0.467,0.472,0.459,0.460,126097360,58609100.00
20240527,0.460,0.464,0.455,0.464,87578988,40201388.00
20240528,0.463,0.465,0.458,0.458,57185203,26386608.00
20240529,0.458,0.465,0.458,0.460,73511561,33968792.00
20240530,0.460,0.465,0.459,0.462,75384013,34849424.00
20240531,0.464,0.468,0.461,0.462,75130221,34883132.00
20240603,0.461,0.467,0.460,0.466,90521536,42064476.00
20240604,0.465,0.473,0.465,0.471,132846007,62257464.00
20240605,0.471,0.476,0.470,0.471,100322460,47410192.00
20240606,0.473,0.474,0.467,0.468,93598293,44064792.00
20240607,0.470,0.470,0.456,0.460,130266624,60115308.00
20240611,0.459,0.465,0.456,0.464,85186870,39188480.00
20240612,0.463,0.466,0.462,0.462,304179221,140906912.00
20240613,0.463,0.469,0.463,0.464,102825059,47869740.00
20240614,0.464,0.466,0.459,0.465,87051264,40234512.00
20240617,0.463,0.471,0.462,0.469,98454994,46125844.00
20240618,0.469,0.475,0.468,0.470,94442140,44501560.00
20240619,0.470,0.472,0.465,0.466,73126084,34182504.00
20240620,0.469,0.469,0.463,0.464,90978337,42430068.00
20240621,0.464,0.464,0.458,0.464,94215319,43411096.00
20240624,0.462,0.464,0.455,0.457,95648870,44026584.00
20240625,0.456,0.456,0.442,0.444,176220539,79019704.00
20240626,0.444,0.452,0.443,0.452,103937699,46504928.00
20240627,0.450,0.450,0.444,0.444,77114056,34381492.00
20240628,0.443,0.450,0.440,0.442,92343176,41078836.00
20240701,0.443,0.443,0.432,0.440,98207721,42896616.00
20240702,0.440,0.440,0.433,0.434,108563832,47306504.00
20240703,0.434,0.437,0.430,0.434,72000962,31215790.00
20240704,0.435,0.437,0.430,0.430,92972753,40264860.00
20240705,0.430,0.435,0.426,0.433,87783315,37762936.00
20240708,0.432,0.434,0.427,0.428,74497455,32081764.00
20240709,0.427,0.439,0.426,0.437,111645427,48305856.00
20240710,0.436,0.441,0.435,0.437,195932589,85879784.00
20240711,0.442,0.447,0.439,0.443,104362946,46253656.00
20240712,0.442,0.444,0.438,0.442,95711654,42184180.00
20240715,0.441,0.443,0.438,0.441,71388705,31441608.00
20240716,0.440,0.451,0.439,0.451,163247774,72926864.00
20240717,0.450,0.452,0.447,0.450,58695142,26410448.00
20240718,0.448,0.456,0.444,0.455,120048449,53929460.00
20240719,0.452,0.463,0.452,0.461,129409892,59399428.00
20240722,0.461,0.464,0.458,0.461,82079597,37871764.00
20240723,0.461,0.461,0.445,0.446,102868083,46496920.00
20240724,0.445,0.449,0.439,0.440,94227103,41768360.00
20240725,0.439,0.443,0.437,0.439,73463930,32281130.00
20240726,0.440,0.445,0.437,0.443,67265765,29703734.00
20240729,0.442,0.443,0.434,0.436,79203599,34628052.00
20240730,0.435,0.435,0.430,0.433,71965144,31100268.00
20240731,0.433,0.450,0.431,0.450,143296178,63576696.00
20240801,0.450,0.452,0.443,0.445,90519381,40450392.00
20240802,0.442,0.446,0.436,0.437,110850680,48855220.00
20240805,0.436,0.440,0.428,0.429,122361101,52931568.00
20240806,0.432,0.436,0.428,0.433,80089604,34575968.00
20240807,0.433,0.436,0.430,0.431,62969520,27259270.00
20240808,0.430,0.435,0.426,0.430,69207577,29708948.00
20240809,0.432,0.435,0.427,0.428,64548701,27804572.00
20240812,0.428,0.429,0.425,0.427,62369555,26615494.00
20240813,0.426,0.429,0.423,0.429,64635153,27524960.00
20240814,0.428,0.429,0.422,0.422,72010985,30551926.00
20240815,0.421,0.428,0.421,0.425,79906342,33945120.00
20240816,0.426,0.428,0.424,0.425,58630367,24966890.00
20240819,0.425,0.431,0.425,0.426,44850870,19177866.00
20240820,0.427,0.428,0.420,0.420,68171947,28786116.00
20240821,0.420,0.423,0.418,0.419,47113897,19784264.00
20240822,0.420,0.421,0.415,0.417,54195757,22606296.00
20240823,0.416,0.417,0.412,0.416,66540255,27566656.00
20240826,0.415,0.418,0.412,0.414,42885568,17808016.00
20240827,0.414,0.414,0.408,0.411,68370167,28027706.00
20240828,0.410,0.411,0.406,0.408,62278950,25406410.00
20240829,0.406,0.414,0.403,0.412,77116133,31550804.00
20240830,0.411,0.427,0.411,0.423,153480434,64747384.00
20240902,0.422,0.423,0.410,0.410,106624599,44270412.00
20240903,0.411,0.416,0.410,0.414,65510500,27053050.00
20240904,0.410,0.416,0.407,0.412,75825861,31226302.00
20240905,0.410,0.417,0.410,0.412,66604456,27521402.00
20240906,0.413,0.413,0.405,0.407,81228601,33193562.00
20240909,0.406,0.409,0.402,0.406,80277789,32503742.00
20240910,0.406,0.411,0.402,0.408,112379312,45709652.00
20240911,0.407,0.412,0.406,0.411,80778980,33141254.00
20240912,0.412,0.416,0.408,0.408,127938049,52659224.00
20240913,0.409,0.411,0.405,0.407,64179064,26168760.00
20240918,0.405,0.407,0.402,0.405,78716000,31836614.00
20240919,0.407,0.410,0.401,0.406,160210488,64886404.00
20240920,0.406,0.407,0.400,0.403,136341306,54806560.00
20240923,0.403,0.407,0.400,0.401,74787495,30132890.00
20240924,0.402,0.419,0.400,0.419,236129599,96870984.00
20240925,0.425,0.432,0.423,0.423,246641064,105378784.00
20240926,0.422,0.438,0.418,0.438,228384721,97410568.00
20240927,0.441,0.480,0.441,0.474,445389387,205369984.00
20240930,0.500,0.567,0.487,0.567,1088618251,575653248.00
20241008,0.680,0.680,0.601,0.680,3231752653,2144708736.00
20241009,0.660,0.660,0.585,0.602,1745792148,1083972352.00
20241010,0.598,0.613,0.568,0.583,892828256,526699808.00
20241011,0.572,0.574,0.541,0.549,834323375,463622464.00
20241014,0.549,0.564,0.536,0.562,718687521,394986848.00
20241015,0.556,0.568,0.543,0.543,488933897,271427008.00
20241016,0.530,0.538,0.524,0.526,688727455,364967616.00
20241017,0.534,0.538,0.525,0.525,455553018,242360560.00
20241018,0.524,0.598,0.524,0.579,1349486716,762556416.00
20241021,0.591,0.610,0.572,0.584,1015028326,599406784.00
20241022,0.579,0.585,0.571,0.582,568823561,329216128.00
20241023,0.577,0.589,0.571,0.576,472928689,273291488.00
20241024,0.572,0.580,0.569,0.573,403610237,231845520.00
20241025,0.575,0.600,0.574,0.587,913175569,537493376.00
20241028,0.584,0.587,0.574,0.582,646724218,374577760.00
20241029,0.582,0.586,0.570,0.571,656220790,378526912.00
20241030,0.565,0.572,0.556,0.561,1665704846,935276416.00
20241031,0.558,0.572,0.555,0.564,556169319,313344960.00
20241101,0.559,0.562,0.551,0.551,332642498,185188800.00
20241104,0.551,0.562,0.549,0.562,440717266,245957216.00
20241105,0.560,0.586,0.558,0.584,657350828,378923072.00
20241106,0.585,0.597,0.576,0.582,472636385,277451808.00
20241107,0.575,0.600,0.574,0.596,596539166,349305376.00
20241108,0.610,0.615,0.592,0.594,1028715773,620178560.00
20241111,0.590,0.616,0.587,0.616,607031164,368354784.00
20241112,0.614,0.623,0.602,0.609,667198645,409533824.00
20241113,0.602,0.620,0.602,0.619,472907356,289360736.00
20241114,0.616,0.620,0.596,0.599,318695200,193384736.00
20241115,0.596,0.600,0.575,0.576,836025341,493925312.00
20241118,0.576,0.581,0.558,0.562,844476928,481334656.00
20241119,0.564,0.580,0.557,0.578,419634912,237992352.00
20241120,0.575,0.584,0.573,0.580,254729139,147485856.00
20241121,0.579,0.587,0.576,0.582,236280790,137475792.00
20241122,0.580,0.584,0.559,0.561,256361936,146375760.00
20241125,0.560,0.564,0.545,0.554,242744857,134318448.00
20241126,0.551,0.558,0.550,0.550,147205223,81502456.00
20241127,0.546,0.567,0.543,0.567,279447457,155524960.00
20241128,0.565,0.568,0.558,0.560,199197815,112219784.00
20241129,0.557,0.581,0.557,0.572,409163872,233733840.00
数据来源:通达信
