159985 豆粕ETF 日线 后复权
      日期	    开盘	    最高	    最低	    收盘	    成交量	    成交额
20191205,0.983,0.995,0.978,0.986,12225657,12005607.00
20191206,0.993,0.996,0.982,0.984,28101146,27811112.00
20191209,0.986,0.993,0.986,0.988,11001632,10891211.00
20191210,0.987,0.990,0.984,0.987,5352405,5283264.00
20191211,0.991,0.995,0.989,0.992,13580131,13472876.00
20191212,0.990,0.990,0.985,0.985,8726203,8610364.00
20191213,0.983,0.983,0.972,0.975,13274504,12977756.00
20191216,0.978,0.983,0.977,0.983,9697398,9516556.00
20191217,0.981,0.983,0.980,0.983,8184818,8035284.00
20191218,0.984,0.988,0.984,0.986,9603415,9473833.00
20191219,0.984,0.984,0.977,0.977,8368199,8202012.00
20191220,0.980,0.981,0.975,0.977,5999404,5867378.00
20191223,0.979,0.984,0.978,0.980,9694930,9506657.00
20191224,0.982,0.983,0.979,0.981,4423303,4338252.50
20191225,0.978,0.978,0.975,0.977,8451521,8254085.00
20191226,0.976,0.977,0.973,0.976,13556209,13210228.00
20191227,0.976,0.978,0.975,0.976,5457803,5329569.00
20191230,0.976,0.988,0.975,0.988,14100918,13860926.00
20191231,0.994,0.994,0.987,0.989,9011758,8912573.00
20200102,0.989,0.992,0.986,0.988,11801411,11672904.00
20200103,0.988,0.992,0.984,0.984,10536508,10412359.00
20200106,0.979,0.980,0.976,0.978,11505511,11249379.00
20200107,0.980,0.980,0.978,0.978,3960301,3877502.75
20200108,0.975,0.979,0.972,0.975,17871116,17420574.00
20200109,0.971,0.974,0.967,0.970,20616905,19991686.00
20200110,0.965,0.965,0.955,0.956,29715915,28490556.00
20200113,0.957,0.957,0.947,0.948,19432436,18484346.00
20200114,0.953,0.953,0.948,0.950,36553305,34734124.00
20200115,0.951,0.964,0.951,0.962,25127485,24068548.00
20200116,0.957,0.959,0.955,0.959,10958403,10490223.00
20200117,0.958,0.959,0.950,0.957,18864956,18008008.00
20200120,0.956,0.958,0.955,0.957,6025110,5763561.00
20200121,0.957,0.968,0.956,0.966,16167605,15562318.00
20200122,0.956,0.957,0.951,0.954,30115401,28724336.00
20200123,0.952,0.953,0.942,0.944,12211312,11577711.00
20200203,0.908,0.922,0.908,0.919,17155040,15753754.00
20200204,0.935,0.947,0.933,0.946,12239825,11489844.00
20200205,0.944,0.945,0.939,0.942,11556400,10886897.00
20200206,0.941,0.944,0.935,0.943,11302202,10620332.00
20200207,0.941,0.942,0.938,0.940,7975800,7498644.50
20200210,0.942,0.951,0.942,0.950,7389309,7001516.00
20200211,0.947,0.951,0.945,0.948,5447602,5161888.50
20200212,0.948,0.951,0.942,0.944,10083100,9552268.00
20200213,0.950,0.960,0.946,0.959,18427950,17565022.00
20200214,0.956,0.959,0.951,0.954,14035418,13401455.00
20200217,0.958,0.962,0.956,0.958,15482721,14832096.00
20200218,0.957,0.957,0.948,0.950,15787911,15008286.00
20200219,0.950,0.952,0.946,0.951,10815804,10267976.00
20200220,0.952,0.955,0.950,0.951,10026906,9549635.00
20200221,0.954,0.956,0.950,0.951,7635918,7276702.50
20200224,0.948,0.948,0.937,0.937,21197901,19956446.00
20200225,0.937,0.942,0.936,0.942,13615918,12787912.00
20200226,0.941,0.943,0.938,0.943,17292208,16262758.00
20200227,0.946,0.951,0.944,0.945,16752919,15879577.00
20200228,0.949,0.953,0.932,0.933,22513703,21254498.00
20200302,0.945,0.972,0.943,0.971,50262349,48427472.00
20200303,0.973,0.975,0.964,0.968,30720110,29759472.00
20200304,0.967,0.979,0.964,0.968,30896208,29943352.00
20200305,0.969,0.972,0.966,0.969,11097700,10744254.00
20200306,0.965,0.965,0.960,0.964,19646302,18914316.00
20200309,0.959,0.960,0.941,0.948,40488800,38395588.00
20200310,0.953,0.958,0.950,0.957,9839401,9391457.00
20200311,0.957,0.957,0.949,0.950,7750501,7381791.00
20200312,0.949,0.950,0.942,0.946,10913100,10323866.00
20200313,0.943,0.960,0.939,0.959,38515220,36610660.00
20200316,0.966,0.976,0.956,0.959,52499612,50794260.00
20200317,0.967,0.969,0.949,0.960,34477610,33027394.00
20200318,0.963,0.969,0.957,0.958,21342504,20566344.00
20200319,0.961,0.964,0.944,0.949,32913407,31253194.00
20200320,0.969,0.979,0.969,0.977,28510909,27798624.00
20200323,1.001,1.032,1.001,1.029,63902768,64732108.00
20200324,1.038,1.038,1.007,1.015,65989325,66962448.00
20200325,1.021,1.036,1.021,1.032,59636994,61396076.00
20200326,1.019,1.021,1.002,1.005,43134102,43755856.00
20200327,1.017,1.023,1.010,1.017,34123110,34706700.00
20200330,1.040,1.043,1.025,1.026,58714925,60790852.00
20200331,1.022,1.029,1.015,1.023,39305771,40152292.00
20200401,1.022,1.024,0.987,0.993,114290703,114643352.00
20200402,0.986,0.992,0.983,0.989,50857708,50258212.00
20200403,0.984,0.984,0.974,0.976,56475401,55249936.00
20200407,0.978,0.984,0.976,0.979,70105805,68646032.00
20200408,0.980,0.982,0.977,0.981,52958590,51884728.00
20200409,0.982,0.983,0.978,0.982,34312100,33641264.00
20200410,0.984,0.990,0.982,0.983,48845910,48174140.00
20200413,0.988,0.990,0.975,0.976,47884900,46970608.00
20200414,0.972,0.977,0.969,0.976,37526090,36517364.00
20200415,0.976,0.981,0.974,0.977,36999800,36169532.00
20200416,0.975,0.975,0.961,0.962,60914600,58946232.00
20200417,0.963,0.966,0.959,0.961,44847800,43160468.00
20200420,0.953,0.955,0.950,0.951,49397282,47040732.00
20200421,0.948,0.951,0.944,0.950,48283810,45751116.00
20200422,0.958,0.960,0.951,0.960,57196200,54614864.00
20200423,0.962,0.965,0.959,0.963,45143300,43403112.00
20200424,0.962,0.962,0.956,0.959,44173800,42352808.00
20200427,0.955,0.966,0.954,0.965,55212300,53053492.00
20200428,0.961,0.961,0.950,0.951,72575611,69370576.00
20200429,0.947,0.951,0.946,0.947,51526901,48856308.00
20200430,0.948,0.950,0.946,0.949,26212385,24850882.00
20200506,0.951,0.958,0.951,0.957,26792704,25558890.00
20200507,0.959,0.959,0.955,0.956,29724410,28447290.00
20200508,0.959,0.961,0.956,0.956,40765300,39036304.00
20200511,0.960,0.961,0.948,0.950,50386906,48193480.00
20200512,0.947,0.952,0.946,0.950,40236100,38157240.00
20200513,0.950,0.950,0.944,0.946,43768100,41399064.00
20200514,0.938,0.939,0.932,0.935,51335600,47997532.00
20200515,0.937,0.940,0.936,0.937,26412105,24776110.00
20200518,0.938,0.954,0.938,0.952,36314604,34455972.00
20200519,0.952,0.952,0.946,0.950,22176303,21037852.00
20200520,0.951,0.958,0.950,0.956,41877375,39961068.00
20200521,0.956,0.956,0.948,0.950,25460900,24260894.00
20200522,0.951,0.961,0.951,0.958,53986872,51651336.00
20200525,0.965,0.970,0.964,0.967,27876603,26978016.00
20200526,0.967,0.970,0.963,0.969,23493400,22723170.00
20200527,0.978,0.983,0.976,0.980,34159108,33483304.00
20200528,0.981,0.981,0.969,0.969,28789703,28040838.00
20200529,0.971,0.975,0.968,0.973,33803252,32834352.00
20200601,0.970,0.970,0.963,0.968,40457806,39079940.00
20200602,0.968,0.972,0.964,0.966,18798400,18202580.00
20200603,0.969,0.975,0.968,0.973,28753401,27964674.00
20200604,0.979,0.988,0.979,0.985,36147580,35531388.00
20200605,0.989,0.992,0.986,0.987,28375206,28068088.00
20200608,0.984,0.986,0.976,0.976,32690101,32067082.00
20200609,0.977,0.980,0.976,0.979,22492540,21993240.00
20200610,0.977,0.980,0.974,0.979,13712800,13390929.00
20200611,0.980,0.981,0.970,0.972,18837702,18364988.00
20200612,0.977,0.984,0.977,0.984,44941793,44084592.00
20200615,0.983,0.984,0.973,0.975,28369832,27767068.00
20200616,0.982,0.986,0.981,0.983,32813146,32251216.00
20200617,0.976,0.979,0.975,0.979,19896109,19436750.00
20200618,0.978,0.981,0.976,0.979,29347405,28706904.00
20200619,0.976,0.978,0.974,0.976,23453318,22897172.00
20200622,0.981,0.984,0.980,0.981,21433900,21045240.00
20200623,0.985,0.993,0.977,0.978,37115500,36444756.00
20200624,0.977,0.981,0.976,0.979,22585080,22105084.00
20200629,0.973,0.976,0.972,0.974,13832200,13473503.00
20200630,0.975,0.977,0.974,0.976,8746900,8534096.00
20200701,0.995,1.004,0.993,1.002,62284212,62135136.00
20200702,1.011,1.012,1.003,1.006,24297630,24505966.00
20200703,1.006,1.009,1.003,1.006,35151208,35362316.00
20200706,1.013,1.016,1.011,1.014,49015349,49630876.00
20200707,1.013,1.013,1.006,1.008,54735910,55207800.00
20200708,1.002,1.006,1.000,1.004,29714425,29808550.00
20200709,1.005,1.009,1.002,1.006,48891151,49128336.00
20200710,1.007,1.016,1.007,1.011,60657266,61330880.00
20200713,1.000,1.003,0.997,1.000,20060917,20036198.00
20200714,0.996,0.998,0.995,0.998,12077606,12038085.00
20200715,0.998,0.999,0.996,0.999,15687201,15646450.00
20200716,0.998,1.011,0.997,1.006,34151626,34268168.00
20200717,1.009,1.011,1.005,1.010,18995426,19138232.00
20200720,1.010,1.016,1.009,1.016,26328698,26679738.00
20200721,1.023,1.026,1.016,1.016,30709365,31389258.00
20200722,1.019,1.020,1.015,1.020,16235400,16522246.00
20200723,1.022,1.031,1.022,1.029,23778820,24405492.00
20200724,1.032,1.047,1.032,1.046,40796200,42432112.00
20200727,1.052,1.058,1.046,1.051,40202700,42325688.00
20200728,1.030,1.035,1.020,1.021,33627210,34572184.00
20200729,1.025,1.028,1.023,1.026,15237401,15629905.00
20200730,1.019,1.025,1.018,1.021,17642100,18006650.00
20200731,1.024,1.026,1.021,1.025,15094200,15452764.00
20200803,1.028,1.030,1.020,1.027,25728800,26357358.00
20200804,1.021,1.023,1.020,1.021,18593800,18984326.00
20200805,1.011,1.015,1.008,1.010,26459000,26722312.00
20200806,1.010,1.010,1.000,1.004,24899300,24996654.00
20200807,1.000,1.008,1.000,1.003,22739310,22835936.00
20200810,1.000,1.001,0.992,1.000,21824300,21746416.00
20200811,1.003,1.004,0.996,0.997,17868200,17841456.00
20200812,0.997,0.997,0.993,0.995,21353300,21250208.00
20200813,1.002,1.010,1.001,1.006,28558900,28731108.00
20200814,1.015,1.016,1.008,1.011,28827500,29168198.00
20200817,1.013,1.015,1.008,1.014,31455502,31820152.00
20200818,1.015,1.020,1.015,1.016,20138600,20483510.00
20200819,1.014,1.014,1.007,1.014,21591200,21827002.00
20200820,1.013,1.016,1.012,1.014,16042200,16259612.00
20200821,1.007,1.008,1.004,1.008,15807607,15902335.00
20200824,1.004,1.009,1.001,1.005,34197800,34365300.00
20200825,1.019,1.020,1.016,1.017,21855800,22249168.00
20200826,1.024,1.028,1.024,1.026,27297000,28003598.00
20200827,1.021,1.023,1.019,1.022,17509700,17868076.00
20200828,1.030,1.033,1.023,1.024,20274604,20852356.00
20200831,1.038,1.043,1.038,1.041,22898501,23822772.00
20200901,1.025,1.031,1.024,1.029,29305400,30140486.00
20200902,1.030,1.030,1.026,1.028,9662900,9924630.00
20200903,1.031,1.032,1.022,1.023,33320002,34252376.00
20200904,1.024,1.042,1.024,1.042,36697900,37839680.00
20200907,1.051,1.053,1.045,1.046,50102000,52549952.00
20200908,1.046,1.054,1.042,1.049,33161900,34769048.00
20200909,1.044,1.045,1.038,1.040,21502000,22387528.00
20200910,1.047,1.052,1.044,1.047,15828200,16595597.00
20200911,1.049,1.071,1.046,1.069,38092428,40456696.00
20200914,1.090,1.099,1.083,1.087,47057401,51315028.00
20200915,1.089,1.093,1.086,1.090,22062101,24008644.00
20200916,1.080,1.080,1.063,1.070,28899431,30938188.00
20200917,1.085,1.087,1.071,1.072,35070310,37771268.00
20200918,1.103,1.105,1.095,1.104,31875704,35069888.00
20200921,1.104,1.104,1.093,1.094,24370150,26725360.00
20200922,1.080,1.090,1.077,1.081,26455760,28666198.00
20200923,1.085,1.089,1.071,1.076,30267010,32710404.00
20200924,1.077,1.080,1.068,1.077,21826330,23458212.00
20200925,1.075,1.076,1.071,1.072,17060200,18312338.00
20200928,1.081,1.085,1.073,1.081,33019800,35688888.00
20200929,1.075,1.076,1.070,1.072,12988100,13938718.00
20200930,1.074,1.083,1.073,1.078,25371800,27313526.00
20201009,1.136,1.143,1.132,1.140,39900503,45413520.00
20201012,1.143,1.153,1.140,1.149,27668103,31686238.00
20201013,1.125,1.135,1.123,1.129,68738800,77435664.00
20201014,1.129,1.129,1.119,1.127,55566500,62524920.00
20201015,1.128,1.134,1.122,1.127,26111300,29458268.00
20201016,1.137,1.144,1.135,1.144,22532800,25657534.00
20201019,1.138,1.143,1.108,1.143,32258600,36576692.00
20201020,1.140,1.157,1.140,1.146,12681600,14562920.00
20201021,1.148,1.160,1.145,1.145,61818300,71198440.00
20201022,1.148,1.158,1.145,1.145,39866700,45889776.00
20201023,1.145,1.146,1.131,1.131,22936500,26098240.00
20201026,1.144,1.147,1.134,1.139,16114603,18408270.00
20201027,1.137,1.141,1.134,1.135,13121800,14910595.00
20201028,1.131,1.138,1.125,1.130,20159400,22871228.00
20201029,1.120,1.122,1.111,1.119,18029003,20131366.00
20201030,1.118,1.123,1.112,1.117,25647109,28640742.00
20201102,1.119,1.121,1.106,1.107,29656300,32963252.00
20201103,1.108,1.115,1.108,1.113,17563100,19533314.00
20201104,1.117,1.122,1.113,1.122,11869400,13262244.00
20201105,1.138,1.150,1.137,1.145,30212511,34564760.00
20201106,1.146,1.152,1.143,1.145,21707201,24914726.00
20201109,1.145,1.145,1.131,1.133,19278400,21879204.00
20201110,1.139,1.141,1.127,1.137,28920000,32803340.00
20201111,1.161,1.174,1.161,1.173,42045500,49129624.00
20201112,1.173,1.173,1.160,1.162,33000500,38442920.00
20201113,1.164,1.164,1.147,1.153,18458200,21261690.00
20201116,1.154,1.158,1.145,1.149,13145800,15127759.00
20201117,1.150,1.158,1.146,1.158,20321300,23347252.00
20201118,1.160,1.167,1.151,1.158,10180700,11770246.00
20201119,1.158,1.163,1.155,1.162,11506300,13335191.00
20201120,1.165,1.179,1.162,1.177,11233300,13151837.00
20201123,1.187,1.196,1.187,1.192,16951700,20210734.00
20201124,1.185,1.192,1.181,1.186,19216600,22793970.00
20201125,1.187,1.188,1.178,1.181,19717200,23329590.00
20201126,1.176,1.183,1.173,1.180,14292500,16836760.00
20201127,1.174,1.181,1.170,1.175,7462010,8776057.00
20201130,1.185,1.186,1.166,1.181,12424800,14607161.00
20201201,1.170,1.170,1.157,1.158,13026000,15119321.00
20201202,1.153,1.153,1.140,1.140,18290700,20938438.00
20201203,1.138,1.138,1.130,1.134,13342000,15119671.00
20201204,1.138,1.142,1.131,1.142,13193001,14974633.00
20201207,1.135,1.140,1.126,1.138,17273700,19563548.00
20201208,1.138,1.139,1.130,1.130,11917800,13504116.00
20201209,1.133,1.135,1.129,1.131,10713500,12131566.00
20201210,1.142,1.150,1.138,1.150,21171600,24223910.00
20201211,1.140,1.140,1.129,1.131,19026300,21581220.00
20201214,1.133,1.140,1.133,1.137,6480400,7368681.00
20201215,1.135,1.136,1.122,1.134,13336500,15042905.00
20201216,1.147,1.150,1.145,1.149,7973100,9149049.00
20201217,1.148,1.153,1.145,1.149,9583500,11018174.00
20201218,1.162,1.167,1.159,1.165,16686800,19415624.00
20201221,1.179,1.202,1.178,1.201,28092601,33411896.00
20201222,1.218,1.223,1.205,1.211,21972000,26661342.00
20201223,1.208,1.217,1.202,1.213,22937703,27771730.00
20201224,1.214,1.217,1.205,1.205,12428606,15038399.00
20201225,1.195,1.207,1.192,1.206,13472700,16182734.00
20201228,1.218,1.218,1.203,1.205,5908400,7157471.50
20201229,1.200,1.203,1.188,1.196,13473400,16104726.00
20201230,1.220,1.233,1.219,1.229,12984400,15921903.00
20201231,1.248,1.271,1.248,1.271,20903703,26284522.00
20210104,1.273,1.296,1.269,1.277,36896701,47206140.00
20210105,1.265,1.279,1.261,1.279,38838900,49180792.00
20210106,1.297,1.299,1.282,1.290,22657900,29224044.00
20210107,1.288,1.290,1.281,1.286,11466800,14742761.00
20210108,1.277,1.295,1.273,1.291,19175400,24621680.00
20210111,1.316,1.326,1.309,1.322,18950700,24981652.00
20210112,1.328,1.328,1.315,1.326,13591000,17974212.00
20210113,1.376,1.388,1.371,1.385,31750001,43725308.00
20210114,1.376,1.376,1.357,1.370,21725856,29686236.00
20210115,1.375,1.380,1.358,1.364,26567900,36350308.00
20210118,1.364,1.364,1.337,1.340,37601601,50494836.00
20210119,1.342,1.344,1.329,1.337,23001800,30757980.00
20210120,1.298,1.300,1.280,1.296,33340802,43045132.00
20210121,1.302,1.309,1.299,1.306,28129700,36667792.00
20210122,1.283,1.287,1.267,1.274,25999400,33173416.00
20210125,1.258,1.258,1.244,1.253,19828400,24745404.00
20210126,1.264,1.270,1.255,1.257,15809500,19984184.00
20210127,1.276,1.298,1.274,1.291,27088403,34797488.00
20210128,1.287,1.287,1.272,1.275,14098100,18050642.00
20210129,1.269,1.276,1.263,1.276,13467200,17080052.00
20210201,1.273,1.287,1.268,1.275,11774900,15038799.00
20210202,1.265,1.266,1.250,1.250,14242000,17924632.00
20210203,1.239,1.250,1.232,1.248,11970400,14822316.00
20210204,1.260,1.277,1.260,1.276,13231300,16768280.00
20210205,1.277,1.292,1.272,1.290,12274200,15731326.00
20210208,1.290,1.290,1.262,1.267,14892000,18947480.00
20210209,1.275,1.298,1.275,1.289,15086102,19440824.00
20210210,1.275,1.276,1.265,1.272,14768300,18760252.00
20210218,1.280,1.285,1.272,1.279,15112000,19305106.00
20210219,1.269,1.269,1.258,1.267,20336715,25680218.00
20210222,1.281,1.290,1.277,1.285,34191303,43823288.00
20210223,1.280,1.318,1.273,1.318,32381300,42017208.00
20210224,1.318,1.326,1.311,1.317,34508100,45447192.00
20210225,1.313,1.321,1.308,1.311,30543900,40144116.00
20210226,1.265,1.273,1.230,1.255,20973000,26476784.00
20210301,1.260,1.267,1.253,1.256,9567600,12049268.00
20210302,1.246,1.246,1.222,1.226,27554700,33899776.00
20210303,1.241,1.252,1.241,1.246,17869200,22276802.00
20210304,1.236,1.240,1.226,1.227,18962100,23404298.00
20210305,1.222,1.238,1.213,1.230,18165800,22270610.00
20210308,1.252,1.259,1.246,1.253,24591300,30836974.00
20210309,1.240,1.244,1.228,1.229,15603400,19257174.00
20210310,1.228,1.230,1.194,1.196,26148200,31642078.00
20210311,1.160,1.174,1.155,1.172,39479200,45963724.00
20210312,1.176,1.179,1.167,1.172,28467590,33427404.00
20210315,1.176,1.179,1.166,1.177,23452400,27508210.00
20210316,1.182,1.184,1.168,1.183,26697600,31425308.00
20210317,1.196,1.202,1.190,1.195,9719400,11622460.00
20210318,1.191,1.201,1.180,1.190,38262900,45517860.00
20210319,1.182,1.195,1.179,1.191,14709000,17488794.00
20210322,1.216,1.216,1.199,1.205,13770100,16591526.00
20210323,1.188,1.199,1.179,1.195,21645300,25685314.00
20210324,1.198,1.214,1.197,1.212,10953000,13214546.00
20210325,1.220,1.220,1.211,1.213,14146500,17182062.00
20210326,1.219,1.231,1.219,1.230,15505200,19009724.00
20210329,1.214,1.222,1.213,1.214,16802500,20429510.00
20210330,1.211,1.215,1.206,1.214,13022700,15779624.00
20210331,1.202,1.210,1.200,1.208,8929300,10765357.00
20210401,1.275,1.279,1.253,1.260,34272600,43410020.00
20210402,1.250,1.257,1.245,1.251,15725000,19674252.00
20210406,1.251,1.257,1.245,1.249,26082900,32645754.00
20210407,1.249,1.271,1.247,1.268,20156542,25318236.00
20210408,1.261,1.264,1.256,1.259,13438105,16931586.00
20210409,1.264,1.265,1.252,1.263,11852000,14922742.00
20210412,1.249,1.254,1.234,1.235,10993900,13678039.00
20210413,1.235,1.237,1.230,1.232,10824600,13346126.00
20210414,1.228,1.231,1.222,1.226,12290400,15062171.00
20210415,1.237,1.245,1.225,1.244,16040000,19799556.00
20210416,1.252,1.264,1.251,1.261,14454900,18212668.00
20210419,1.263,1.274,1.259,1.260,14484100,18319014.00
20210420,1.272,1.287,1.271,1.280,12220324,15660833.00
20210421,1.279,1.288,1.276,1.284,9015400,11567980.00
20210422,1.300,1.309,1.299,1.302,10093100,13165220.00
20210423,1.309,1.312,1.302,1.308,14699100,19198316.00
20210426,1.324,1.324,1.304,1.312,13977900,18326346.00
20210427,1.317,1.326,1.314,1.325,14144400,18697386.00
20210428,1.289,1.301,1.284,1.296,11311301,14628211.00
20210429,1.293,1.294,1.282,1.284,15404500,19821884.00
20210430,1.285,1.288,1.270,1.274,22234700,28407188.00
20210506,1.301,1.321,1.301,1.313,22998300,30182264.00
20210507,1.335,1.348,1.327,1.330,11983900,16038324.00
20210510,1.326,1.328,1.314,1.321,11280600,14882744.00
20210511,1.312,1.318,1.305,1.315,11661100,15282419.00
20210512,1.341,1.357,1.340,1.354,11835900,15983019.00
20210513,1.320,1.322,1.230,1.322,18202600,23916944.00
20210514,1.293,1.303,1.283,1.290,13147600,16956490.00
20210517,1.284,1.300,1.275,1.300,9493900,12208227.00
20210518,1.300,1.302,1.290,1.298,8028100,10401075.00
20210519,1.281,1.291,1.278,1.279,11845400,15202114.00
20210520,1.274,1.279,1.271,1.278,10956700,13968659.00
20210521,1.274,1.274,1.262,1.264,11992300,15186934.00
20210524,1.251,1.270,1.248,1.266,8355000,10523903.00
20210525,1.271,1.274,1.265,1.271,10680900,13562442.00
20210526,1.257,1.264,1.252,1.260,12403900,15624225.00
20210527,1.256,1.256,1.246,1.248,13405800,16768808.00
20210528,1.268,1.275,1.264,1.266,14342800,18214388.00
20210531,1.266,1.269,1.261,1.263,7323100,9256360.00
20210601,1.273,1.280,1.268,1.268,10042300,12793567.00
20210602,1.276,1.280,1.274,1.279,7771400,9925458.00
20210603,1.275,1.291,1.274,1.289,9924500,12742202.00
20210604,1.269,1.274,1.261,1.269,11691900,14803278.00
20210607,1.295,1.302,1.295,1.300,12722800,16513349.00
20210608,1.293,1.299,1.286,1.299,11818100,15298628.00
20210609,1.303,1.309,1.295,1.298,10365600,13497785.00
20210610,1.297,1.301,1.291,1.299,5213300,6758311.50
20210611,1.305,1.313,1.298,1.305,7365500,9603196.00
20210615,1.264,1.268,1.249,1.252,23851400,29927502.00
20210616,1.249,1.250,1.243,1.244,10640520,13260070.00
20210617,1.237,1.240,1.234,1.236,9199100,11380783.00
20210618,1.203,1.213,1.195,1.210,11331700,13633235.00
20210621,1.215,1.220,1.214,1.217,6290800,7652797.50
20210622,1.222,1.223,1.216,1.218,4487220,5468847.00
20210623,1.216,1.222,1.212,1.214,10443100,12690905.00
20210624,1.207,1.219,1.207,1.218,5749100,6985510.00
20210625,1.218,1.222,1.217,1.221,8446800,10298348.00
20210628,1.219,1.239,1.219,1.239,13979500,17184874.00
20210629,1.242,1.249,1.240,1.243,16639600,20687790.00
20210630,1.246,1.256,1.242,1.253,16330300,20365048.00
20210701,1.300,1.306,1.295,1.306,14624000,19024994.00
20210702,1.319,1.329,1.317,1.329,13403200,17743956.00
20210705,1.312,1.317,1.302,1.312,11130000,14597212.00
20210706,1.309,1.313,1.300,1.303,14545800,18973728.00
20210707,1.281,1.281,1.270,1.281,18861900,24051118.00
20210708,1.276,1.286,1.275,1.285,8562700,10963902.00
20210709,1.285,1.292,1.283,1.285,5496300,7071174.00
20210712,1.288,1.293,1.280,1.286,3512800,4521728.00
20210713,1.299,1.302,1.292,1.295,5442300,7053217.50
20210714,1.294,1.301,1.293,1.299,5248700,6808299.00
20210715,1.313,1.318,1.309,1.311,6320901,8296749.00
20210716,1.311,1.314,1.308,1.312,9486100,12428630.00
20210719,1.348,1.348,1.327,1.330,8907600,11901276.00
20210720,1.323,1.330,1.320,1.326,21708900,28761144.00
20210721,1.329,1.330,1.309,1.317,11968900,15762873.00
20210722,1.310,1.314,1.297,1.298,23513300,30604884.00
20210723,1.291,1.291,1.280,1.286,12102300,15525467.00
20210726,1.258,1.261,1.254,1.256,7964300,10005154.00
20210727,1.264,1.273,1.264,1.269,9213400,11700010.00
20210728,1.276,1.281,1.273,1.274,7659100,9782661.00
20210729,1.282,1.300,1.278,1.300,7488600,9674510.00
20210730,1.300,1.312,1.300,1.311,6124101,8001216.50
20210802,1.289,1.306,1.288,1.306,6629800,8619022.00
20210803,1.295,1.304,1.289,1.302,4540901,5883831.00
20210804,1.288,1.292,1.284,1.290,6927300,8919853.00
20210805,1.284,1.290,1.277,1.278,4799600,6156519.50
20210806,1.281,1.288,1.280,1.285,4714800,6056687.50
20210809,1.288,1.305,1.287,1.300,7597900,9859365.00
20210810,1.296,1.307,1.296,1.306,8236200,10720546.00
20210811,1.303,1.307,1.297,1.304,6590800,8584459.00
20210812,1.286,1.294,1.276,1.281,6394700,8198851.50
20210813,1.283,1.311,1.281,1.311,13071101,16923174.00
20210816,1.317,1.328,1.317,1.324,8299800,10969814.00
20210817,1.324,1.328,1.320,1.325,10451000,13842043.00
20210818,1.309,1.315,1.306,1.312,9081300,11899570.00
20210819,1.295,1.300,1.288,1.292,5298600,6845199.00
20210820,1.285,1.289,1.282,1.286,6038700,7762207.50
20210823,1.275,1.275,1.266,1.271,9302500,11819038.00
20210824,1.267,1.279,1.265,1.275,11005101,14006090.00
20210825,1.276,1.281,1.275,1.279,6971101,8902580.00
20210826,1.279,1.286,1.277,1.279,8747100,11201775.00
20210827,1.277,1.281,1.269,1.274,9701700,12361686.00
20210830,1.285,1.290,1.278,1.283,9690100,12446158.00
20210831,1.274,1.283,1.270,1.279,8239202,10503187.00
20210901,1.270,1.274,1.251,1.271,3474200,4412919.00
20210902,1.262,1.280,1.260,1.274,8671400,11014541.00
20210903,1.271,1.274,1.268,1.271,7018000,8917455.00
20210906,1.271,1.272,1.263,1.268,8131100,10299509.00
20210907,1.272,1.285,1.272,1.283,6401500,8188038.50
20210908,1.277,1.279,1.270,1.270,6832100,8713120.00
20210909,1.265,1.269,1.258,1.264,9794900,12369303.00
20210910,1.264,1.272,1.262,1.270,7103500,9001573.00
20210913,1.285,1.287,1.281,1.281,8773700,11266821.00
20210914,1.284,1.293,1.284,1.291,6903600,8900728.00
20210915,1.286,1.287,1.283,1.285,2669800,3430738.50
20210916,1.290,1.291,1.280,1.291,3759300,4835443.00
20210917,1.299,1.301,1.293,1.301,10008200,12976268.00
20210922,1.291,1.293,1.284,1.286,4513510,5810928.50
20210923,1.296,1.296,1.286,1.288,5800600,7476006.50
20210924,1.283,1.290,1.274,1.274,6684200,8556601.00
20210927,1.278,1.287,1.276,1.284,5320100,6816499.00
20210928,1.281,1.281,1.269,1.271,6660600,8481701.00
20210929,1.261,1.271,1.260,1.267,4175600,5279640.00
20210930,1.266,1.266,1.259,1.261,7721200,9737922.00
20211008,1.224,1.228,1.218,1.223,14257000,17427244.00
20211011,1.217,1.220,1.210,1.214,14819800,18007244.00
20211012,1.205,1.211,1.199,1.204,14877901,17942282.00
20211013,1.191,1.193,1.181,1.183,17669300,20973658.00
20211014,1.180,1.194,1.178,1.193,14637800,17372686.00
20211015,1.192,1.194,1.187,1.193,8780500,10458256.00
20211018,1.189,1.192,1.180,1.182,12145300,14385984.00
20211019,1.180,1.184,1.177,1.179,11557400,13635084.00
20211020,1.186,1.193,1.184,1.187,16231000,19288748.00
20211021,1.188,1.195,1.183,1.189,15371100,18257378.00
20211022,1.196,1.200,1.192,1.196,14391600,17204782.00
20211025,1.203,1.210,1.195,1.199,15419400,18530734.00
20211026,1.191,1.194,1.187,1.193,9004000,10716712.00
20211027,1.184,1.191,1.182,1.190,9381700,11139418.00
20211028,1.192,1.195,1.184,1.189,7100000,8437040.00
20211029,1.188,1.188,1.181,1.181,8236800,9750171.00
20211101,1.170,1.170,1.153,1.155,16397800,19016864.00
20211102,1.155,1.158,1.149,1.151,11726600,13519150.00
20211103,1.147,1.152,1.139,1.144,12710500,14560031.00
20211104,1.140,1.149,1.136,1.147,14107500,16092224.00
20211105,1.139,1.139,1.111,1.115,26289900,29527660.00
20211108,1.119,1.129,1.119,1.128,11898600,13379724.00
20211109,1.120,1.133,1.118,1.130,11104300,12501674.00
20211110,1.141,1.144,1.139,1.143,16298800,18610846.00
20211111,1.149,1.154,1.147,1.154,12515800,14391970.00
20211112,1.153,1.157,1.150,1.154,8700800,10040250.00
20211115,1.158,1.159,1.151,1.156,8327400,9619545.00
20211116,1.167,1.171,1.161,1.166,11807800,13771436.00
20211117,1.164,1.167,1.161,1.162,6498400,7562468.50
20211118,1.172,1.174,1.169,1.174,6654800,7801574.00
20211119,1.172,1.174,1.167,1.174,8853800,10365190.00
20211122,1.167,1.172,1.163,1.167,8168100,9526758.00
20211123,1.178,1.185,1.178,1.183,15803403,18671978.00
20211124,1.182,1.185,1.180,1.182,8164500,9659091.00
20211125,1.174,1.175,1.168,1.171,8976900,10521482.00
20211126,1.169,1.173,1.167,1.171,5751400,6730119.50
20211129,1.166,1.178,1.166,1.177,6875200,8058967.50
20211130,1.166,1.169,1.160,1.165,8166700,9503266.00
20211201,1.160,1.167,1.157,1.166,8326700,9666054.00
20211202,1.161,1.170,1.160,1.169,3374800,3933250.75
20211203,1.182,1.188,1.178,1.187,8086404,9565700.00
20211206,1.185,1.185,1.174,1.180,11096500,13094637.00
20211207,1.171,1.178,1.168,1.168,10457100,12274220.00
20211208,1.163,1.168,1.161,1.167,6751200,7860135.00
20211209,1.179,1.196,1.179,1.186,15552200,18497280.00
20211210,1.192,1.202,1.192,1.198,12559400,15034287.00
20211213,1.215,1.215,1.197,1.197,4587200,5507268.00
20211214,1.190,1.192,1.177,1.178,6840200,8091353.00
20211215,1.194,1.205,1.194,1.198,10325400,12397620.00
20211216,1.198,1.217,1.195,1.213,12544700,15172867.00
20211217,1.211,1.219,1.209,1.219,6231100,7567107.00
20211220,1.218,1.219,1.204,1.211,5410000,6560359.00
20211221,1.211,1.213,1.206,1.207,7555500,9147472.00
20211222,1.220,1.222,1.213,1.218,15468800,18829378.00
20211223,1.226,1.245,1.226,1.245,15230301,18834360.00
20211224,1.248,1.253,1.247,1.252,8767501,10956565.00
20211227,1.243,1.243,1.235,1.239,8513000,10539957.00
20211228,1.246,1.260,1.244,1.249,11673600,14619221.00
20211229,1.241,1.242,1.228,1.234,10102500,12476482.00
20211230,1.234,1.242,1.234,1.240,5857600,7255090.00
20211231,1.226,1.230,1.217,1.221,6685400,8160695.00
20220104,1.246,1.248,1.241,1.245,8763400,10905568.00
20220105,1.259,1.263,1.254,1.262,14532500,18282124.00
20220106,1.251,1.254,1.231,1.232,14594000,18066306.00
20220107,1.234,1.240,1.230,1.234,9837400,12156613.00
20220110,1.248,1.252,1.235,1.237,16012100,19875844.00
20220111,1.240,1.240,1.234,1.235,3091500,3823710.75
20220112,1.234,1.247,1.228,1.241,7314900,9064090.00
20220113,1.241,1.245,1.232,1.242,11470600,14221811.00
20220114,1.233,1.233,1.219,1.223,6503000,7951609.50
20220117,1.220,1.220,1.206,1.215,6605200,8003880.50
20220118,1.212,1.216,1.209,1.209,7044300,8543410.00
20220119,1.211,1.221,1.211,1.220,8045300,9793410.00
20220120,1.236,1.246,1.236,1.246,8882700,11034026.00
20220121,1.250,1.258,1.248,1.255,9026600,11309744.00
20220124,1.250,1.255,1.248,1.250,9676200,12107000.00
20220125,1.248,1.248,1.242,1.246,5652300,7033704.00
20220126,1.246,1.251,1.242,1.245,6989700,8716102.00
20220127,1.278,1.286,1.274,1.284,17422900,22327382.00
20220128,1.287,1.301,1.287,1.294,17911500,23187490.00
20220207,1.392,1.423,1.391,1.409,14863404,20880680.00
20220208,1.415,1.425,1.411,1.418,24282202,34422276.00
20220209,1.415,1.444,1.415,1.442,20703700,29688874.00
20220210,1.455,1.476,1.453,1.465,25880900,37972688.00
20220211,1.442,1.455,1.434,1.438,16399500,23684962.00
20220214,1.435,1.445,1.428,1.430,14356700,20629196.00
20220215,1.420,1.433,1.412,1.415,17749900,25224506.00
20220216,1.414,1.430,1.407,1.420,11866600,16866268.00
20220217,1.430,1.450,1.419,1.450,18976600,27221942.00
20220218,1.457,1.457,1.442,1.452,12629800,18285602.00
20220221,1.451,1.467,1.449,1.462,16448000,23980872.00
20220222,1.482,1.492,1.469,1.492,15164400,22427982.00
20220223,1.504,1.518,1.497,1.504,28855600,43469292.00
20220224,1.531,1.590,1.529,1.568,63488956,98743648.00
20220225,1.525,1.533,1.494,1.502,59424900,89857128.00
20220228,1.484,1.486,1.470,1.484,26051700,38518300.00
20220301,1.489,1.518,1.487,1.504,34159799,51310892.00
20220302,1.514,1.516,1.476,1.504,46816100,70051232.00
20220303,1.490,1.510,1.487,1.502,33423400,50060180.00
20220304,1.501,1.521,1.490,1.500,49867200,75188264.00
20220307,1.520,1.577,1.519,1.576,52536300,81529704.00
20220308,1.585,1.613,1.550,1.600,108629300,172123344.00
20220309,1.645,1.647,1.602,1.624,91685600,149385440.00
20220310,1.560,1.600,1.560,1.583,59065800,93854072.00
20220311,1.603,1.625,1.599,1.610,44822000,72003536.00
20220314,1.602,1.626,1.601,1.624,45584600,73630344.00
20220315,1.610,1.612,1.581,1.581,44824200,71522968.00
20220316,1.585,1.616,1.583,1.610,38389800,61410140.00
20220317,1.605,1.610,1.596,1.605,32089700,51416052.00
20220318,1.617,1.641,1.617,1.641,40166900,65376620.00
20220321,1.658,1.659,1.642,1.646,36801400,60679452.00
20220322,1.683,1.701,1.679,1.697,50223900,84996904.00
20220323,1.689,1.702,1.680,1.697,44687100,75517056.00
20220324,1.699,1.700,1.680,1.687,51373700,86899896.00
20220325,1.693,1.705,1.663,1.674,65151800,109787352.00
20220328,1.655,1.675,1.642,1.647,42625700,70671672.00
20220329,1.611,1.647,1.608,1.629,60415700,98240112.00
20220330,1.592,1.602,1.581,1.583,48850800,77823480.00
20220331,1.586,1.592,1.577,1.590,35030000,55518468.00
20220401,1.548,1.549,1.501,1.501,44127400,67226000.00
20220406,1.520,1.530,1.510,1.517,33536900,51033000.00
20220407,1.511,1.518,1.502,1.509,23443200,35392336.00
20220408,1.530,1.533,1.521,1.526,26000300,39730020.00
20220411,1.558,1.561,1.541,1.554,31975600,49575016.00
20220412,1.541,1.545,1.531,1.542,28032500,43109372.00
20220413,1.540,1.549,1.530,1.541,29532200,45482476.00
20220414,1.544,1.553,1.544,1.547,24835200,38425320.00
20220415,1.543,1.560,1.541,1.547,33805200,52419536.00
20220418,1.553,1.572,1.545,1.549,36233900,56370176.00
20220419,1.565,1.590,1.560,1.588,49352050,77905176.00
20220420,1.606,1.618,1.591,1.607,65497899,105183608.00
20220421,1.618,1.632,1.616,1.632,59415700,96457360.00
20220422,1.625,1.625,1.593,1.607,59324300,95768320.00
20220425,1.580,1.590,1.552,1.553,57810000,90716120.00
20220426,1.575,1.578,1.562,1.566,40349300,63276088.00
20220427,1.566,1.574,1.557,1.573,45199797,70742528.00
20220428,1.585,1.604,1.585,1.603,44056900,70310184.00
20220429,1.596,1.607,1.589,1.607,36408800,58139168.00
20220505,1.585,1.599,1.582,1.597,22504700,35809920.00
20220506,1.583,1.586,1.564,1.565,28752200,45311084.00
20220509,1.541,1.543,1.500,1.537,27480900,42242720.00
20220510,1.535,1.551,1.529,1.547,15047400,23223596.00
20220511,1.547,1.551,1.543,1.550,15941000,24654734.00
20220512,1.557,1.557,1.548,1.550,13371100,20738912.00
20220513,1.590,1.606,1.588,1.599,27122500,43336916.00
20220516,1.636,1.639,1.623,1.637,18996300,30945408.00
20220517,1.639,1.640,1.623,1.631,25441000,41513456.00
20220518,1.634,1.639,1.628,1.630,11563300,18898240.00
20220519,1.629,1.634,1.621,1.624,17424000,28362674.00
20220520,1.643,1.646,1.639,1.646,24632800,40456352.00
20220523,1.658,1.663,1.651,1.653,18251400,30238698.00
20220524,1.618,1.624,1.611,1.616,23267300,37634208.00
20220525,1.615,1.623,1.615,1.622,14206500,23012600.00
20220526,1.608,1.626,1.601,1.626,18936400,30681992.00
20220527,1.646,1.665,1.643,1.664,31654800,52361716.00
20220530,1.661,1.663,1.649,1.654,31877300,52709708.00
20220531,1.657,1.663,1.654,1.662,31641700,52480840.00
20220601,1.624,1.634,1.620,1.632,17068500,27775494.00
20220602,1.628,1.640,1.626,1.632,12686800,20736260.00
20220606,1.644,1.647,1.634,1.637,23124700,37960724.00
20220607,1.634,1.634,1.623,1.623,21669000,35297200.00
20220608,1.652,1.659,1.649,1.654,32166800,53200588.00
20220609,1.657,1.660,1.651,1.652,18188100,30109810.00
20220610,1.671,1.687,1.671,1.681,25809600,43350816.00
20220613,1.672,1.672,1.635,1.642,20787000,34353512.00
20220614,1.629,1.636,1.626,1.636,13904600,22674412.00
20220615,1.626,1.626,1.617,1.623,17890200,29002974.00
20220616,1.626,1.629,1.620,1.625,12593200,20470050.00
20220617,1.643,1.652,1.642,1.650,19039700,31373962.00
20220620,1.634,1.638,1.624,1.629,20293100,33094738.00
20220621,1.619,1.626,1.612,1.616,17613200,28501256.00
20220622,1.613,1.614,1.589,1.589,21374600,34240180.00
20220623,1.539,1.542,1.492,1.517,57302799,86726000.00
20220624,1.494,1.504,1.473,1.494,45284700,67393736.00
20220627,1.500,1.521,1.496,1.511,38152399,57554392.00
20220628,1.523,1.540,1.523,1.539,22214300,33999972.00
20220629,1.536,1.537,1.525,1.531,18055500,27651416.00
20220630,1.542,1.548,1.534,1.542,14333000,22061058.00
20220701,1.549,1.552,1.513,1.527,31550300,48272232.00
20220704,1.499,1.519,1.496,1.510,20003000,30217078.00
20220705,1.521,1.528,1.507,1.514,23053899,35028348.00
20220706,1.494,1.502,1.454,1.499,48797700,72160968.00
20220707,1.509,1.552,1.509,1.531,53132800,81515896.00
20220708,1.548,1.548,1.536,1.541,20905000,32219548.00
20220711,1.568,1.578,1.567,1.578,26048000,40981908.00
20220712,1.567,1.580,1.564,1.571,22975700,36075968.00
20220713,1.526,1.546,1.514,1.543,55399200,84643296.00
20220714,1.559,1.568,1.551,1.563,18457400,28792172.00
20220715,1.554,1.566,1.542,1.543,36337200,56407352.00
20220718,1.555,1.577,1.552,1.569,32036200,50208820.00
20220719,1.560,1.567,1.538,1.538,22966500,35626060.00
20220720,1.501,1.509,1.493,1.504,55243000,82887160.00
20220721,1.506,1.511,1.503,1.509,25930500,39084280.00
20220722,1.482,1.498,1.478,1.485,21757300,32327204.00
20220725,1.505,1.505,1.490,1.497,14165300,21220774.00
20220726,1.532,1.540,1.530,1.539,18850000,28929196.00
20220727,1.543,1.556,1.539,1.550,11236200,17411430.00
20220728,1.575,1.581,1.563,1.564,22907600,35935648.00
20220729,1.571,1.576,1.564,1.572,15655900,24571416.00
20220801,1.580,1.590,1.568,1.579,34718700,54746668.00
20220802,1.561,1.561,1.548,1.557,26729400,41515356.00
20220803,1.552,1.567,1.550,1.557,21998700,34286876.00
20220804,1.548,1.550,1.538,1.546,22788300,35158576.00
20220805,1.589,1.607,1.585,1.607,29007563,46333180.00
20220808,1.599,1.599,1.584,1.592,10539700,16728883.00
20220809,1.594,1.598,1.592,1.592,8855700,14124695.00
20220810,1.602,1.615,1.602,1.607,18763000,30193980.00
20220811,1.612,1.615,1.594,1.608,14805600,23750960.00
20220812,1.615,1.629,1.615,1.624,17776900,28850468.00
20220815,1.605,1.611,1.589,1.595,20515999,32746698.00
20220816,1.586,1.594,1.578,1.589,10956200,17396678.00
20220817,1.580,1.588,1.578,1.583,14155800,22409648.00
20220818,1.583,1.588,1.573,1.576,13202000,20845786.00
20220819,1.582,1.600,1.578,1.594,35135000,55909164.00
20220822,1.596,1.601,1.592,1.600,11073700,17674478.00
20220823,1.650,1.675,1.648,1.668,29581502,49223952.00
20220824,1.680,1.686,1.673,1.686,22845400,38378724.00
20220825,1.682,1.682,1.651,1.656,26116400,43276884.00
20220826,1.640,1.640,1.625,1.631,18535100,30223376.00
20220829,1.640,1.647,1.633,1.639,22780600,37336792.00
20220830,1.626,1.628,1.615,1.628,12233700,19830148.00
20220831,1.629,1.640,1.622,1.639,10499100,17143854.00
20220901,1.636,1.636,1.623,1.631,11056200,18003752.00
20220902,1.628,1.658,1.625,1.657,25621700,42204468.00
20220905,1.657,1.683,1.656,1.675,22938400,38304516.00
20220906,1.660,1.664,1.648,1.649,25769100,42611552.00
20220907,1.647,1.669,1.646,1.661,27086500,44892584.00
20220908,1.676,1.677,1.659,1.661,15983600,26617018.00
20220909,1.662,1.675,1.662,1.666,14225400,23722108.00
20220913,1.745,1.762,1.741,1.758,34382800,60217568.00
20220914,1.753,1.756,1.747,1.750,14538400,25464988.00
20220915,1.734,1.734,1.719,1.726,15167700,26163578.00
20220916,1.731,1.734,1.725,1.730,15883102,27473846.00
20220919,1.729,1.745,1.729,1.735,17152900,29818214.00
20220920,1.745,1.747,1.737,1.743,17643500,30758064.00
20220921,1.743,1.765,1.743,1.763,19767200,34669520.00
20220922,1.762,1.780,1.755,1.769,29353300,51935280.00
20220923,1.754,1.768,1.751,1.753,16664800,29338242.00
20220926,1.746,1.754,1.726,1.741,24244400,42170872.00
20220927,1.749,1.752,1.743,1.745,14782100,25834540.00
20220928,1.741,1.762,1.740,1.762,21668000,37968140.00
20220929,1.763,1.802,1.763,1.800,30760100,54943060.00
20220930,1.784,1.787,1.760,1.774,40439200,71718584.00
20221010,1.776,1.785,1.771,1.779,139248200,247741056.00
20221011,1.769,1.770,1.751,1.755,64515000,113586312.00
20221012,1.755,1.772,1.749,1.769,23217300,40859896.00
20221013,1.783,1.787,1.771,1.773,31016600,55163736.00
20221014,1.789,1.808,1.788,1.805,28938702,52002636.00
20221017,1.795,1.795,1.760,1.760,26626600,47220292.00
20221018,1.751,1.753,1.735,1.737,31777600,55400244.00
20221019,1.733,1.741,1.728,1.735,20472100,35502724.00
20221020,1.750,1.753,1.738,1.743,23417500,40929760.00
20221021,1.754,1.764,1.738,1.741,23657300,41492308.00
20221024,1.756,1.764,1.746,1.755,18324200,32153514.00
20221025,1.745,1.760,1.742,1.752,14868900,26034276.00
20221026,1.765,1.780,1.765,1.778,17647200,31268392.00
20221027,1.768,1.773,1.759,1.769,17950000,31706952.00
20221028,1.768,1.780,1.748,1.754,17022202,30014176.00
20221031,1.769,1.784,1.766,1.783,19251400,34145720.00
20221101,1.820,1.844,1.820,1.834,42090200,77287456.00
20221102,1.855,1.888,1.821,1.827,40379200,74587312.00
20221103,1.828,1.836,1.819,1.825,17058800,31197166.00
20221104,1.811,1.826,1.803,1.823,30261804,54949416.00
20221107,1.827,1.835,1.817,1.833,20286700,37092368.00
20221108,1.847,1.850,1.836,1.847,21211700,39112768.00
20221109,1.842,1.850,1.835,1.849,18267500,33675160.00
20221110,1.858,1.889,1.856,1.868,34661500,64759776.00
20221111,1.840,1.845,1.835,1.838,35859800,65973448.00
20221114,1.837,1.837,1.798,1.807,20113200,36452216.00
20221115,1.802,1.808,1.796,1.804,15563700,28061142.00
20221116,1.807,1.818,1.803,1.813,14939000,27011358.00
20221117,1.803,1.808,1.797,1.803,15819900,28523628.00
20221118,1.800,1.800,1.778,1.787,16774700,30013332.00
20221121,1.793,1.802,1.785,1.796,17397100,31199084.00
20221122,1.804,1.815,1.804,1.810,12626400,22866594.00
20221123,1.813,1.834,1.812,1.831,19370800,35339672.00
20221124,1.847,1.857,1.847,1.851,19059700,35322176.00
20221125,1.862,1.869,1.856,1.868,18581600,34607948.00
20221128,1.842,1.852,1.836,1.836,12737400,23495008.00
20221129,1.847,1.855,1.847,1.852,10277000,19020374.00
20221130,1.847,1.870,1.847,1.868,9814600,18264668.00
20221201,1.863,1.863,1.855,1.861,15447600,28715076.00
20221202,1.854,1.864,1.854,1.858,9502300,17667466.00
20221205,1.857,1.857,1.841,1.844,12572500,23248696.00
20221206,1.855,1.862,1.853,1.857,21627500,40176036.00
20221207,1.872,1.884,1.872,1.878,18693000,35112628.00
20221208,1.903,1.925,1.901,1.925,27324000,52284932.00
20221209,1.936,2.008,1.924,1.944,38305700,74368224.00
20221212,1.931,1.938,1.913,1.914,21654200,41641564.00
20221213,1.912,1.912,1.902,1.909,5330400,10164989.00
20221214,1.913,1.928,1.886,1.895,31320800,59847192.00
20221215,1.898,1.901,1.887,1.901,16726800,31689660.00
20221216,1.912,1.926,1.911,1.916,24427300,46833220.00
20221219,1.889,1.898,1.879,1.890,21498000,40639592.00
20221220,1.890,1.901,1.885,1.901,13809800,26160632.00
20221221,1.925,1.926,1.911,1.917,17434000,33445308.00
20221222,1.924,1.930,1.920,1.929,14602800,28120782.00
20221223,1.925,1.933,1.923,1.933,19234900,37087180.00
20221226,1.974,1.989,1.973,1.977,26870500,53252444.00
20221227,1.985,1.995,1.978,1.985,23222100,46156244.00
20221228,1.957,1.965,1.950,1.960,13331800,26127320.00
20221229,1.982,1.988,1.974,1.986,15806500,31299938.00
20221230,1.987,2.011,1.986,2.010,46103000,92106720.00
20230103,2.002,2.030,1.997,2.015,45235100,91204200.00
20230104,1.974,1.982,1.971,1.974,45783600,90443584.00
20230105,1.958,1.964,1.948,1.954,26986400,52810840.00
20230106,1.940,1.941,1.932,1.938,27358900,52958864.00
20230109,1.955,1.955,1.943,1.949,17175700,33440378.00
20230110,1.931,1.934,1.923,1.929,26267500,50637568.00
20230111,1.935,1.951,1.933,1.950,27432600,53224192.00
20230112,1.971,1.985,1.969,1.979,34361198,68017496.00
20230113,1.988,2.000,1.987,2.000,39997600,79778792.00
20230116,1.991,1.996,1.985,1.989,22502900,44763996.00
20230117,1.972,1.988,1.965,1.980,21906500,43308068.00
20230118,2.006,2.020,2.005,2.013,19680300,39622600.00
20230119,1.990,1.990,1.978,1.982,20427100,40474760.00
20230120,1.965,1.966,1.960,1.963,25442900,49922936.00
20230130,1.980,1.989,1.978,1.989,27224300,54011556.00
20230131,2.001,2.006,1.990,1.992,36562900,73176456.00
20230201,1.986,1.992,1.981,1.987,15720200,31229592.00
20230202,1.979,1.987,1.976,1.981,26215900,51959248.00
20230203,1.970,1.990,1.964,1.989,23652800,46656444.00
20230206,2.009,2.014,1.999,2.002,27953700,56127324.00
20230207,1.975,1.980,1.972,1.978,24433200,48278140.00
20230208,1.973,1.982,1.969,1.980,23631600,46653824.00
20230209,1.978,1.986,1.950,1.954,51831900,101737568.00
20230210,1.958,1.972,1.956,1.965,44597300,87575936.00
20230213,1.987,1.991,1.976,1.978,22406000,44476020.00
20230214,1.976,1.984,1.972,1.979,17229400,34067252.00
20230215,1.962,1.966,1.953,1.959,25903200,50784856.00
20230216,1.948,1.960,1.945,1.960,34002200,66399404.00
20230217,1.953,1.957,1.946,1.952,19094500,37252848.00
20230220,1.959,1.978,1.957,1.969,24592800,48393312.00
20230221,1.966,1.971,1.962,1.966,14900700,29307920.00
20230222,1.980,1.986,1.972,1.974,23736700,46954416.00
20230223,1.962,1.969,1.957,1.959,14438000,28342026.00
20230224,1.959,1.971,1.955,1.969,22271800,43791284.00
20230227,1.957,1.957,1.946,1.951,12785900,24942784.00
20230228,1.944,1.944,1.924,1.929,26208600,50684124.00
20230301,1.909,1.916,1.905,1.914,35771000,68362296.00
20230302,1.912,1.912,1.903,1.907,19901400,37946508.00
20230303,1.919,1.924,1.912,1.922,25832500,49498588.00
20230306,1.927,1.932,1.924,1.930,14440500,27841232.00
20230307,1.945,1.949,1.941,1.943,21689300,42216948.00
20230308,1.946,1.948,1.935,1.939,17407100,33766616.00
20230309,1.939,1.951,1.939,1.947,28530700,55597040.00
20230310,1.951,1.952,1.936,1.938,14141800,27517084.00
20230313,1.935,1.945,1.933,1.943,18263200,35374036.00
20230314,1.915,1.930,1.915,1.922,22778800,43820916.00
20230315,1.928,1.928,1.919,1.924,15038500,28911170.00
20230316,1.919,1.921,1.911,1.912,16766300,32122990.00
20230317,1.911,1.918,1.891,1.893,24001900,45700784.00
20230320,1.882,1.882,1.838,1.838,27218000,50575772.00
20230321,1.857,1.860,1.852,1.859,23633200,43862008.00
20230322,1.841,1.842,1.823,1.840,24872500,45524436.00
20230323,1.823,1.823,1.800,1.810,34673301,62738796.00
20230324,1.774,1.796,1.761,1.790,53887805,95567352.00
20230327,1.792,1.793,1.769,1.779,48546300,86398872.00
20230328,1.793,1.800,1.786,1.800,55964600,100209696.00
20230329,1.813,1.816,1.801,1.803,36686500,66403040.00
20230330,1.810,1.813,1.800,1.802,24817000,44859212.00
20230331,1.803,1.807,1.789,1.793,22197900,39907324.00
20230403,1.839,1.853,1.834,1.847,30327398,55992876.00
20230404,1.851,1.864,1.851,1.864,34679600,64468424.00
20230406,1.844,1.852,1.832,1.836,16941400,31238514.00
20230407,1.824,1.824,1.809,1.820,18304899,33262210.00
20230410,1.813,1.820,1.809,1.813,12939399,23484116.00
20230411,1.805,1.822,1.801,1.818,22965300,41565112.00
20230412,1.808,1.808,1.792,1.795,33382298,60032096.00
20230413,1.804,1.821,1.804,1.820,39597000,71800472.00
20230414,1.812,1.814,1.796,1.796,33761400,60948340.00
20230417,1.780,1.796,1.776,1.796,32215500,57442980.00
20230418,1.809,1.817,1.807,1.815,28390500,51398800.00
20230419,1.795,1.796,1.762,1.764,35057100,62327668.00
20230420,1.740,1.743,1.721,1.738,34296800,59392872.00
20230421,1.740,1.744,1.718,1.718,23486100,40713756.00
20230424,1.712,1.734,1.708,1.731,34634700,59518940.00
20230425,1.711,1.733,1.709,1.728,28999300,49805684.00
20230426,1.739,1.750,1.734,1.750,27711372,48291356.00
20230427,1.747,1.750,1.738,1.740,27408500,47798456.00
20230428,1.755,1.773,1.755,1.765,32531700,57407240.00
20230504,1.753,1.772,1.750,1.756,31536200,55535648.00
20230505,1.762,1.780,1.756,1.778,25793000,45585632.00
20230508,1.792,1.799,1.779,1.788,17418500,31155736.00
20230509,1.783,1.790,1.774,1.780,16006287,28531320.00
20230510,1.771,1.772,1.748,1.756,16836400,29640090.00
20230511,1.757,1.765,1.744,1.759,33956000,59599696.00
20230512,1.777,1.793,1.776,1.788,25525400,45588908.00
20230515,1.763,1.777,1.757,1.770,40668700,71788688.00
20230516,1.778,1.795,1.777,1.792,17626800,31505826.00
20230517,1.757,1.757,1.746,1.754,14579200,25528508.00
20230518,1.747,1.767,1.740,1.760,31927200,56188972.00
20230519,1.762,1.767,1.741,1.741,20093900,35324164.00
20230522,1.735,1.744,1.724,1.739,37266800,64512980.00
20230523,1.765,1.768,1.757,1.760,20046800,35350928.00
20230524,1.754,1.758,1.736,1.740,13395000,23427188.00
20230525,1.740,1.743,1.729,1.736,15572400,27022912.00
20230526,1.728,1.747,1.719,1.747,18265600,31635544.00
20230529,1.751,1.754,1.726,1.730,12661500,22049854.00
20230530,1.726,1.734,1.724,1.728,13638600,23574754.00
20230531,1.710,1.710,1.697,1.707,18595700,31671662.00
20230601,1.727,1.746,1.722,1.740,17705900,30734494.00
20230602,1.717,1.719,1.701,1.716,44195100,75598872.00
20230605,1.756,1.780,1.755,1.768,35304400,62483124.00
20230606,1.774,1.787,1.770,1.777,35187900,62519916.00
20230607,1.773,1.773,1.753,1.757,20207500,35557576.00
20230608,1.757,1.762,1.752,1.757,18809500,33052964.00
20230609,1.756,1.769,1.756,1.766,9467400,16693078.00
20230612,1.780,1.788,1.771,1.773,17195100,30597694.00
20230613,1.771,1.792,1.767,1.790,16879800,30038822.00
20230614,1.791,1.793,1.784,1.787,14580300,26081322.00
20230615,1.796,1.822,1.796,1.822,29737100,53782320.00
20230616,1.860,1.866,1.848,1.853,25285600,46910232.00
20230619,1.861,1.900,1.860,1.893,25544399,47843288.00
20230620,1.908,1.924,1.892,1.901,32381200,61776628.00
20230621,1.919,1.950,1.915,1.943,30421200,58648644.00
20230626,1.894,1.918,1.894,1.916,22487300,42887340.00
20230627,1.900,1.909,1.890,1.900,23491300,44594112.00
20230628,1.888,1.899,1.881,1.893,36600000,69096744.00
20230629,1.889,1.891,1.874,1.888,30948700,58269560.00
20230630,1.899,1.909,1.889,1.901,29454000,55970332.00
20230703,2.002,2.090,2.000,2.052,53928337,109489112.00
20230704,2.023,2.023,1.997,2.014,51279656,102974648.00
20230705,2.024,2.027,2.008,2.019,29780800,60097044.00
20230706,2.010,2.019,2.007,2.017,29639400,59625356.00
20230707,2.008,2.017,1.997,2.006,19061600,38275612.00
20230710,1.996,2.009,1.982,2.008,41106243,82018704.00
20230711,2.039,2.042,2.017,2.017,38790962,78636048.00
20230712,2.049,2.059,2.047,2.050,45248400,92844864.00
20230713,2.020,2.045,2.015,2.035,49904561,101257640.00
20230714,2.054,2.063,2.035,2.036,38052100,78025784.00
20230717,2.059,2.068,2.049,2.056,43372100,89361808.00
20230718,2.061,2.080,2.055,2.059,45780600,94626088.00
20230719,2.092,2.106,2.091,2.106,42737000,89663432.00
20230720,2.110,2.121,2.105,2.121,56728400,119874808.00
20230721,2.099,2.118,2.097,2.103,39594337,83401176.00
20230724,2.118,2.130,2.107,2.107,46615600,98690792.00
20230725,2.131,2.156,2.124,2.146,48323800,103423560.00
20230726,2.144,2.164,2.137,2.161,61181323,131549168.00
20230727,2.197,2.217,2.182,2.186,66841200,146997056.00
20230728,2.180,2.183,2.158,2.161,57203171,124015264.00
20230731,2.127,2.151,2.127,2.151,62032100,132619448.00
20230801,2.159,2.177,2.159,2.173,45569298,98732952.00
20230802,2.180,2.194,2.164,2.178,48802100,106223560.00
20230803,2.156,2.163,2.149,2.153,53723200,115770944.00
20230804,2.160,2.181,2.157,2.175,53929800,117015512.00
20230807,2.160,2.170,2.148,2.151,40814000,88065632.00
20230808,2.147,2.152,2.137,2.142,31064600,66650104.00
20230809,2.190,2.198,2.178,2.187,41621400,91070272.00
20230810,2.177,2.190,2.168,2.190,42970000,93621824.00
20230811,2.197,2.210,2.191,2.206,42747700,94051168.00
20230814,2.202,2.221,2.196,2.219,38174800,84316976.00
20230815,2.240,2.246,2.216,2.237,68387400,152640128.00
20230816,2.216,2.237,2.215,2.234,54231116,120726432.00
20230817,2.246,2.280,2.245,2.270,101761297,230387872.00
20230818,2.293,2.302,2.276,2.296,126312400,289323552.00
20230821,2.347,2.362,2.333,2.343,136495300,320391040.00
20230822,2.338,2.341,2.272,2.272,121539200,279866976.00
20230823,2.280,2.304,2.264,2.270,149469900,341165088.00
20230824,2.287,2.302,2.280,2.286,88856900,203532784.00
20230825,2.301,2.338,2.301,2.334,132951900,308868672.00
20230828,2.366,2.403,2.353,2.357,158304485,376527392.00
20230829,2.366,2.389,2.357,2.372,91589900,217537104.00
20230830,2.360,2.372,2.351,2.367,76029500,179603712.00
20230831,2.371,2.380,2.364,2.372,65897600,156247872.00
20230901,2.355,2.363,2.333,2.347,100534300,236288800.00
20230904,2.343,2.343,2.298,2.304,133220401,308340864.00
20230905,2.335,2.347,2.324,2.329,128004900,299138656.00
20230906,2.365,2.367,2.353,2.365,99434500,234814640.00
20230907,2.369,2.370,2.352,2.368,98789000,233407312.00
20230908,2.334,2.340,2.317,2.324,98680200,229649456.00
20230911,2.346,2.356,2.341,2.347,58277100,136879200.00
20230912,2.349,2.353,2.316,2.321,80584200,187883920.00
20230913,2.290,2.291,2.273,2.284,81156700,185293392.00
20230914,2.283,2.289,2.266,2.272,73209900,166748384.00
20230915,2.296,2.324,2.296,2.320,98546700,227690432.00
20230918,2.300,2.307,2.290,2.302,73972800,170131808.00
20230919,2.275,2.275,2.242,2.251,71658600,161760800.00
20230920,2.270,2.281,2.259,2.276,86707800,196959440.00
20230921,2.270,2.270,2.246,2.253,68705170,155056752.00
20230922,2.240,2.268,2.240,2.261,49744000,112240816.00
20230925,2.253,2.262,2.238,2.253,61233500,137705360.00
20230926,2.276,2.292,2.264,2.268,69966300,159573200.00
20230927,2.268,2.295,2.268,2.288,46978300,107291016.00
20230928,2.290,2.293,2.273,2.283,53184200,121378776.00
20231009,2.228,2.232,2.208,2.212,47658800,105861224.00
20231010,2.187,2.195,2.170,2.172,71572500,156393424.00
20231011,2.185,2.188,2.152,2.165,74434700,161652768.00
20231012,2.169,2.181,2.166,2.181,51693000,112304904.00
20231013,2.211,2.225,2.211,2.216,51308000,113773984.00
20231016,2.220,2.226,2.207,2.224,29002000,64328808.00
20231017,2.223,2.226,2.213,2.220,20721300,46024620.00
20231018,2.256,2.260,2.226,2.227,28567800,64120068.00
20231019,2.236,2.245,2.229,2.237,29042700,64959896.00
20231020,2.251,2.252,2.237,2.242,27770600,62338920.00
20231023,2.227,2.234,2.217,2.222,23225100,51647964.00
20231024,2.200,2.208,2.192,2.208,22020500,48449964.00
20231025,2.251,2.252,2.224,2.232,27450100,61453924.00
20231026,2.220,2.241,2.218,2.238,18686700,41731180.00
20231027,2.240,2.254,2.239,2.251,30956700,69546896.00
20231030,2.281,2.300,2.280,2.291,41079900,94105448.00
20231031,2.254,2.260,2.243,2.244,38301800,86121240.00
20231101,2.256,2.271,2.246,2.268,36054200,81456288.00
20231102,2.286,2.298,2.280,2.298,29709085,67973776.00
20231103,2.310,2.322,2.306,2.315,46586375,107794256.00
20231106,2.343,2.364,2.337,2.357,47966600,112752656.00
20231107,2.369,2.372,2.349,2.351,46501900,109877048.00
20231108,2.372,2.376,2.354,2.366,39109200,92588088.00
20231109,2.360,2.361,2.347,2.359,26182400,61646088.00
20231110,2.320,2.321,2.306,2.306,29765600,68819720.00
20231113,2.316,2.329,2.311,2.322,35570000,82556480.00
20231114,2.354,2.357,2.344,2.344,29346100,68962032.00
20231115,2.367,2.368,2.357,2.368,29294400,69245344.00
20231116,2.363,2.364,2.346,2.364,35118200,82798600.00
20231117,2.323,2.323,2.307,2.311,33033700,76428032.00
20231120,2.270,2.289,2.265,2.283,41410900,94366320.00
20231121,2.295,2.309,2.293,2.306,26131925,60145264.00
20231122,2.306,2.306,2.283,2.287,21140200,48527020.00
20231123,2.274,2.282,2.260,2.266,29074600,66025136.00
20231124,2.268,2.280,2.268,2.273,17211720,39141828.00
20231127,2.259,2.259,2.226,2.233,26624290,59487440.00
20231128,2.216,2.236,2.214,2.234,28416100,63285424.00
20231129,2.238,2.238,2.219,2.224,17450900,38857588.00
20231130,2.223,2.230,2.215,2.227,33642600,74848472.00
20231201,2.218,2.225,2.193,2.209,33387619,73690208.00
20231204,2.209,2.229,2.209,2.225,32707700,72611928.00
20231205,2.230,2.240,2.216,2.235,46879000,104589128.00
20231206,2.225,2.232,2.216,2.228,58698500,130547344.00
20231207,2.219,2.228,2.206,2.221,30647500,68025232.00
20231208,2.229,2.246,2.228,2.245,30600600,68467632.00
20231211,2.246,2.254,2.245,2.245,29345400,66000140.00
20231212,2.280,2.286,2.268,2.279,34299100,78134104.00
20231213,2.265,2.275,2.260,2.274,26578400,60276872.00
20231214,2.258,2.258,2.235,2.235,30259000,67951632.00
20231215,2.256,2.260,2.235,2.235,30609800,68853752.00
20231218,2.224,2.224,2.206,2.216,23316600,51603984.00
20231219,2.233,2.235,2.218,2.218,22651100,50467860.00
20231220,2.205,2.209,2.195,2.203,21967100,48371280.00
20231221,2.203,2.208,2.183,2.203,29681700,65117604.00
20231222,2.184,2.190,2.174,2.182,25807100,56333756.00
20231225,2.185,2.203,2.185,2.196,34139700,74928784.00
20231226,2.211,2.211,2.190,2.194,28912200,63582748.00
20231227,2.204,2.213,2.197,2.213,33361100,73516304.00
20231228,2.214,2.218,2.204,2.210,33528600,74085904.00
20231229,2.200,2.200,2.182,2.183,29542800,64735236.00
20240102,2.143,2.147,2.130,2.135,54317200,116222800.00
20240103,2.131,2.136,2.125,2.134,40009900,85216648.00
20240104,2.142,2.146,2.136,2.143,29440300,63038416.00
20240105,2.125,2.125,2.102,2.110,38215519,80840648.00
20240108,2.090,2.090,2.073,2.077,41538300,86438936.00
20240109,2.076,2.083,2.073,2.080,25548500,53089512.00
20240110,2.076,2.076,2.061,2.065,26859100,55542096.00
20240111,2.050,2.066,2.046,2.060,35506701,72974640.00
20240112,2.040,2.042,2.025,2.026,39228200,79789856.00
20240115,2.023,2.026,2.015,2.018,34929900,70566168.00
20240116,2.016,2.025,2.006,2.024,36679300,73799304.00
20240117,2.024,2.026,2.004,2.005,29405400,59327876.00
20240118,1.980,1.994,1.961,1.987,51812510,102487112.00
20240119,2.002,2.005,1.994,1.994,23474400,46934520.00
20240122,1.996,2.014,1.992,2.001,46040500,92249304.00
20240123,2.002,2.013,2.000,2.002,36749500,73688448.00
20240124,2.017,2.024,2.011,2.022,49812600,100525976.00
20240125,2.021,2.021,1.995,2.007,51498800,103521384.00
20240126,1.982,1.990,1.969,1.976,52863400,104525008.00
20240129,1.939,1.945,1.931,1.939,37025500,71757840.00
20240130,1.937,1.937,1.924,1.934,25861200,49931872.00
20240131,1.969,1.989,1.961,1.970,59609500,117530744.00
20240201,1.985,2.005,1.984,2.002,74450300,148639024.00
20240202,1.980,1.992,1.963,1.966,73319400,145105136.00
20240205,1.959,1.975,1.954,1.965,41293381,81248640.00
20240206,1.975,1.975,1.964,1.970,27792300,54719064.00
20240207,1.972,1.977,1.953,1.957,37763500,74175376.00
20240208,1.953,1.974,1.952,1.973,25689200,50462360.00
20240219,1.978,2.002,1.973,2.000,45886800,91377888.00
20240220,2.004,2.005,1.990,1.993,30497600,60845020.00
20240221,1.976,1.981,1.971,1.976,62049000,122598464.00
20240222,1.969,1.971,1.957,1.971,49061800,96274728.00
20240223,1.964,1.973,1.960,1.972,45785500,90003952.00
20240226,1.972,1.979,1.963,1.968,56545300,111517992.00
20240227,1.983,1.994,1.983,1.994,73645200,146378928.00
20240228,1.990,1.997,1.985,1.991,52208800,103963496.00
20240229,1.996,1.999,1.988,1.990,41692200,83088224.00
20240301,1.996,2.034,1.996,2.034,104922400,211791040.00
20240304,2.060,2.071,2.052,2.070,129137100,265992576.00
20240305,2.064,2.073,2.057,2.064,121890700,251686096.00
20240306,2.072,2.074,2.058,2.063,75063300,155135216.00
20240307,2.060,2.078,2.058,2.071,76290600,157755456.00
20240308,2.082,2.132,2.082,2.129,195958700,413028288.00
20240311,2.132,2.146,2.111,2.116,188312400,399633824.00
20240312,2.126,2.143,2.118,2.119,174425700,371533920.00
20240313,2.125,2.129,2.111,2.119,125210353,265229504.00
20240314,2.125,2.161,2.122,2.156,192183300,411826528.00
20240315,2.155,2.178,2.141,2.167,203627500,439414400.00
20240318,2.184,2.189,2.146,2.148,190575176,412915264.00
20240319,2.154,2.170,2.151,2.168,146928200,317451520.00
20240320,2.174,2.196,2.165,2.192,171043300,373058016.00
20240321,2.225,2.256,2.217,2.230,229027800,511547104.00
20240322,2.217,2.218,2.180,2.192,207540830,455540576.00
20240325,2.158,2.158,2.122,2.134,194427200,415204352.00
20240326,2.146,2.157,2.136,2.139,128399798,275578368.00
20240327,2.140,2.153,2.125,2.147,111587600,238687056.00
20240328,2.126,2.126,2.104,2.110,135506448,285994816.00
20240329,2.130,2.140,2.121,2.137,152708401,325218784.00
20240401,2.138,2.157,2.136,2.157,108344500,232917632.00
20240402,2.147,2.150,2.133,2.137,106216067,227463424.00
20240403,2.107,2.126,2.104,2.123,98651974,208585056.00
20240408,2.143,2.155,2.135,2.141,101916400,218747920.00
20240409,2.141,2.158,2.140,2.150,90748300,195252688.00
20240410,2.153,2.153,2.135,2.143,61777300,132567672.00
20240411,2.124,2.131,2.115,2.120,67947200,144260544.00
20240412,2.121,2.141,2.117,2.141,78009300,166003968.00
20240415,2.165,2.174,2.162,2.169,106466899,230953728.00
20240416,2.178,2.209,2.177,2.190,147512800,323811680.00
20240417,2.143,2.144,2.122,2.125,118596100,253102864.00
20240418,2.129,2.146,2.128,2.142,123685799,264075312.00
20240419,2.143,2.172,2.141,2.163,173797700,375050880.00
20240422,2.166,2.170,2.151,2.156,95018800,205482144.00
20240423,2.178,2.195,2.160,2.167,158919100,346349280.00
20240424,2.182,2.193,2.179,2.190,97633900,213625248.00
20240425,2.180,2.185,2.167,2.182,92961100,202214144.00
20240426,2.184,2.192,2.184,2.187,72257001,158066896.00
20240429,2.173,2.184,2.166,2.177,84680400,184256928.00
20240430,2.186,2.191,2.173,2.188,102396300,223473392.00
20240506,2.240,2.253,2.234,2.244,115029280,258224144.00
20240507,2.305,2.319,2.299,2.315,118868000,274469792.00
20240508,2.314,2.323,2.301,2.322,122729000,283836288.00
20240509,2.310,2.340,2.306,2.310,130356606,302663968.00
20240510,2.271,2.279,2.265,2.275,113797200,258400240.00
20240513,2.281,2.302,2.281,2.296,139996220,320962240.00
20240514,2.302,2.306,2.283,2.287,101089200,232112512.00
20240515,2.292,2.302,2.287,2.302,84845000,194507824.00
20240516,2.291,2.306,2.290,2.298,97014210,223045040.00
20240517,2.306,2.325,2.300,2.325,108073900,250010304.00
20240520,2.305,2.327,2.303,2.317,105856100,245025520.00
20240521,2.333,2.335,2.307,2.319,110950610,257537952.00
20240522,2.320,2.338,2.317,2.338,106586598,247845872.00
20240523,2.338,2.354,2.329,2.341,126868100,297079680.00
20240524,2.339,2.346,2.321,2.322,83073800,194163120.00
20240527,2.332,2.337,2.315,2.320,107255300,249145568.00
20240528,2.335,2.337,2.295,2.298,118182000,273814752.00
20240529,2.246,2.269,2.246,2.265,125370400,282966272.00
20240530,2.252,2.255,2.235,2.246,84894701,190704672.00
20240531,2.242,2.261,2.239,2.256,77588200,174463184.00
20240603,2.232,2.239,2.224,2.225,68767520,153402928.00
20240604,2.218,2.245,2.217,2.237,86103200,192174176.00
20240605,2.250,2.261,2.250,2.254,90211800,203445920.00
20240606,2.253,2.264,2.248,2.263,82485800,186158992.00
20240607,2.281,2.284,2.258,2.264,82284800,186844336.00
20240611,2.265,2.268,2.247,2.247,61014600,137619904.00
20240612,2.240,2.253,2.235,2.252,49563000,111223912.00
20240613,2.246,2.249,2.210,2.212,78807010,175843808.00
20240614,2.229,2.239,2.224,2.232,82595100,184215904.00
20240617,2.206,2.208,2.181,2.194,86972583,190934016.00
20240618,2.180,2.184,2.168,2.173,75976800,165393808.00
20240619,2.174,2.185,2.174,2.181,51221500,111660464.00
20240620,2.181,2.188,2.169,2.185,47853200,104199648.00
20240621,2.162,2.166,2.151,2.156,59930600,129374152.00
20240624,2.164,2.182,2.164,2.165,69389100,150880896.00
20240625,2.169,2.172,2.161,2.171,43941800,95253888.00
20240626,2.157,2.182,2.154,2.175,55798200,121107312.00
20240627,2.181,2.181,2.162,2.175,63789900,138616848.00
20240628,2.177,2.186,2.174,2.182,77992000,170146144.00
20240701,2.170,2.177,2.155,2.176,88934600,192762976.00
20240702,2.178,2.199,2.175,2.197,51848400,113243896.00
20240703,2.194,2.199,2.184,2.190,69187700,151620528.00
20240704,2.188,2.192,2.134,2.140,122868300,265339984.00
20240705,2.145,2.168,2.145,2.158,81420000,175673216.00
20240708,2.157,2.162,2.141,2.145,44037600,94727624.00
20240709,2.108,2.115,2.099,2.110,84490000,178003056.00
20240710,2.077,2.091,2.075,2.087,105645800,220064064.00
20240711,2.080,2.080,2.063,2.064,127730800,264784928.00
20240712,2.064,2.071,2.052,2.052,111244200,229641968.00
20240715,2.015,2.016,2.002,2.010,106201700,213426704.00
20240716,2.001,2.004,1.991,1.997,90823900,181500944.00
20240717,2.025,2.039,2.010,2.016,164419800,333209184.00
20240718,2.017,2.019,2.004,2.016,83375000,167706560.00
20240719,2.020,2.044,2.020,2.040,132741200,270086048.00
20240722,2.044,2.060,2.040,2.049,127233500,260949360.00
20240723,2.065,2.072,2.043,2.045,110942900,228419904.00
20240724,2.051,2.057,2.036,2.047,103500500,212030960.00
20240725,2.030,2.042,2.028,2.034,69524000,141463584.00
20240726,2.054,2.067,2.043,2.049,82905000,170459024.00
20240729,1.991,2.016,1.990,2.007,105247700,210697456.00
20240730,2.007,2.009,1.992,1.997,63037467,126076000.00
20240731,1.986,2.006,1.979,2.005,94711200,188992848.00
20240801,1.994,1.997,1.969,1.993,155910500,309660640.00
20240802,1.986,2.002,1.985,2.000,87628900,174688384.00
20240805,1.999,2.010,1.977,1.983,110726700,220720960.00
20240806,1.978,1.994,1.965,1.967,90393700,179040304.00
20240807,1.961,1.962,1.936,1.940,129469600,252075952.00
20240808,1.938,1.955,1.938,1.945,105286400,205060896.00
20240809,1.934,1.940,1.926,1.938,102465800,198085216.00
20240812,1.924,1.936,1.919,1.925,75513100,145557296.00
20240813,1.915,1.916,1.853,1.858,212106500,398571456.00
20240814,1.824,1.852,1.822,1.846,156384200,287204864.00
20240815,1.860,1.869,1.856,1.868,97289500,181203552.00
20240816,1.871,1.871,1.855,1.859,75828600,141262560.00
20240819,1.866,1.868,1.844,1.848,72893600,135288240.00
20240820,1.867,1.870,1.861,1.864,86529400,161437632.00
20240821,1.858,1.878,1.854,1.877,76455700,142488416.00
20240822,1.877,1.888,1.865,1.866,104596500,196258096.00
20240823,1.867,1.874,1.859,1.859,78542500,146649552.00
20240826,1.860,1.874,1.842,1.874,112253800,208774544.00
20240827,1.882,1.894,1.876,1.891,93087500,175414352.00
20240828,1.906,1.917,1.894,1.908,132508100,252674896.00
20240829,1.903,1.912,1.898,1.904,81551600,155413456.00
20240830,1.917,1.935,1.916,1.922,118969700,228900112.00
20240902,1.915,1.927,1.909,1.926,102190200,196127552.00
20240903,1.928,1.985,1.920,1.949,317375510,617825408.00
20240904,1.943,1.949,1.918,1.924,186275910,360811168.00
20240905,1.955,1.967,1.944,1.954,179955700,351909568.00
20240906,1.966,1.984,1.964,1.984,196516000,387646240.00
20240909,1.955,1.966,1.945,1.962,252398000,494017824.00
20240910,1.960,1.962,1.924,1.928,187336000,363878272.00
20240911,1.919,1.944,1.919,1.942,169608200,327887168.00
20240912,1.936,1.939,1.921,1.933,161342800,311630176.00
20240913,1.947,1.953,1.931,1.948,167169200,324855168.00
20240918,1.980,1.991,1.969,1.991,173114700,343218112.00
20240919,1.959,1.964,1.947,1.947,216372500,423502368.00
20240920,1.938,1.954,1.933,1.947,192039119,373146304.00
20240923,1.940,1.948,1.930,1.940,175614000,340485664.00
20240924,1.961,1.972,1.959,1.967,196990400,386936384.00
20240925,1.959,1.960,1.938,1.940,205641700,401085088.00
20240926,1.968,1.983,1.968,1.971,287980350,568515136.00
20240927,1.947,1.961,1.941,1.956,209899383,409684768.00
20240930,1.972,2.012,1.971,1.998,324061999,643778560.00
20241008,1.952,1.956,1.912,1.918,333603837,645050112.00
20241009,1.925,1.945,1.918,1.919,273710609,528615456.00
20241010,1.925,1.927,1.913,1.918,166878100,320169632.00
20241011,1.913,1.913,1.888,1.888,178590683,339896800.00
20241014,1.888,1.903,1.877,1.900,160615600,303484064.00
20241015,1.901,1.908,1.891,1.901,144621800,274756576.00
20241016,1.907,1.914,1.903,1.914,146720083,280081216.00
20241017,1.906,1.908,1.877,1.882,208421400,394395424.00
20241018,1.886,1.904,1.883,1.900,195780000,370660320.00
20241021,1.885,1.897,1.871,1.895,164027900,308980480.00
20241022,1.892,1.895,1.883,1.891,98646000,186399536.00
20241023,1.906,1.914,1.897,1.899,173302800,330477696.00
20241024,1.900,1.905,1.893,1.897,109998800,209000064.00
20241025,1.894,1.894,1.873,1.876,177346800,333739264.00
20241028,1.872,1.902,1.870,1.894,210953600,398434464.00
20241029,1.886,1.914,1.885,1.911,237332800,450172256.00
20241030,1.894,1.917,1.887,1.913,237796500,451470112.00
20241031,1.908,1.909,1.896,1.901,174218300,331382272.00
20241101,1.905,1.906,1.883,1.884,171240200,324404192.00
20241104,1.889,1.907,1.888,1.896,175688300,333449984.00
20241105,1.891,1.896,1.879,1.882,264866200,500017088.00
20241106,1.892,1.905,1.888,1.904,341031800,647098048.00
20241107,1.937,1.956,1.937,1.952,287391446,559589376.00
20241108,1.955,1.957,1.923,1.934,291496823,566678784.00
20241111,1.963,1.977,1.962,1.974,235957000,465020608.00
20241112,1.976,1.985,1.965,1.982,146548000,289358784.00
20241113,1.978,1.989,1.978,1.979,150473100,298468384.00
20241114,1.970,1.975,1.960,1.964,124431904,245124784.00
20241115,1.926,1.932,1.905,1.908,278883800,535098240.00
20241118,1.915,1.917,1.907,1.911,139541904,266747040.00
20241119,1.915,1.922,1.914,1.921,132443688,254008512.00
20241120,1.912,1.916,1.907,1.915,159176000,304335168.00
20241121,1.914,1.915,1.910,1.913,117189700,224096928.00
20241122,1.894,1.898,1.876,1.878,277327104,523676320.00
20241125,1.889,1.894,1.883,1.888,137445800,259556112.00
20241126,1.898,1.906,1.893,1.900,173011000,328642496.00
20241127,1.900,1.901,1.893,1.899,137569894,260924176.00
20241128,1.899,1.900,1.893,1.896,98114534,186043616.00
20241129,1.894,1.903,1.894,1.898,128906096,244860368.00
数据来源:通达信
