161128 标普信息科技LOF 日线 后复权
      日期	    开盘	    最高	    最低	    收盘	    成交量	    成交额
20161227,0.996,0.997,0.994,0.995,36628652,36465288.00
20161228,0.995,0.996,0.994,0.995,2319173,2306234.25
20161229,0.993,0.994,0.992,0.993,1754380,1741483.50
20161230,0.994,0.994,0.993,0.993,1762400,1750608.13
20170103,0.993,0.994,0.993,0.993,2065845,2051390.25
20170104,0.993,0.994,0.993,0.993,2466870,2449607.00
20170105,0.993,0.994,0.990,0.991,6733712,6687385.00
20170106,0.991,0.992,0.988,0.991,669125,662104.31
20170109,0.991,0.993,0.991,0.993,1102814,1094236.63
20170110,0.993,0.993,0.991,0.992,1348430,1337219.00
20170111,0.992,0.993,0.992,0.993,235517,233641.56
20170112,0.992,0.993,0.991,0.992,508117,504061.38
20170113,0.990,0.992,0.990,0.990,66201,65640.39
20170116,0.990,0.991,0.990,0.990,1093545,1082733.00
20170117,0.994,0.994,0.990,0.990,73510,72781.10
20170118,0.981,0.992,0.980,0.992,831500,822169.38
20170119,0.987,0.987,0.984,0.985,8300,8175.80
20170120,0.989,0.989,0.974,0.988,156601,153843.38
20170123,0.987,0.988,0.987,0.988,2247605,2219532.25
20170124,0.980,0.985,0.980,0.981,156203,153190.34
20170125,0.983,0.986,0.982,0.985,406006,399756.81
20170126,0.988,0.995,0.988,0.995,636620,632486.88
20170203,0.983,0.993,0.983,0.993,288207,285684.84
20170206,0.996,0.998,0.995,0.998,442718,441744.81
20170207,0.998,1.000,0.998,1.000,507214,506979.00
20170208,1.003,1.005,1.002,1.005,980807,984620.00
20170209,1.003,1.004,1.002,1.003,620707,622022.25
20170210,1.006,1.009,1.005,1.008,337142,339240.97
20170213,1.010,1.010,1.008,1.010,1042043,1051642.88
20170214,1.014,1.016,1.014,1.016,829340,841299.88
20170215,1.017,1.019,1.016,1.019,913045,929506.31
20170216,1.020,1.023,1.019,1.023,671748,685540.00
20170217,1.017,1.022,1.016,1.019,795859,809403.88
20170220,1.024,1.029,1.022,1.028,719018,737871.69
20170221,1.030,1.031,1.023,1.026,1939238,1988722.13
20170222,1.031,1.033,1.028,1.033,1037642,1069771.63
20170223,1.033,1.036,1.030,1.031,676121,696730.81
20170224,1.030,1.032,1.028,1.030,320200,329805.00
20170227,1.030,1.034,1.030,1.032,1229148,1267420.63
20170228,1.030,1.034,1.030,1.032,447647,462618.56
20170301,1.029,1.030,1.026,1.030,418074,430237.81
20170302,1.039,1.055,1.039,1.047,1160994,1214757.63
20170303,1.037,1.050,1.037,1.047,375300,393136.69
20170306,1.056,1.056,1.044,1.046,754609,790735.13
20170307,1.042,1.043,1.040,1.042,1249407,1301703.00
20170308,1.041,1.047,1.041,1.045,94900,99083.70
20170309,1.045,1.050,1.045,1.046,300301,314295.03
20170310,1.049,1.053,1.048,1.049,557800,585152.69
20170313,1.055,1.055,1.046,1.051,1424316,1494146.88
20170314,1.050,1.057,1.050,1.056,571539,601590.06
20170315,1.048,1.055,1.048,1.055,510416,537976.06
20170316,1.068,1.068,1.057,1.060,171900,182225.41
20170317,1.057,1.060,1.056,1.060,50900,53923.10
20170320,1.064,1.067,1.057,1.066,564108,600633.50
20170321,1.058,1.067,1.058,1.067,225918,240760.59
20170322,1.046,1.052,1.040,1.043,368300,385155.69
20170323,1.047,1.052,1.047,1.050,213910,224363.98
20170324,1.053,1.071,1.036,1.047,1004611,1054119.63
20170327,1.044,1.047,1.031,1.039,1232967,1276956.75
20170328,1.039,1.047,1.039,1.046,168811,176151.97
20170329,1.059,1.059,1.047,1.048,82900,86991.70
20170330,1.051,1.056,1.050,1.051,115000,120786.60
20170331,1.057,1.067,1.057,1.062,127900,135811.50
20170405,1.062,1.062,1.053,1.057,49500,52276.40
20170406,1.056,1.056,1.047,1.048,393516,412350.78
20170407,1.048,1.048,1.045,1.048,232900,243540.00
20170410,1.050,1.051,1.047,1.051,32800,34392.50
20170411,1.048,1.049,1.046,1.047,243511,255273.61
20170412,1.048,1.048,1.045,1.045,24600,25723.50
20170413,1.039,1.045,1.039,1.040,78412,81503.78
20170414,1.042,1.042,1.029,1.029,586000,603918.81
20170417,1.034,1.034,1.027,1.029,16600,17094.40
20170418,1.045,1.045,1.038,1.042,55200,57435.40
20170419,1.058,1.058,1.034,1.036,36900,38238.00
20170420,1.041,1.042,1.038,1.039,38000,39540.80
20170421,1.048,1.059,1.047,1.049,34500,36234.30
20170424,1.054,1.059,1.049,1.058,155701,164277.16
20170425,1.065,1.070,1.063,1.068,134200,143323.70
20170426,1.068,1.079,1.068,1.071,77201,82690.67
20170427,1.071,1.071,1.070,1.071,379828,406698.88
20170428,1.078,1.078,1.072,1.075,1097100,1179201.63
20170502,1.086,1.096,1.085,1.092,328500,358337.00
20170503,1.104,1.189,1.089,1.099,410800,453835.09
20170504,1.104,1.117,1.091,1.091,460078,505085.41
20170505,1.093,1.096,1.090,1.090,1274500,1391742.25
20170508,1.102,1.110,1.102,1.109,337100,373166.91
20170509,1.110,1.126,1.098,1.121,636253,710262.31
20170510,1.127,1.127,1.113,1.123,125000,139560.00
20170511,1.123,1.128,1.119,1.123,82300,92473.70
20170512,1.119,1.119,1.104,1.114,193900,215082.50
20170515,1.110,1.113,1.110,1.113,54400,60516.00
20170516,1.111,1.121,1.111,1.121,109803,122549.05
20170517,1.115,1.125,1.113,1.116,170239,190155.92
20170518,1.107,1.107,1.083,1.094,92800,101744.40
20170519,1.125,1.125,1.095,1.104,20400,22451.50
20170522,1.110,1.118,1.097,1.100,311602,343443.00
20170523,1.105,1.115,1.103,1.111,523900,582433.00
20170524,1.117,1.118,1.111,1.115,291700,325455.50
20170525,1.118,1.132,1.118,1.124,158700,178129.41
20170526,1.133,1.138,1.121,1.126,435900,490624.59
20170531,1.124,1.126,1.120,1.125,676500,759277.00
20170601,1.128,1.128,1.119,1.124,212600,238785.80
20170602,1.131,1.135,1.128,1.132,197200,222778.59
20170605,1.143,1.143,1.134,1.134,33300,37840.30
20170606,1.131,1.131,1.120,1.125,216204,243399.09
20170607,1.132,1.132,1.120,1.123,494700,555546.31
20170608,1.124,1.127,1.123,1.124,332400,373913.66
20170609,1.127,1.130,1.118,1.130,668340,750455.44
20170612,1.118,1.126,1.110,1.116,941700,1057813.88
20170613,1.115,1.120,1.107,1.113,1215077,1354834.75
20170614,1.110,1.111,1.093,1.110,587600,650403.88
20170615,1.096,1.105,1.087,1.102,398079,435621.47
20170616,1.102,1.102,1.086,1.093,100323,109649.74
20170619,1.104,1.104,1.082,1.100,86300,94643.10
20170620,1.103,1.115,1.100,1.103,192734,212436.22
20170621,1.095,1.104,1.094,1.103,76201,83693.09
20170622,1.110,1.110,1.104,1.110,148100,164116.50
20170623,1.100,1.112,1.100,1.110,545700,605787.50
20170626,1.110,1.126,1.106,1.126,214183,239094.34
20170627,1.130,1.130,1.112,1.116,568619,635205.25
20170628,1.107,1.107,1.096,1.100,293000,321910.59
20170629,1.117,1.117,1.102,1.102,78500,86586.40
20170630,1.095,1.095,1.081,1.087,116377,126509.14
20170703,1.089,1.089,1.071,1.080,109100,117504.90
20170704,1.072,1.073,1.070,1.070,36700,39335.40
20170705,1.072,1.072,1.062,1.064,172900,184077.00
20170706,1.077,1.077,1.069,1.073,155300,166188.09
20170707,1.075,1.075,1.064,1.065,343903,366589.91
20170710,1.070,1.079,1.065,1.065,1630180,1741873.75
20170711,1.080,1.083,1.077,1.083,346900,374242.50
20170712,1.087,1.087,1.084,1.084,182405,197809.31
20170713,1.095,1.110,1.094,1.110,129624,142438.72
20170714,1.111,1.120,1.096,1.106,79300,87970.30
20170717,1.106,1.110,1.101,1.108,35400,39084.50
20170718,1.108,1.108,1.100,1.101,213824,235428.59
20170719,1.113,1.113,1.107,1.109,216600,239993.59
20170720,1.114,1.118,1.114,1.118,463605,517826.09
20170721,1.117,1.122,1.115,1.115,139083,155548.81
20170724,1.107,1.113,1.105,1.111,118300,131275.20
20170725,1.113,1.118,1.113,1.115,51100,56972.70
20170726,1.115,1.116,1.113,1.113,92500,103126.90
20170727,1.119,1.119,1.116,1.119,347339,388218.19
20170728,1.115,1.115,1.101,1.105,449100,495507.31
20170731,1.103,1.104,1.092,1.101,2317788,2550528.00
20170801,1.100,1.102,1.097,1.102,626400,689215.00
20170802,1.110,1.115,1.106,1.113,723909,803491.63
20170803,1.113,1.113,1.108,1.110,155400,172429.80
20170804,1.109,1.109,1.103,1.109,207800,230051.59
20170807,1.110,1.115,1.109,1.115,413909,460504.78
20170808,1.115,1.120,1.114,1.115,50800,56690.30
20170809,1.115,1.115,1.112,1.112,107162,119190.64
20170810,1.114,1.114,1.102,1.105,1601900,1778333.50
20170811,1.090,1.090,1.078,1.079,131465,142619.03
20170814,1.094,1.094,1.085,1.091,226600,246292.70
20170815,1.102,1.106,1.102,1.106,129403,142914.02
20170816,1.105,1.110,1.105,1.110,44000,48737.00
20170817,1.119,1.119,1.108,1.110,161227,179072.61
20170818,1.108,1.108,1.099,1.099,100300,110797.30
20170821,1.100,1.100,1.093,1.099,33100,36365.60
20170822,1.101,1.101,1.096,1.096,58800,64477.20
20170823,1.100,1.113,1.100,1.102,96400,106959.10
20170824,1.096,1.108,1.096,1.108,47500,52065.30
20170825,1.106,1.110,1.097,1.110,168400,186172.50
20170828,1.100,1.105,1.095,1.096,163000,178683.00
20170829,1.113,1.113,1.096,1.099,41100,45131.90
20170830,1.099,1.100,1.096,1.097,296213,324986.56
20170831,1.121,1.121,1.099,1.100,693610,764100.31
20170901,1.117,1.117,1.108,1.112,235685,261550.97
20170904,1.118,1.118,1.102,1.112,71400,79080.00
20170905,1.133,1.133,1.094,1.109,126000,139324.50
20170906,1.096,1.098,1.090,1.093,133300,145629.91
20170907,1.093,1.095,1.089,1.089,190800,208323.70
20170908,1.091,1.092,1.090,1.091,114800,125208.10
20170911,1.085,1.088,1.085,1.088,82500,89758.40
20170912,1.098,1.133,1.097,1.126,231302,256784.20
20170913,1.104,1.116,1.103,1.116,129400,143330.09
20170914,1.118,1.118,1.109,1.115,20800,23192.00
20170915,1.100,1.116,1.097,1.110,14100,15622.30
20170918,1.110,1.110,1.105,1.105,4100,4550.50
20170919,1.103,1.110,1.103,1.106,4600,5077.50
20170920,1.118,1.118,1.108,1.109,40000,44415.80
20170921,1.112,1.112,1.104,1.104,17100,18928.80
20170922,1.098,1.108,1.096,1.108,46700,51367.30
20170925,1.101,1.102,1.100,1.101,36300,39942.40
20170926,1.090,1.094,1.089,1.091,79162,86358.78
20170927,1.095,1.103,1.095,1.099,33500,36811.30
20170928,1.118,1.118,1.105,1.107,160600,177580.91
20170929,1.114,1.116,1.114,1.114,85900,95708.30
20171009,1.135,1.139,1.131,1.131,302900,343196.50
20171010,1.134,1.137,1.134,1.135,87000,98777.40
20171011,1.130,1.135,1.130,1.134,312500,353659.00
20171012,1.133,1.137,1.133,1.137,70900,80490.00
20171013,1.132,1.138,1.132,1.137,92700,105101.50
20171016,1.142,1.143,1.138,1.140,97100,110729.80
20171017,1.239,1.239,1.141,1.150,28100,33112.40
20171018,1.153,1.153,1.146,1.147,13700,15768.00
20171019,1.155,1.199,1.155,1.155,18800,21718.40
20171020,1.155,1.155,1.155,1.155,8700,10048.50
20171023,1.175,1.175,1.155,1.155,11100,12822.70
20171024,1.178,1.178,1.153,1.154,52800,60953.40
20171025,1.157,1.158,1.157,1.157,22900,26495.70
20171026,1.170,1.170,1.159,1.159,28600,33194.90
20171027,1.162,1.168,1.160,1.164,35900,41747.30
20171030,1.189,1.197,1.188,1.194,106900,127476.50
20171031,1.196,1.199,1.195,1.199,25481,30548.32
20171101,1.203,1.214,1.203,1.214,31201,37701.11
20171102,1.209,1.243,1.209,1.229,1900,2342.50
20171103,1.202,1.219,1.202,1.219,3400,4137.80
20171106,1.219,1.239,1.208,1.210,19000,23245.50
20171107,1.229,1.229,1.228,1.229,8700,10691.30
20171108,1.214,1.225,1.213,1.225,72600,88857.60
20171109,1.250,1.250,1.223,1.232,20100,24661.50
20171110,1.226,1.227,1.224,1.227,177000,217005.20
20171113,1.225,1.225,1.212,1.223,600,733.20
20171114,1.209,1.220,1.209,1.220,9800,11941.60
20171115,1.210,1.210,1.203,1.207,335300,404638.00
20171116,1.202,1.204,1.200,1.204,88800,106769.80
20171117,1.218,1.218,1.213,1.216,428674,520922.47
20171120,1.216,1.220,1.207,1.220,97800,118854.40
20171121,1.219,1.219,1.219,1.219,46700,56927.30
20171122,1.228,1.229,1.220,1.227,114100,139646.41
20171123,1.226,1.233,1.219,1.232,36900,45263.80
20171124,1.238,1.248,1.238,1.238,24000,29752.20
20171127,1.226,1.247,1.226,1.247,7400,9204.80
20171128,1.231,1.246,1.231,1.246,2900,3584.90
20171129,1.247,1.258,1.247,1.247,18500,23121.10
20171130,1.238,1.238,1.200,1.204,26800,32438.70
20171201,1.206,1.210,1.201,1.206,75000,90286.00
20171204,1.199,1.246,1.199,1.246,102100,124708.60
20171205,1.239,1.239,1.198,1.236,43400,53588.20
20171206,1.236,1.236,1.186,1.203,71700,86027.70
20171207,1.200,1.200,1.192,1.193,2600,3111.10
20171208,1.214,1.214,1.213,1.213,4300,5220.00
20171211,1.210,1.215,1.205,1.214,34400,41543.80
20171212,1.230,1.239,1.220,1.234,19800,24329.00
20171213,1.233,1.241,1.219,1.238,54300,66836.70
20171214,1.209,1.234,1.209,1.232,23458,28637.62
20171215,1.230,1.230,1.208,1.226,22800,27781.60
20171218,1.220,1.230,1.215,1.230,135258,165080.55
20171219,1.237,1.237,1.227,1.234,36800,45263.60
20171220,1.242,1.242,1.235,1.242,7700,9535.00
20171221,1.242,1.250,1.220,1.239,33400,41456.00
20171222,1.238,1.238,1.219,1.237,10700,13084.60
20171225,1.235,1.235,1.215,1.226,46900,57447.20
20171226,1.216,1.226,1.216,1.226,16542,20250.49
20171227,1.121,1.210,1.120,1.203,175100,209442.20
20171228,1.206,1.206,1.199,1.204,52200,62761.60
20171229,1.211,1.217,1.211,1.215,3900,4728.50
20180102,1.194,1.336,1.194,1.268,693155,905669.19
20180103,1.250,1.250,1.225,1.226,173000,212275.58
20180104,1.230,1.241,1.230,1.233,70000,86406.76
20180105,1.235,1.235,1.227,1.233,178859,220034.28
20180108,1.232,1.242,1.232,1.242,60114,74472.95
20180109,1.243,1.250,1.243,1.249,40700,50722.60
20180110,1.294,1.295,1.254,1.260,108900,139836.81
20180112,1.270,1.272,1.270,1.272,88400,112324.00
20180115,1.258,1.271,1.258,1.270,26489,33475.06
20180116,1.310,1.310,1.260,1.289,53900,69553.80
20180117,1.289,1.289,1.263,1.284,33400,42526.00
20180118,1.293,1.293,1.261,1.266,34100,43191.70
20180119,1.265,1.285,1.263,1.270,30800,39211.00
20180122,1.272,1.282,1.272,1.282,3200,4071.40
20180123,1.298,1.298,1.273,1.293,12000,15466.80
20180124,1.275,1.292,1.275,1.292,64698,82908.02
20180125,1.272,1.292,1.266,1.292,36100,45840.40
20180126,1.262,1.288,1.262,1.281,6487,8277.57
20180129,1.269,1.281,1.266,1.267,115100,146265.20
20180130,1.268,1.268,1.251,1.260,14800,18646.40
20180131,1.238,1.258,1.238,1.257,10400,13004.30
20180201,1.256,1.256,1.242,1.255,65700,81677.30
20180202,1.264,1.267,1.264,1.264,26400,33415.30
20180205,1.210,1.250,1.210,1.240,32100,39206.50
20180206,1.166,1.180,1.141,1.147,122559,141347.75
20180207,1.188,1.188,1.175,1.177,104820,123519.40
20180208,1.165,1.177,1.165,1.177,6200,7241.00
20180209,1.121,1.128,1.060,1.081,206700,228233.41
20180212,1.142,1.150,1.122,1.144,640500,726388.81
20180213,1.162,1.177,1.162,1.174,62700,73480.00
20180214,1.181,1.181,1.176,1.177,18700,22039.50
20180222,1.191,1.221,1.191,1.215,90800,109828.60
20180223,1.224,1.224,1.217,1.223,41200,50356.20
20180226,1.240,1.265,1.240,1.244,55720,69457.76
20180227,1.254,1.258,1.253,1.254,92700,116211.90
20180228,1.243,1.249,1.243,1.248,92398,115145.21
20180301,1.254,1.270,1.242,1.270,35500,44433.20
20180302,1.252,1.252,1.252,1.252,10000,12520.00
20180305,1.269,1.270,1.267,1.267,4000,5079.50
20180306,1.265,1.265,1.265,1.265,700,885.50
20180307,1.231,1.271,1.231,1.265,2800,3550.20
20180308,1.256,1.256,1.256,1.256,2000,2512.00
20180309,1.254,1.270,1.254,1.270,19200,24363.40
20180312,1.282,1.290,1.281,1.284,49882,64017.54
20180313,1.284,1.291,1.283,1.283,7000,8993.10
20180314,1.271,1.271,1.264,1.264,2300,2917.70
20180315,1.270,1.289,1.270,1.287,9300,11849.90
20180316,1.286,1.286,1.280,1.286,5221,6702.68
20180319,1.267,1.269,1.266,1.268,35607,45131.76
20180320,1.251,1.260,1.250,1.251,15500,19401.00
20180321,1.265,1.265,1.261,1.261,2400,3027.80
20180322,1.264,1.264,1.236,1.264,4500,5598.40
20180323,1.200,1.260,1.188,1.226,7100,8530.70
20180326,1.199,1.222,1.199,1.210,19700,23653.10
20180327,1.225,1.225,1.212,1.224,18300,22244.50
20180328,1.210,1.218,1.186,1.200,29300,35022.60
20180329,1.199,1.199,1.199,1.199,5200,6234.80
20180330,1.205,1.205,1.177,1.204,8700,10374.90
20180402,1.205,1.235,1.205,1.229,3100,3821.00
20180403,1.202,1.202,1.202,1.202,8200,9856.40
20180404,1.202,1.202,1.110,1.195,61465,72913.60
20180409,1.195,1.195,1.163,1.187,9200,10824.00
20180411,1.247,1.247,1.190,1.195,29500,35164.30
20180412,1.195,1.196,1.193,1.193,9100,10873.90
20180413,1.227,1.227,1.227,1.227,100,122.70
20180416,1.213,1.214,1.213,1.214,85900,104272.60
20180417,1.215,1.246,1.211,1.246,13665,16597.02
20180418,1.245,1.245,1.211,1.244,53900,65485.60
20180419,1.225,1.240,1.224,1.236,15665,19274.44
20180420,1.232,1.232,1.232,1.232,7100,8747.20
20180423,1.210,1.210,1.210,1.210,800,968.00
20180426,1.248,1.248,1.110,1.124,420153,475756.34
20180427,1.192,1.227,1.183,1.191,389900,464298.94
20180502,1.192,1.219,1.192,1.207,115953,139313.91
20180503,1.210,1.210,1.210,1.210,4300,5203.00
20180504,1.211,1.213,1.211,1.213,5600,6787.80
20180507,1.247,1.248,1.247,1.248,11500,14344.00
20180508,1.271,1.293,1.243,1.254,27700,35303.30
20180509,1.253,1.293,1.248,1.253,21800,27326.60
20180510,1.262,1.270,1.261,1.270,44800,56858.70
20180511,1.288,1.288,1.271,1.271,3553,4575.36
20180514,1.271,1.286,1.271,1.286,4100,5241.10
20180515,1.283,1.283,1.275,1.280,19900,25468.10
20180516,1.274,1.274,1.274,1.274,500,637.00
20180517,1.279,1.279,1.275,1.275,13400,17085.40
20180518,1.266,1.274,1.266,1.274,7200,9116.00
20180521,1.274,1.288,1.269,1.288,8900,11327.80
20180522,1.288,1.289,1.280,1.288,46500,59876.50
20180523,1.285,1.285,1.285,1.285,100,128.50
20180524,1.290,1.295,1.278,1.287,31200,40011.70
20180525,1.290,1.290,1.290,1.290,100,129.00
20180528,1.290,1.295,1.267,1.281,6400,8195.30
20180529,1.300,1.300,1.281,1.281,49000,62807.90
20180530,1.280,1.283,1.280,1.283,12400,15891.40
20180531,1.282,1.288,1.282,1.288,17753,22824.36
20180601,1.288,1.288,1.288,1.288,8100,10432.80
20180604,1.305,1.315,1.305,1.315,16600,21758.30
20180605,1.319,1.325,1.319,1.324,21800,28795.00
20180606,1.325,1.343,1.325,1.343,22400,29802.00
20180607,1.367,1.367,1.366,1.366,2900,3963.20
20180608,1.360,1.360,1.360,1.360,500,680.00
20180611,1.357,1.358,1.357,1.357,13889,18852.47
20180612,1.355,1.367,1.355,1.365,14700,20077.90
20180613,1.364,1.365,1.364,1.364,21000,28645.00
20180614,1.368,1.393,1.355,1.356,3538,4839.78
20180615,1.356,1.360,1.349,1.349,59107,80244.49
20180619,1.349,1.349,1.325,1.331,43389,57616.13
20180620,1.332,1.346,1.321,1.329,118200,157262.83
20180621,1.357,1.365,1.335,1.339,89500,120196.70
20180622,1.333,1.379,1.333,1.356,123100,165436.30
20180625,1.357,1.357,1.357,1.357,500,678.50
20180626,1.343,1.349,1.330,1.330,74500,99171.40
20180627,1.386,1.386,1.334,1.334,27700,36957.00
20180628,1.274,1.449,1.274,1.361,505455,668305.44
20180629,1.317,1.399,1.316,1.382,206144,274173.88
20180702,1.382,1.382,1.336,1.346,96200,130979.10
20180703,1.367,1.368,1.363,1.363,22500,30704.90
20180704,1.347,1.361,1.345,1.356,25900,35096.60
20180705,1.346,1.433,1.345,1.390,103800,144571.00
20180706,1.356,1.390,1.355,1.387,189210,259722.06
20180709,1.398,1.408,1.396,1.408,16200,22633.60
20180710,1.408,1.433,1.398,1.419,67350,95265.65
20180711,1.393,1.417,1.390,1.403,60700,85162.80
20180712,1.383,1.425,1.383,1.411,10900,15245.70
20180713,1.411,1.426,1.402,1.415,126908,179283.39
20180716,1.428,1.428,1.409,1.409,54833,77390.76
20180717,1.408,1.408,1.394,1.394,27858,38852.65
20180718,1.434,1.435,1.415,1.415,35200,49908.80
20180719,1.417,1.444,1.417,1.441,227700,326425.88
20180720,1.388,1.441,1.388,1.441,151400,217904.80
20180723,1.441,1.470,1.440,1.470,217031,314057.13
20180724,1.473,1.483,1.473,1.483,110872,164079.16
20180725,1.488,1.496,1.487,1.487,42200,62964.10
20180726,1.483,1.505,1.465,1.469,236200,349439.22
20180727,1.480,1.483,1.471,1.480,64454,95187.13
20180730,1.478,1.478,1.421,1.456,260482,377236.06
20180731,1.430,1.450,1.411,1.411,158500,226770.70
20180801,1.425,1.427,1.421,1.425,42678,60793.36
20180802,1.414,1.447,1.413,1.447,128499,183089.75
20180803,1.447,1.580,1.447,1.486,189164,280763.91
20180806,1.487,1.490,1.469,1.484,221600,328489.19
20180807,1.487,1.503,1.474,1.487,308585,461043.00
20180808,1.487,1.487,1.469,1.470,179262,264754.59
20180809,1.474,1.474,1.451,1.457,151790,221388.08
20180810,1.457,1.462,1.444,1.456,257420,373308.69
20180813,1.443,1.447,1.433,1.435,112128,161021.78
20180814,1.436,1.460,1.436,1.449,102269,147803.06
20180815,1.460,1.470,1.454,1.468,185001,270581.50
20180816,1.466,1.466,1.440,1.450,87179,125986.57
20180817,1.456,1.464,1.455,1.458,89519,130460.46
20180820,1.465,1.466,1.451,1.457,128510,187299.34
20180821,1.453,1.453,1.432,1.440,273059,393212.81
20180822,1.445,1.447,1.438,1.438,146300,211407.70
20180823,1.447,1.450,1.445,1.449,87830,127097.72
20180824,1.458,1.458,1.446,1.449,70744,102617.38
20180827,1.454,1.464,1.450,1.455,251800,365746.59
20180828,1.468,1.478,1.463,1.471,223188,328732.25
20180829,1.479,1.479,1.467,1.475,32500,47883.90
20180830,1.487,1.499,1.481,1.496,360900,538857.25
20180831,1.498,1.515,1.491,1.505,324413,486079.59
20180903,1.505,1.513,1.500,1.505,695400,1046901.50
20180904,1.504,1.506,1.498,1.506,20758,31153.83
20180905,1.503,1.503,1.488,1.498,374991,560087.50
20180906,1.474,1.487,1.465,1.479,243600,358072.09
20180907,1.460,1.461,1.452,1.457,103900,151007.70
20180910,1.456,1.461,1.443,1.461,278069,402138.59
20180911,1.461,1.464,1.453,1.454,85636,124719.05
20180912,1.465,1.483,1.455,1.470,277484,405844.16
20180913,1.470,1.470,1.458,1.462,282345,412380.41
20180914,1.470,1.482,1.470,1.476,125045,184483.45
20180917,1.470,1.483,1.468,1.474,316813,467135.78
20180918,1.456,1.464,1.440,1.463,213733,309100.72
20180919,1.475,1.475,1.460,1.471,167400,246612.50
20180920,1.464,1.464,1.456,1.460,113900,166380.41
20180921,1.473,1.486,1.400,1.475,724431,1061947.38
20180925,1.475,1.475,1.467,1.470,471700,695045.69
20180926,1.471,1.471,1.464,1.470,124989,183637.33
20180927,1.470,1.470,1.462,1.463,49800,72919.20
20180928,1.475,1.477,1.470,1.477,317000,467270.00
20181008,1.464,1.464,1.435,1.438,181227,261320.39
20181009,1.431,1.443,1.431,1.443,116600,167625.09
20181010,1.439,1.452,1.439,1.440,17200,24789.00
20181011,1.398,1.398,1.338,1.339,1301728,1754808.75
20181012,1.351,1.365,1.328,1.364,332406,447916.94
20181015,1.388,1.396,1.380,1.386,183727,255056.88
20181016,1.378,1.383,1.377,1.380,121000,166894.91
20181017,1.418,1.418,1.406,1.418,395100,558350.69
20181018,1.410,1.410,1.407,1.408,32300,45498.50
20181019,1.408,1.481,1.382,1.395,128576,179751.48
20181022,1.391,1.391,1.384,1.391,129400,179297.70
20181023,1.395,1.395,1.364,1.364,103000,142531.91
20181024,1.388,1.392,1.383,1.385,85190,118201.75
20181025,1.331,1.346,1.330,1.341,83458,111670.48
20181026,1.371,1.371,1.355,1.355,87800,119748.10
20181029,1.342,1.350,1.342,1.350,503971,678402.56
20181030,1.344,1.356,1.332,1.343,162200,218020.00
20181031,1.351,1.359,1.351,1.359,42000,56805.40
20181101,1.372,1.380,1.372,1.375,22900,31561.40
20181102,1.385,1.474,1.385,1.408,121560,170737.28
20181105,1.390,1.390,1.374,1.378,12100,16704.10
20181107,1.366,1.379,1.366,1.377,160728,220697.06
20181108,1.403,1.406,1.398,1.402,57114,79972.27
20181109,1.394,1.405,1.394,1.405,47600,66761.96
20181112,1.391,1.399,1.391,1.399,200,279.00
20181113,1.355,1.399,1.355,1.389,57700,79503.70
20181114,1.386,1.386,1.358,1.380,50400,69849.80
20181115,1.340,1.357,1.340,1.355,15600,20987.20
20181116,1.386,1.386,1.341,1.347,61400,82566.80
20181119,1.344,1.355,1.344,1.350,4200,5673.40
20181120,1.340,1.340,1.315,1.320,50000,66256.90
20181121,1.315,1.315,1.292,1.296,21400,27989.00
20181122,1.296,1.296,1.281,1.288,70100,90329.00
20181123,1.288,1.288,1.280,1.280,29400,37766.94
20181126,1.288,1.288,1.288,1.288,700,901.60
20181127,1.296,1.315,1.296,1.315,5600,7260.00
20181128,1.302,1.309,1.291,1.309,290889,377482.69
20181129,1.316,1.359,1.316,1.343,57700,77640.30
20181130,1.347,1.347,1.330,1.338,186200,248426.30
20181203,1.342,1.371,1.338,1.366,190600,259372.30
20181204,1.376,1.376,1.360,1.364,100600,137607.70
20181205,1.291,1.329,1.290,1.322,76900,100117.40
20181206,1.302,1.302,1.302,1.302,8600,11197.20
20181207,1.321,1.321,1.316,1.316,32623,42946.67
20181210,1.279,1.279,1.275,1.279,8400,10727.70
20181211,1.289,1.293,1.289,1.291,42300,54555.70
20181212,1.298,1.303,1.298,1.303,12400,16116.00
20181214,1.302,1.302,1.302,1.302,3300,4296.60
20181217,1.270,1.297,1.270,1.279,5200,6639.50
20181218,1.261,1.271,1.248,1.262,13300,16655.70
20181219,1.261,1.261,1.261,1.261,17500,22067.50
20181220,1.247,1.247,1.232,1.234,206000,254331.70
20181221,1.222,1.222,1.210,1.217,217700,264806.41
20181224,1.186,1.192,1.184,1.190,18800,22327.20
20181225,1.128,1.155,1.128,1.146,198623,226193.78
20181226,1.140,1.146,1.140,1.146,7200,8250.00
20181227,1.200,1.210,1.194,1.203,87127,104637.90
20181228,1.210,1.219,1.210,1.215,13600,16498.90
20190102,1.225,1.230,1.215,1.215,8100,9920.40
20190103,1.201,1.204,1.200,1.200,37900,45520.00
20190104,1.186,1.186,1.180,1.183,17300,20448.10
20190107,1.215,1.228,1.213,1.214,6500,7892.10
20190108,1.236,1.238,1.218,1.237,88853,109375.13
20190109,1.238,1.246,1.237,1.246,35500,44086.20
20190110,1.247,1.248,1.246,1.248,25653,31967.84
20190111,1.245,1.245,1.245,1.245,100,124.50
20190114,1.246,1.247,1.246,1.246,800,997.00
20190115,1.240,1.243,1.220,1.233,119900,147163.00
20190116,1.239,1.242,1.239,1.240,115700,143416.50
20190117,1.242,1.244,1.241,1.244,39300,48865.50
20190118,1.247,1.259,1.247,1.257,34900,43875.40
20190121,1.260,1.262,1.257,1.262,55300,69699.80
20190122,1.268,1.268,1.261,1.261,19838,25132.76
20190123,1.257,1.257,1.255,1.257,500,628.30
20190124,1.256,1.257,1.253,1.255,25800,32365.20
20190125,1.265,1.269,1.265,1.266,157000,198986.70
20190128,1.293,1.293,1.268,1.291,2000,2558.30
20190129,1.270,1.285,1.261,1.285,22900,29039.50
20190130,1.278,1.278,1.260,1.263,13300,16782.90
20190131,1.266,1.299,1.266,1.286,29600,38069.40
20190201,1.288,1.289,1.276,1.282,23500,30156.40
20190211,1.290,1.328,1.290,1.308,38200,49910.30
20190212,1.330,1.330,1.317,1.320,37700,49711.00
20190213,1.330,1.344,1.330,1.333,165600,220439.80
20190215,1.330,1.345,1.330,1.344,70400,94561.70
20190218,1.346,1.452,1.346,1.380,68200,94793.50
20190219,1.379,1.379,1.379,1.379,6300,8687.70
20190220,1.379,1.379,1.367,1.367,15600,21381.90
20190221,1.374,1.374,1.345,1.360,16100,21775.90
20190222,1.359,1.360,1.351,1.359,11700,15893.60
20190225,1.398,1.398,1.351,1.357,38500,52223.40
20190226,1.358,1.358,1.337,1.348,601614,809710.13
20190227,1.357,1.358,1.350,1.353,40100,54424.60
20190228,1.359,1.360,1.350,1.359,53700,72978.40
20190301,1.359,1.359,1.345,1.357,9200,12434.10
20190304,1.369,1.374,1.365,1.365,104900,143429.00
20190305,1.360,1.365,1.360,1.365,14000,19040.50
20190306,1.350,1.352,1.350,1.352,26900,36366.40
20190307,1.342,1.353,1.339,1.339,51900,69697.30
20190308,1.328,1.331,1.326,1.327,51400,68400.70
20190311,1.330,1.348,1.330,1.335,24300,32397.60
20190312,1.365,1.373,1.360,1.370,163588,223447.84
20190313,1.374,1.392,1.371,1.374,17900,24581.20
20190314,1.380,1.388,1.378,1.388,6700,9245.60
20190315,1.389,1.400,1.387,1.400,3600,5001.70
20190318,1.395,1.408,1.394,1.408,12600,17568.80
20190319,1.405,1.411,1.404,1.411,20300,28600.50
20190320,1.429,1.429,1.425,1.425,15500,22114.50
20190321,1.376,1.411,1.376,1.399,39200,54599.90
20190322,1.421,1.438,1.421,1.438,323400,462596.50
20190325,1.403,1.403,1.391,1.400,140588,196577.11
20190326,1.400,1.402,1.395,1.400,53100,74439.90
20190327,1.405,1.405,1.402,1.403,26788,37563.68
20190328,1.400,1.423,1.400,1.400,15400,21578.40
20190401,1.428,1.428,1.420,1.425,110000,156898.00
20190402,1.428,1.500,1.428,1.440,75300,108789.70
20190403,1.440,1.442,1.440,1.442,4200,6050.60
20190404,1.489,1.489,1.446,1.458,6700,9765.20
20190408,1.459,1.461,1.459,1.460,5200,7590.60
20190409,1.469,1.469,1.461,1.461,24800,36413.00
20190410,1.450,1.450,1.450,1.450,192000,278400.00
20190411,1.461,1.461,1.461,1.461,5800,8473.80
20190412,1.461,1.475,1.461,1.475,9400,13845.80
20190415,1.463,1.478,1.462,1.474,37000,54525.40
20190416,1.476,1.476,1.451,1.458,9100,13243.50
20190417,1.469,1.482,1.465,1.477,38700,57165.10
20190418,1.473,1.489,1.473,1.489,6100,8992.90
20190419,1.473,1.479,1.473,1.478,3200,4725.20
20190422,1.493,1.498,1.479,1.486,33439,49497.16
20190423,1.494,1.494,1.485,1.485,11300,16869.50
20190424,1.511,1.515,1.511,1.515,150900,228322.41
20190425,1.514,1.550,1.514,1.516,30300,45998.10
20190426,1.549,1.549,1.521,1.540,10900,16742.80
20190429,1.540,1.576,1.538,1.568,28600,44183.20
20190430,1.567,1.568,1.567,1.568,17231,27001.08
20190506,1.568,1.568,1.498,1.523,106500,164890.59
20190507,1.565,1.565,1.516,1.552,21400,33031.80
20190508,1.531,1.531,1.525,1.526,900,1374.90
20190509,1.475,1.523,1.475,1.476,13000,19362.00
20190510,1.482,1.482,1.480,1.480,1000,1480.20
20190513,1.460,1.498,1.460,1.465,17300,25482.90
20190514,1.492,1.492,1.438,1.456,177200,255276.20
20190515,1.460,1.477,1.460,1.475,8100,11943.30
20190516,1.476,1.515,1.470,1.510,30000,45207.55
20190517,1.510,1.510,1.510,1.510,6100,9211.00
20190520,1.530,1.530,1.507,1.508,12600,18999.60
20190521,1.432,1.527,1.432,1.518,12100,17974.40
20190522,1.485,1.516,1.485,1.500,32200,48189.10
20190523,1.495,1.559,1.469,1.490,15000,22287.30
20190524,1.460,1.518,1.456,1.513,3700,5552.00
20190527,1.512,1.512,1.458,1.478,13600,20093.40
20190528,1.463,1.495,1.462,1.486,15600,22985.90
20190529,1.503,1.503,1.499,1.499,4000,6004.00
20190530,1.484,1.484,1.484,1.484,2000,2968.00
20190531,1.451,1.478,1.451,1.478,1400,2044.90
20190603,1.425,1.480,1.425,1.450,8400,12186.50
20190604,1.408,1.421,1.407,1.409,13600,19188.30
20190605,1.455,1.455,1.430,1.446,30806,44366.78
20190606,1.469,1.469,1.450,1.458,24800,36029.40
20190610,1.491,1.508,1.491,1.507,52500,78805.80
20190611,1.508,1.519,1.507,1.519,68300,103347.80
20190612,1.507,1.515,1.507,1.515,47300,71427.50
20190613,1.515,1.515,1.507,1.508,5200,7846.70
20190614,1.509,1.514,1.508,1.514,8300,12517.20
20190617,1.514,1.515,1.513,1.515,8700,13172.90
20190618,1.506,1.515,1.506,1.515,2500,3777.50
20190619,1.536,1.536,1.520,1.527,13600,20709.50
20190620,1.528,1.537,1.528,1.537,32200,49315.90
20190621,1.536,1.537,1.529,1.537,42900,65715.00
20190624,1.537,1.548,1.537,1.538,35700,54909.00
20190625,1.534,1.534,1.533,1.533,10000,15330.10
20190626,1.527,1.529,1.518,1.518,5000,7628.70
20190627,1.527,1.539,1.527,1.532,4600,7041.50
20190628,1.537,1.537,1.527,1.536,3900,5971.50
20190701,1.549,1.588,1.549,1.569,16600,25850.60
20190702,1.588,1.588,1.563,1.573,15300,24084.70
20190703,1.573,1.599,1.573,1.595,6500,10312.20
20190704,1.629,1.629,1.609,1.609,6500,10460.50
20190705,1.583,1.626,1.582,1.610,699,1121.52
20190708,1.610,1.610,1.569,1.573,36900,58582.00
20190709,1.592,1.593,1.551,1.591,7000,11047.20
20190710,1.585,1.620,1.580,1.584,3500,5554.50
20190711,1.617,1.617,1.585,1.607,5200,8302.00
20190712,1.608,1.640,1.608,1.608,10800,17385.00
20190715,1.628,1.628,1.609,1.609,10000,16099.60
20190716,1.603,1.603,1.591,1.601,37900,60563.10
20190717,1.599,1.599,1.598,1.599,10800,17267.10
20190718,1.627,1.627,1.589,1.589,11800,18853.50
20190719,1.616,1.618,1.596,1.615,14100,22751.20
20190722,1.591,1.630,1.591,1.620,3300,5318.20
20190723,1.639,1.760,1.612,1.615,53800,88758.60
20190724,1.665,1.687,1.640,1.640,57500,95535.70
20190725,1.688,1.695,1.643,1.683,58723,98741.43
20190726,1.683,1.689,1.683,1.683,45600,76931.40
20190729,1.640,1.698,1.640,1.687,49223,82888.08
20190730,1.692,1.692,1.666,1.667,27250,45538.31
20190731,1.666,1.666,1.665,1.666,37800,62969.80
20190801,1.713,1.713,1.627,1.628,37500,61365.40
20190802,1.667,1.667,1.602,1.603,51800,83005.70
20190805,1.603,1.603,1.579,1.579,11700,18610.60
20190806,1.566,1.580,1.518,1.576,29300,44916.80
20190807,1.625,1.628,1.551,1.555,43824,68936.97
20190808,1.579,1.579,1.572,1.573,12012,18887.81
20190809,1.592,1.619,1.576,1.614,22350,35847.30
20190812,1.610,1.624,1.576,1.621,19639,31820.59
20190813,1.580,1.608,1.580,1.600,9039,14366.32
20190814,1.624,1.624,1.606,1.617,3100,5016.80
20190815,1.570,1.589,1.570,1.582,14700,23246.50
20190816,1.594,1.595,1.593,1.595,3200,5101.40
20190819,1.595,1.625,1.594,1.621,15600,25180.20
20190820,1.620,1.624,1.620,1.624,23761,38512.98
20190821,1.605,1.617,1.601,1.617,11361,18261.84
20190822,1.612,1.637,1.612,1.634,65100,105513.10
20190823,1.629,1.629,1.620,1.620,43161,69921.72
20190826,1.594,1.594,1.581,1.581,9200,14557.70
20190827,1.619,1.625,1.591,1.622,23100,37474.00
20190828,1.627,1.627,1.590,1.601,40601,65659.69
20190829,1.605,1.629,1.603,1.606,16301,26288.71
20190830,1.610,1.630,1.610,1.619,15100,24524.50
20190902,1.630,1.630,1.628,1.628,1000,1628.40
20190903,1.620,1.659,1.620,1.650,54774,90131.35
20190904,1.650,1.650,1.610,1.648,29400,47936.28
20190905,1.668,1.668,1.633,1.648,48976,80843.13
20190906,1.679,1.683,1.649,1.651,4200,6985.60
20190909,1.685,1.685,1.665,1.666,40336,67375.68
20190910,1.709,1.709,1.654,1.654,21100,35072.40
20190911,1.668,1.668,1.644,1.645,4900,8063.20
20190912,1.695,1.695,1.646,1.665,10700,17799.60
20190916,1.678,1.679,1.669,1.669,5500,9223.50
20190917,1.653,1.661,1.645,1.654,11500,18963.50
20190918,1.656,1.656,1.632,1.644,24019,39383.66
20190919,1.639,1.643,1.632,1.637,18800,30764.70
20190920,1.638,1.646,1.638,1.640,48500,79605.10
20190923,1.640,1.640,1.632,1.633,39900,65169.20
20190924,1.633,1.645,1.630,1.639,5200,8506.60
20190925,1.619,1.629,1.618,1.629,35000,56779.70
20190926,1.633,1.643,1.633,1.635,9119,14929.48
20190927,1.637,1.643,1.637,1.643,24100,39573.70
20190930,1.627,1.642,1.627,1.636,21600,35223.30
20191008,1.635,1.646,1.635,1.646,10750,17634.75
20191009,1.638,1.638,1.618,1.626,4700,7627.50
20191010,1.630,1.634,1.626,1.628,19769,32167.09
20191011,1.640,1.640,1.636,1.636,9400,15390.40
20191014,1.649,1.670,1.648,1.650,13600,22473.20
20191015,1.650,1.679,1.646,1.646,1500,2478.00
20191016,1.670,1.670,1.660,1.662,27300,45486.40
20191017,1.680,1.687,1.670,1.687,700,1173.50
20191018,1.685,1.685,1.653,1.667,2600,4341.00
20191021,1.669,1.669,1.669,1.669,3100,5173.90
20191022,1.674,1.685,1.674,1.682,11700,19654.60
20191023,1.644,1.673,1.644,1.673,26600,44022.10
20191024,1.652,1.679,1.652,1.676,9600,16073.90
20191025,1.690,1.690,1.688,1.688,1000,1688.40
20191028,1.717,1.717,1.682,1.692,9500,16041.80
20191029,1.729,1.729,1.699,1.699,10100,17170.50
20191030,1.673,1.692,1.673,1.692,1300,2185.70
20191031,1.699,1.699,1.699,1.699,3100,5266.90
20191101,1.709,1.709,1.695,1.695,1700,2892.40
20191104,1.726,1.735,1.712,1.721,5800,9985.80
20191105,1.720,1.738,1.719,1.720,5300,9125.70
20191106,1.725,1.738,1.725,1.738,800,1382.60
20191107,1.730,1.730,1.730,1.730,800,1384.00
20191108,1.721,1.721,1.721,1.721,1400,2409.40
20191111,1.737,1.737,1.730,1.730,19700,34177.20
20191113,1.730,1.730,1.728,1.728,1200,2075.80
20191114,1.723,1.723,1.721,1.722,12300,21182.80
20191115,1.742,1.742,1.738,1.738,8200,14272.10
20191118,1.738,1.745,1.738,1.745,23300,40505.90
20191119,1.745,1.760,1.745,1.760,12000,21010.10
20191120,1.765,1.779,1.765,1.770,85236,151210.44
20191121,1.770,1.770,1.754,1.754,2900,5101.80
20191122,1.756,1.765,1.756,1.765,23108,40723.51
20191125,1.769,1.778,1.769,1.778,76700,135979.70
20191126,1.783,1.788,1.783,1.788,17700,31625.10
20191127,1.788,1.799,1.788,1.799,46201,82843.41
20191128,1.800,1.827,1.799,1.814,40081,72425.22
20191129,1.814,1.816,1.814,1.816,18200,33050.80
20191202,1.824,1.824,1.778,1.805,32033,57624.07
20191203,1.770,1.773,1.770,1.771,33400,59181.30
20191204,1.761,1.770,1.750,1.750,21066,37012.70
20191205,1.784,1.784,1.750,1.761,7515,13228.00
20191206,1.769,1.769,1.755,1.760,18766,33021.43
20191209,1.762,1.769,1.761,1.764,25578,45131.09
20191210,1.764,1.795,1.764,1.788,9540,16899.76
20191212,1.773,1.788,1.773,1.777,4400,7861.60
20191213,1.783,1.806,1.776,1.799,82100,146270.50
20191216,1.799,1.806,1.799,1.804,25600,46171.40
20191217,1.817,1.834,1.817,1.833,187425,342601.81
20191218,1.830,1.870,1.825,1.825,69000,128598.10
20191219,1.840,1.848,1.834,1.834,24100,44393.30
20191220,1.845,1.974,1.835,1.866,43658,81097.52
20191223,1.875,1.882,1.875,1.882,60245,113156.84
20191224,1.881,1.887,1.843,1.869,135705,253761.55
20191225,1.842,1.871,1.842,1.869,47614,88608.34
20191226,1.868,1.870,1.858,1.869,114297,212993.88
20191227,1.869,1.883,1.869,1.872,47337,88764.55
20191230,1.872,1.881,1.851,1.876,112287,210194.48
20191231,1.844,1.867,1.844,1.853,126896,235748.75
20200102,1.873,1.873,1.832,1.853,83767,155750.63
20200103,1.886,1.886,1.860,1.866,111521,208114.00
20200106,1.840,1.862,1.840,1.859,99977,184923.97
20200107,1.929,1.937,1.861,1.872,35720,66977.47
20200108,1.870,1.870,1.851,1.855,76500,142502.80
20200109,1.899,1.915,1.864,1.870,123142,230526.75
20200110,1.892,1.892,1.877,1.888,58808,110965.49
20200113,1.888,1.890,1.883,1.890,73837,139505.86
20200114,1.927,1.927,1.906,1.924,134834,259000.75
20200115,1.900,1.939,1.900,1.912,24103,46301.73
20200116,1.912,1.912,1.891,1.912,38180,72919.45
20200117,1.912,1.962,1.912,1.939,86917,168161.61
20200120,1.939,1.994,1.919,1.986,113510,224338.84
20200121,1.985,1.985,1.938,1.964,163007,317320.59
20200122,1.958,1.972,1.922,1.967,123596,242080.55
20200123,1.974,1.985,1.958,1.982,68153,134260.23
20200203,1.835,1.978,1.835,1.955,144347,275049.03
20200204,1.980,1.990,1.943,1.986,123121,242762.42
20200205,1.986,2.025,1.983,2.010,273862,549632.88
20200206,2.012,2.032,2.012,2.032,192385,389139.34
20200207,1.950,2.080,1.932,2.060,249312,507853.88
20200210,2.055,2.100,2.010,2.095,405598,836012.13
20200211,2.095,2.096,2.083,2.090,287653,601534.31
20200212,2.076,2.299,2.065,2.298,683527,1433655.13
20200213,2.120,2.179,2.106,2.108,1825101,3862123.00
20200214,2.088,2.140,2.070,2.082,2263526,4722609.00
20200217,2.072,2.089,2.071,2.086,1070852,2229061.50
20200218,2.071,2.071,2.035,2.048,1984420,4064405.75
20200219,2.038,2.038,2.028,2.035,2768427,5631945.50
20200220,2.047,2.061,2.047,2.061,1576108,3243375.75
20200221,2.050,2.050,2.030,2.034,1702897,3465104.50
20200224,1.997,1.997,1.965,1.966,2176044,4297624.50
20200225,1.946,1.946,1.915,1.942,1970075,3808474.00
20200226,1.914,1.914,1.882,1.889,3172736,5997639.50
20200227,1.888,1.891,1.862,1.870,1948111,3661987.75
20200228,1.830,1.830,1.786,1.800,3336254,6018577.50
20200302,1.780,1.836,1.780,1.827,5553736,10020928.00
20200303,1.885,1.927,1.885,1.925,5519127,10547539.00
20200304,1.867,1.885,1.840,1.885,6736807,12505265.00
20200305,1.917,1.922,1.870,1.871,7497313,14195883.00
20200306,1.805,1.822,1.800,1.809,9815227,17751602.00
20200309,1.740,1.740,1.700,1.706,11221153,19293370.00
20200310,1.678,1.750,1.669,1.734,11768108,20001192.00
20200311,1.738,1.738,1.699,1.699,6868246,11745298.00
20200312,1.670,1.670,1.630,1.637,8518882,13993484.00
20200313,1.545,1.618,1.510,1.602,18518859,29015326.00
20200316,1.600,1.600,1.555,1.565,5315021,8395528.00
20200317,1.547,1.565,1.526,1.551,5764334,8905938.00
20200318,1.553,1.556,1.519,1.520,3720991,5741559.50
20200319,1.527,1.530,1.488,1.512,3560574,5375264.00
20200320,1.521,1.580,1.521,1.573,3123929,4842325.00
20200323,1.512,1.512,1.479,1.501,3344417,5011731.50
20200324,1.512,1.551,1.512,1.551,3107733,4771618.00
20200325,1.596,1.611,1.567,1.602,5263356,8376484.00
20200326,1.586,1.595,1.575,1.578,3738919,5911896.50
20200327,1.616,1.629,1.590,1.613,6680874,10787320.00
20200330,1.560,1.595,1.542,1.582,4492819,7059122.00
20200331,1.614,1.628,1.603,1.613,4094679,6596582.00
20200401,1.600,1.609,1.578,1.578,3452805,5512932.50
20200402,1.574,1.593,1.563,1.592,1752113,2769580.00
20200403,1.592,1.592,1.575,1.579,1496489,2366917.25
20200407,1.647,1.662,1.635,1.662,8341444,13757877.00
20200408,1.649,1.658,1.638,1.653,3451351,5691113.50
20200409,1.681,1.693,1.678,1.693,6375662,10737682.00
20200410,1.693,1.694,1.676,1.680,5307698,8942480.00
20200413,1.672,1.673,1.660,1.665,2176101,3625286.25
20200414,1.674,1.710,1.674,1.702,4910260,8327485.00
20200415,1.738,1.751,1.737,1.747,4888418,8528840.00
20200416,1.736,1.749,1.723,1.744,4549638,7879474.50
20200417,1.777,1.788,1.777,1.784,7103480,12656847.00
20200420,1.782,1.782,1.766,1.769,2703139,4792910.50
20200421,1.760,1.768,1.730,1.735,4108303,7173439.00
20200422,1.700,1.729,1.680,1.720,3610736,6153166.00
20200423,1.731,1.744,1.722,1.738,2281903,3959914.25
20200424,1.735,1.735,1.713,1.723,2018247,3472159.50
20200427,1.749,1.767,1.746,1.764,4810037,8436236.00
20200428,1.776,1.787,1.756,1.787,3607615,6393182.00
20200429,1.782,1.832,1.778,1.825,5398871,9782582.00
20200430,1.845,1.920,1.845,1.919,12570709,23938922.00
20200506,1.881,1.919,1.881,1.911,2485699,4724333.00
20200507,1.903,1.930,1.885,1.926,3625626,6958988.00
20200508,1.925,1.962,1.925,1.956,5349249,10447915.00
20200511,1.956,1.970,1.912,1.914,5339939,10340545.00
20200512,1.895,1.899,1.878,1.886,6278648,11839198.00
20200513,1.850,1.864,1.838,1.861,9826687,18195772.00
20200514,1.832,1.844,1.831,1.838,5638983,10360576.00
20200515,1.857,1.857,1.844,1.850,6154083,11383514.00
20200518,1.865,1.869,1.860,1.864,7251372,13515772.00
20200519,1.889,1.901,1.878,1.901,9589912,18115680.00
20200520,1.896,1.898,1.889,1.895,3444336,6520428.00
20200521,1.922,1.923,1.911,1.913,5365430,10270331.00
20200522,1.906,1.906,1.884,1.885,3110538,5885800.50
20200525,1.907,1.932,1.899,1.930,7649752,14616036.00
20200526,1.940,1.960,1.939,1.957,6130877,11950077.00
20200527,1.929,1.950,1.922,1.933,5817274,11231848.00
20200528,1.936,1.936,1.913,1.918,6997535,13478557.00
20200529,1.900,1.921,1.900,1.917,3467361,6639553.00
20200601,1.930,1.940,1.930,1.940,8425538,16318323.00
20200602,1.944,1.944,1.932,1.939,2987464,5786532.50
20200603,1.954,1.959,1.950,1.956,2815973,5500316.50
20200604,1.965,1.968,1.961,1.963,1714099,3366542.00
20200605,1.958,1.962,1.952,1.961,2787671,5455081.50
20200608,1.994,1.998,1.986,1.993,3782796,7540148.50
20200609,2.002,2.010,1.997,2.007,2653991,5315784.50
20200610,2.019,2.025,2.015,2.023,2008961,4058993.00
20200611,2.038,2.045,2.013,2.021,4682563,9482093.00
20200612,1.935,1.967,1.928,1.960,5277854,10297213.00
20200615,1.946,1.950,1.907,1.909,4307137,8312475.50
20200616,1.980,2.005,1.974,1.995,2707221,5390369.00
20200617,2.019,2.037,2.012,2.028,2605148,5270590.00
20200618,2.006,2.025,2.000,2.024,1642604,3304580.75
20200619,2.037,2.041,2.028,2.040,1761577,3587288.00
20200622,2.030,2.030,2.007,2.022,1764771,3564349.00
20200623,2.037,2.051,2.027,2.051,3156402,6440577.50
20200624,2.057,2.071,2.055,2.070,2382372,4919270.00
20200629,2.015,2.017,2.002,2.011,3346427,6724610.50
20200630,2.040,2.040,2.021,2.031,1704533,3464613.75
20200701,2.062,2.062,2.049,2.057,1223761,2514175.50
20200702,2.064,2.072,2.062,2.071,1884915,3899187.00
20200703,2.075,2.079,2.064,2.075,1914242,3961892.75
20200706,2.077,2.089,2.061,2.086,2512507,5230322.50
20200707,2.104,2.105,2.070,2.075,1919684,4006579.75
20200708,2.073,2.074,2.065,2.072,2257513,4670552.50
20200709,2.098,2.098,2.087,2.093,3453310,7226432.50
20200710,2.098,2.099,2.077,2.082,5304951,11051928.00
20200713,2.098,2.109,2.098,2.106,2647975,5570832.00
20200714,2.070,2.078,2.050,2.072,2203354,4559219.00
20200715,2.083,2.090,2.079,2.083,1978637,4122395.00
20200716,2.082,2.085,2.066,2.067,2937231,6083177.00
20200717,2.067,2.073,2.057,2.062,4538988,9362679.00
20200720,2.069,2.069,2.054,2.059,5398697,11110737.00
20200721,2.112,2.134,2.112,2.131,8086294,17166558.00
20200722,2.117,2.117,2.093,2.098,3923555,8245057.50
20200723,2.113,2.128,2.107,2.126,2545130,5379209.50
20200724,2.063,2.086,2.050,2.053,4021462,8306899.00
20200727,2.055,2.065,2.054,2.063,1899933,3912552.00
20200728,2.096,2.096,2.074,2.082,2753407,5735889.00
20200729,2.071,2.071,2.051,2.068,1960240,4036311.75
20200730,2.084,2.086,2.075,2.078,1623908,3377477.50
20200731,2.116,2.130,2.115,2.124,3775950,8020337.00
20200803,2.155,2.155,2.138,2.144,2944938,6321233.00
20200804,2.188,2.191,2.185,2.190,2364061,5172381.50
20200805,2.190,2.194,2.176,2.189,6488596,14163119.00
20200806,2.195,2.195,2.171,2.184,832983,1822066.63
20200807,2.218,2.223,2.207,2.210,984346,2179326.00
20200810,2.195,2.198,2.187,2.196,392060,859879.38
20200811,2.200,2.200,2.186,2.193,451462,990300.88
20200812,2.180,2.199,2.152,2.191,1018033,2218244.75
20200813,2.201,2.222,2.201,2.216,542881,1202435.13
20200814,2.207,2.217,2.207,2.214,260100,575977.13
20200817,2.213,2.217,2.194,2.205,559229,1231106.50
20200818,2.205,2.220,2.202,2.206,1048101,2312228.75
20200819,2.207,2.212,2.202,2.209,1559077,3442420.50
20200820,2.200,2.207,2.175,2.192,535026,1174877.13
20200821,2.222,2.242,2.222,2.241,962521,2148632.50
20200824,2.254,2.292,2.250,2.290,974689,2223063.00
20200825,2.290,2.362,2.290,2.347,1363235,3187473.00
20200826,2.346,2.398,2.332,2.333,1988593,4685376.50
20200827,2.349,2.390,2.349,2.381,1092417,2596626.50
20200828,2.369,2.410,2.369,2.405,1282975,3065043.00
20200831,2.407,2.609,2.407,2.450,1587229,3871040.75
20200901,2.443,2.460,2.431,2.444,2288980,5612015.50
20200902,2.432,2.479,2.432,2.476,1552932,3823188.75
20200903,2.471,2.590,2.452,2.524,6682302,16741774.00
20200904,2.369,2.390,2.310,2.320,12653936,29496950.00
20200907,2.260,2.288,2.257,2.260,5341587,12110408.00
20200908,2.254,2.280,2.249,2.270,5631228,12749316.00
20200909,2.160,2.187,2.152,2.165,6530172,14160805.00
20200910,2.220,2.238,2.214,2.228,3604291,8011949.00
20200911,2.208,2.208,2.172,2.205,1269738,2786193.25
20200914,2.185,2.220,2.185,2.211,1427143,3136043.50
20200915,2.220,2.234,2.210,2.221,1414859,3144067.75
20200916,2.229,2.244,2.225,2.242,1972334,4398416.50
20200917,2.199,2.208,2.155,2.158,2764167,6033850.00
20200918,2.132,2.180,2.132,2.175,1843870,3980694.25
20200921,2.146,2.153,2.117,2.130,2058100,4385682.00
20200922,2.131,2.136,2.110,2.113,2592818,5516993.50
20200923,2.148,2.159,2.146,2.156,2072401,4459393.00
20200924,2.100,2.111,2.085,2.095,2218858,4654323.50
20200925,2.117,2.128,2.107,2.109,1500158,3177080.50
20200928,2.152,2.176,2.152,2.176,2113371,4573790.50
20200929,2.210,2.217,2.203,2.207,2033415,4494921.50
20200930,2.212,2.220,2.179,2.194,2173869,4775100.00
20201009,2.250,2.250,2.222,2.233,1591149,3553304.50
20201012,2.245,2.261,2.245,2.258,1518806,3421353.25
20201013,2.298,2.302,2.275,2.297,2583686,5935727.50
20201014,2.291,2.300,2.284,2.297,2423542,5558833.50
20201015,2.267,2.286,2.251,2.251,2074381,4683120.50
20201016,2.262,2.270,2.250,2.269,983269,2223605.00
20201019,2.270,2.274,2.263,2.268,1755753,3978227.25
20201020,2.225,2.238,2.225,2.234,677541,1510036.75
20201021,2.234,2.240,2.223,2.230,405806,904515.00
20201022,2.198,2.207,2.191,2.200,748420,1645075.63
20201023,2.190,2.230,2.188,2.188,772373,1694714.00
20201026,2.194,2.194,2.161,2.175,1194851,2598215.50
20201027,2.145,2.163,2.144,2.160,1436176,3088409.50
20201028,2.166,2.166,2.156,2.161,600493,1296307.75
20201029,2.105,2.117,2.090,2.114,2471380,5210385.50
20201030,2.112,2.112,2.073,2.077,1417299,2968256.25
20201102,2.077,2.079,2.060,2.076,1269683,2627872.25
20201103,2.086,2.103,2.077,2.103,766106,1605555.00
20201104,2.111,2.175,2.111,2.158,1946482,4181312.00
20201105,2.198,2.204,2.161,2.183,3773514,8235615.00
20201106,2.211,2.211,2.185,2.193,2867676,6297924.00
20201109,2.227,2.265,2.227,2.256,2029182,4557217.50
20201110,2.244,2.244,2.180,2.196,3067962,6724370.50
20201111,2.160,2.172,2.160,2.167,1186435,2568452.00
20201112,2.200,2.208,2.197,2.207,1895059,4176160.75
20201113,2.195,2.209,2.195,2.206,565611,1243884.25
20201116,2.222,2.227,2.210,2.224,1342944,2986537.25
20201117,2.235,2.258,2.222,2.224,1908317,4279942.00
20201118,2.218,2.218,2.206,2.209,486586,1075214.75
20201119,2.198,2.198,2.177,2.189,727110,1588474.38
20201120,2.190,2.208,2.190,2.207,642646,1415177.63
20201123,2.180,2.194,2.180,2.190,802418,1754770.13
20201124,2.190,2.195,2.183,2.192,561924,1230711.00
20201125,2.235,2.238,2.210,2.213,744900,1652185.38
20201126,2.229,2.229,2.216,2.220,458090,1017347.94
20201127,2.219,2.220,2.211,2.220,522956,1158390.75
20201130,2.223,2.248,2.210,2.212,775019,1726459.75
20201201,2.243,2.273,2.243,2.255,1347758,3036676.25
20201202,2.265,2.266,2.252,2.258,839501,1893464.25
20201203,2.260,2.269,2.256,2.269,947474,2145202.00
20201204,2.269,2.269,2.262,2.263,520400,1178623.88
20201207,2.279,2.283,2.265,2.268,899909,2040729.00
20201208,2.275,2.275,2.265,2.270,1309065,2969085.00
20201209,2.274,2.292,2.274,2.287,1160349,2647244.25
20201210,2.258,2.258,2.241,2.248,351279,790397.88
20201211,2.252,2.266,2.242,2.243,262833,589943.56
20201214,2.253,2.253,2.236,2.245,407580,916044.94
20201215,2.245,2.260,2.245,2.253,671887,1514884.13
20201216,2.292,2.292,2.265,2.282,860970,1963699.50
20201217,2.292,2.300,2.292,2.300,1009010,2316087.25
20201218,2.315,2.329,2.302,2.313,1161570,2688316.00
20201221,2.320,2.326,2.314,2.323,586123,1360218.25
20201222,2.323,2.323,2.305,2.314,1488157,3443000.75
20201223,2.324,2.330,2.316,2.329,555709,1291194.00
20201224,2.324,2.329,2.300,2.320,356159,825337.56
20201225,2.323,2.339,2.322,2.333,467446,1088782.38
20201228,2.333,2.350,2.333,2.350,396454,928579.44
20201229,2.351,2.388,2.351,2.369,840703,1993613.88
20201230,2.368,2.383,2.359,2.368,601877,1427018.13
20201231,2.367,2.377,2.361,2.364,326801,773452.56
20210104,2.364,2.364,2.325,2.331,1405129,3279094.25
20210105,2.309,2.310,2.288,2.295,874689,2010719.63
20210106,2.303,2.341,2.277,2.289,502533,1154072.38
20210107,2.283,2.289,2.277,2.286,1189412,2712739.00
20210108,2.308,2.320,2.308,2.317,1157302,2678306.00
20210111,2.317,2.329,2.315,2.317,788545,1827955.38
20210112,2.317,2.317,2.304,2.314,1099252,2541234.75
20210113,2.309,2.311,2.300,2.304,741270,1707050.25
20210114,2.315,2.320,2.310,2.316,1055653,2444784.00
20210115,2.309,2.309,2.291,2.293,889148,2040593.38
20210118,2.280,2.292,2.273,2.279,1109425,2525731.50
20210119,2.285,2.304,2.275,2.296,1651742,3781150.50
20210120,2.311,2.316,2.304,2.314,1408126,3254100.00
20210121,2.343,2.365,2.343,2.361,1729010,4077219.75
20210122,2.366,2.375,2.365,2.369,1375540,3257484.25
20210125,2.372,2.392,2.372,2.392,931036,2222589.25
20210126,2.392,2.392,2.371,2.374,483107,1150430.88
20210127,2.418,2.418,2.397,2.409,1133185,2729726.25
20210128,2.352,2.356,2.332,2.341,788831,1850253.63
20210129,2.364,2.364,2.322,2.328,465048,1084708.00
20210201,2.295,2.322,2.286,2.321,565319,1301565.75
20210202,2.357,2.380,2.357,2.375,534321,1266283.63
20210203,2.392,2.398,2.385,2.395,1524834,3644303.75
20210204,2.378,2.384,2.370,2.379,285457,679037.25
20210205,2.401,2.419,2.401,2.416,909428,2194038.75
20210208,2.420,2.430,2.420,2.422,355797,863197.63
20210209,2.423,2.428,2.420,2.426,417802,1012714.31
20210210,2.430,2.445,2.426,2.445,785753,1909554.38
20210218,2.438,2.438,2.406,2.414,783714,1890677.13
20210219,2.409,2.414,2.396,2.414,615150,1479281.00
20210222,2.415,2.417,2.397,2.407,867873,2089538.88
20210223,2.370,2.424,2.365,2.383,568669,1354290.00
20210224,2.370,2.582,2.342,2.370,673057,1626394.00
20210225,2.391,2.396,2.380,2.395,401620,960534.69
20210226,2.298,2.338,2.280,2.288,1609908,3691694.00
20210301,2.341,2.350,2.340,2.346,1605484,3764177.75
20210302,2.386,2.396,2.380,2.386,895074,2135972.50
20210303,2.370,2.383,2.368,2.380,425590,1010196.25
20210304,2.320,2.320,2.287,2.299,941864,2162076.50
20210305,2.278,2.278,2.244,2.260,846345,1907751.38
20210308,2.295,2.305,2.271,2.275,501342,1146913.75
20210309,2.263,2.283,2.229,2.274,1033773,2329525.50
20210310,2.319,2.329,2.317,2.319,460978,1069737.75
20210311,2.340,2.348,2.326,2.348,297539,694768.25
20210312,2.390,2.390,2.351,2.352,351900,832808.13
20210315,2.348,2.358,2.334,2.341,666129,1562856.50
20210316,2.354,2.391,2.354,2.390,317182,754716.31
20210317,2.389,2.398,2.360,2.386,346950,827557.00
20210318,2.395,2.414,2.395,2.406,405079,974831.63
20210319,2.350,2.371,2.325,2.351,147216,346134.88
20210322,2.354,2.376,2.335,2.349,127944,300461.47
20210323,2.404,2.404,2.349,2.349,122248,290228.41
20210324,2.350,2.361,2.349,2.361,193358,455587.41
20210325,2.350,2.350,2.327,2.341,125282,292505.97
20210326,2.350,2.369,2.343,2.353,109738,258212.61
20210329,2.360,2.388,2.360,2.372,214022,507313.09
20210330,2.366,2.394,2.366,2.388,147573,352053.16
20210331,2.372,2.380,2.371,2.373,80030,189860.25
20210401,2.393,2.409,2.393,2.409,257899,619271.06
20210402,2.442,2.449,2.441,2.448,191322,468197.16
20210406,2.478,2.493,2.477,2.484,356687,885196.50
20210407,2.480,2.484,2.470,2.479,264253,654053.56
20210408,2.482,2.511,2.482,2.508,233152,582494.94
20210409,2.527,2.550,2.508,2.519,460988,1163162.50
20210412,2.543,2.551,2.541,2.551,497970,1267567.00
20210413,2.550,2.550,2.531,2.535,411766,1045842.25
20210414,2.553,2.587,2.553,2.567,402135,1034046.75
20210415,2.563,2.563,2.538,2.543,126206,320749.63
20210416,2.566,2.575,2.563,2.564,107060,274781.97
20210419,2.568,2.575,2.562,2.574,338803,870747.63
20210420,2.521,2.561,2.521,2.551,281304,717521.19
20210421,2.519,2.535,2.500,2.515,308690,774569.94
20210422,2.540,2.544,2.536,2.544,146900,373195.91
20210423,2.536,2.536,2.515,2.524,165500,417456.19
20210426,2.537,2.560,2.537,2.560,417087,1064982.13
20210427,2.563,2.578,2.559,2.564,324373,832584.44
20210428,2.560,2.560,2.543,2.551,357038,909780.38
20210429,2.552,2.565,2.542,2.551,299300,763083.31
20210430,2.536,2.539,2.528,2.535,811600,2056175.63
20210506,2.452,2.504,2.452,2.492,1420768,3543601.75
20210507,2.492,2.500,2.486,2.490,136278,339641.00
20210510,2.496,2.501,2.479,2.493,122389,304882.53
20210511,2.481,2.481,2.422,2.433,377898,922284.94
20210512,2.424,2.433,2.421,2.433,140277,340415.06
20210513,2.408,2.408,2.390,2.397,277532,665923.63
20210514,2.400,2.409,2.397,2.409,266474,640165.38
20210517,2.414,2.441,2.411,2.432,205555,499275.72
20210518,2.420,2.442,2.420,2.442,127631,309875.81
20210519,2.430,2.430,2.405,2.410,171563,414578.28
20210520,2.414,2.414,2.400,2.407,83255,200260.22
20210521,2.428,2.434,2.426,2.432,195089,474143.97
20210524,2.432,2.440,2.421,2.432,87562,212641.33
20210525,2.456,2.463,2.440,2.462,285466,700831.13
20210526,2.472,2.472,2.452,2.458,358468,880745.13
20210527,2.457,2.458,2.445,2.449,570919,1399814.88
20210528,2.442,2.455,2.442,2.453,83827,205537.86
20210531,2.453,2.454,2.441,2.453,55831,136571.33
20210601,2.454,2.456,2.440,2.444,141487,345991.28
20210602,2.440,2.440,2.433,2.437,76623,186644.66
20210603,2.439,2.440,2.428,2.434,68655,167170.02
20210604,2.430,2.433,2.422,2.428,55454,134649.94
20210607,2.446,2.459,2.446,2.457,169305,415470.22
20210608,2.461,2.468,2.461,2.467,112631,277707.22
20210609,2.460,2.473,2.458,2.461,106800,263762.59
20210610,2.465,2.469,2.450,2.458,97514,239606.91
20210611,2.470,2.483,2.463,2.469,196440,485608.06
20210615,2.489,2.515,2.489,2.506,298596,747110.13
20210616,2.496,2.498,2.485,2.497,235733,588105.25
20210617,2.490,2.490,2.473,2.482,211588,525137.38
20210618,2.505,2.532,2.505,2.532,436256,1101046.25
20210621,2.523,2.523,2.492,2.509,364376,912183.19
20210622,2.533,2.541,2.533,2.540,232112,588928.81
20210623,2.560,2.574,2.560,2.568,304004,780787.19
20210624,2.568,2.580,2.563,2.571,160018,411313.94
20210625,2.580,2.585,2.574,2.579,364256,940523.50
20210628,2.574,2.580,2.574,2.579,126789,326675.66
20210629,2.592,2.597,2.586,2.589,817490,2118466.75
20210630,2.610,2.615,2.605,2.612,697925,1822605.38
20210701,2.613,2.621,2.613,2.617,173322,453681.81
20210702,2.622,2.624,2.613,2.615,275424,720505.31
20210705,2.644,2.662,2.644,2.653,953922,2529076.00
20210706,2.666,2.706,2.645,2.661,1259182,3361810.75
20210707,2.660,2.674,2.658,2.670,273800,730855.00
20210708,2.680,2.680,2.664,2.665,563065,1504965.25
20210709,2.656,2.656,2.639,2.656,694824,1841873.50
20210712,2.678,2.691,2.677,2.682,134620,360850.53
20210713,2.684,2.685,2.671,2.676,363800,974909.19
20210714,2.689,2.693,2.680,2.685,278462,748711.13
20210715,2.692,2.705,2.692,2.705,342281,924087.94
20210716,2.686,2.691,2.684,2.684,253283,680611.13
20210719,2.684,2.684,2.660,2.665,192710,513593.53
20210720,2.661,2.661,2.640,2.650,491859,1302107.63
20210721,2.668,2.673,2.664,2.667,225077,600648.75
20210722,2.683,2.693,2.683,2.689,313300,842250.25
20210723,2.706,2.716,2.706,2.711,422207,1145101.13
20210726,2.727,2.735,2.721,2.730,839098,2289779.00
20210727,2.736,2.738,2.700,2.719,626870,1705087.25
20210728,2.707,2.707,2.679,2.694,1329103,3570319.25
20210729,2.695,2.704,2.682,2.704,242213,653938.88
20210730,2.693,2.693,2.683,2.684,310058,833049.50
20210802,2.706,2.724,2.704,2.723,365910,992049.75
20210803,2.709,2.717,2.705,2.710,140016,379425.03
20210804,2.724,2.735,2.683,2.719,629300,1705277.50
20210805,2.719,2.727,2.715,2.719,406593,1105376.50
20210806,2.728,2.736,2.723,2.730,272900,745109.69
20210809,2.724,2.728,2.700,2.718,4838358,13119292.00
20210810,2.720,2.725,2.720,2.725,1054063,2869473.50
20210811,2.711,2.721,2.710,2.711,312700,848068.50
20210812,2.712,2.716,2.708,2.709,474928,1287765.50
20210813,2.719,2.729,2.719,2.723,154042,419625.38
20210816,2.729,2.738,2.729,2.736,320512,877027.56
20210817,2.749,2.750,2.745,2.749,437207,1201516.88
20210818,2.749,2.749,2.735,2.745,258500,709218.88
20210819,2.735,2.735,2.691,2.702,285558,774283.19
20210820,2.716,2.728,2.705,2.725,421310,1144404.63
20210823,2.750,2.770,2.749,2.765,1149917,3174864.25
20210824,2.786,2.805,2.786,2.798,831151,2322841.00
20210825,2.798,2.798,2.782,2.788,352108,981187.44
20210826,2.788,2.788,2.782,2.783,217432,605255.75
20210827,2.770,2.781,2.770,2.780,177618,493667.97
20210830,2.794,2.806,2.791,2.792,344390,961831.94
20210831,2.805,2.828,2.805,2.826,585262,1649572.75
20210901,2.815,2.825,2.810,2.821,435756,1228781.63
20210902,2.812,2.818,2.810,2.812,161829,455289.06
20210903,2.806,2.814,2.806,2.812,141569,397905.41
20210906,2.820,2.820,2.806,2.813,129700,364911.91
20210907,2.800,2.817,2.800,2.815,76922,216366.42
20210908,2.812,2.816,2.812,2.813,140519,395460.81
20210909,2.801,2.812,2.795,2.801,227120,636275.75
20210910,2.799,2.801,2.792,2.801,152446,426765.59
20210913,2.787,2.791,2.773,2.781,309627,860788.13
20210914,2.781,2.781,2.772,2.777,133900,371855.09
20210915,2.771,2.777,2.764,2.777,73100,202682.59
20210916,2.782,2.792,2.780,2.786,108818,303269.00
20210917,2.772,2.799,2.772,2.788,105278,293511.56
20210922,2.774,2.774,2.730,2.733,261963,718668.25
20210923,2.740,2.758,2.739,2.750,202088,555126.75
20210924,2.763,2.767,2.751,2.759,191400,528804.69
20210927,2.768,2.778,2.768,2.775,184236,510997.41
20210928,2.764,2.764,2.743,2.748,215300,592274.81
20210929,2.719,2.719,2.679,2.687,422127,1136198.13
20210930,2.688,2.692,2.678,2.692,726457,1949914.88
20211008,2.701,2.707,2.693,2.695,157595,425559.50
20211011,2.695,2.695,2.670,2.682,474300,1269074.00
20211012,2.682,2.682,2.647,2.658,502088,1337108.13
20211013,2.651,2.667,2.651,2.660,133060,353461.34
20211014,2.672,2.690,2.672,2.688,205422,550616.69
20211015,2.716,2.735,2.715,2.730,369906,1008343.81
20211018,2.740,2.740,2.723,2.729,173200,473316.50
20211019,2.750,2.758,2.750,2.754,1513423,4163127.50
20211020,2.783,2.783,2.760,2.772,1149251,3182185.00
20211021,2.758,2.758,2.746,2.754,106460,293163.88
20211022,2.770,2.772,2.761,2.772,100246,277665.69
20211025,2.771,2.771,2.753,2.767,150964,416398.56
20211026,2.772,2.785,2.772,2.785,184927,514010.97
20211027,2.783,2.795,2.779,2.781,163600,455871.94
20211028,2.801,2.801,2.773,2.785,908351,2524737.00
20211029,2.793,2.793,2.778,2.782,535302,1490761.38
20211101,2.823,2.825,2.814,2.820,358931,1012915.50
20211102,2.815,2.820,2.815,2.819,124700,351391.81
20211103,2.827,2.857,2.827,2.841,418321,1188182.38
20211104,2.853,2.864,2.853,2.860,569202,1626115.88
20211105,2.885,2.900,2.885,2.899,299972,868818.94
20211108,2.900,2.904,2.896,2.900,408310,1183626.38
20211109,2.909,2.919,2.905,2.919,716206,2083815.88
20211110,2.910,2.910,2.891,2.904,630671,1826964.25
20211111,2.886,2.886,2.866,2.871,600012,1724607.00
20211112,2.874,2.895,2.874,2.881,272455,785056.06
20211115,2.911,2.924,2.906,2.921,192973,562971.50
20211116,2.921,2.927,2.915,2.918,206792,604176.13
20211117,2.932,2.951,2.932,2.939,313879,923692.56
20211118,2.947,2.948,2.918,2.928,607658,1777132.25
20211119,2.949,2.973,2.942,2.971,210919,624936.44
20211122,2.982,2.994,2.982,2.992,324351,969688.56
20211123,2.978,2.978,2.957,2.964,271851,806573.25
20211124,2.964,2.980,2.964,2.978,218376,649019.06
20211125,2.994,3.090,2.990,3.002,347759,1044985.25
20211126,2.987,3.019,2.980,2.997,382242,1143957.25
20211129,2.920,2.988,2.920,2.960,497542,1471821.63
20211130,2.975,3.013,2.935,2.939,242949,721778.13
20211201,2.939,2.984,2.931,2.962,224335,663396.31
20211202,2.911,2.945,2.911,2.916,271026,791154.81
20211203,2.920,2.929,2.906,2.928,135597,395971.03
20211206,2.890,2.907,2.874,2.897,482058,1390324.88
20211207,2.905,2.945,2.905,2.935,270033,787577.88
20211208,2.990,3.019,2.990,3.011,272331,819709.44
20211209,3.014,3.037,3.014,3.025,134056,404896.28
20211210,2.999,3.013,2.976,3.011,245313,735248.75
20211213,3.024,3.099,3.024,3.065,437560,1345689.13
20211214,3.008,3.042,3.008,3.034,337314,1020354.38
20211215,2.991,3.011,2.990,2.994,289333,866810.38
20211216,3.040,3.091,3.040,3.072,309268,948686.38
20211217,3.000,3.018,3.000,3.011,495419,1487919.88
20211220,2.959,2.972,2.939,2.946,502520,1484319.75
20211221,2.923,2.971,2.921,2.960,344231,1015151.06
20211222,2.968,2.999,2.951,2.971,339880,1010816.94
20211223,2.987,2.999,2.976,2.991,240489,718651.19
20211224,2.996,3.013,2.991,2.995,225893,676582.19
20211227,2.995,3.014,2.971,3.004,256220,768797.44
20211228,3.033,3.067,3.033,3.064,572209,1748112.25
20211229,3.060,3.072,3.050,3.072,275823,844297.19
20211230,3.072,3.072,3.052,3.070,222600,683101.94
20211231,3.050,3.084,3.020,3.070,289819,886991.50
20220104,3.080,3.104,3.074,3.087,273573,844219.56
20220105,3.070,3.070,3.020,3.041,437698,1326645.38
20220106,2.968,2.979,2.946,2.974,370719,1100922.63
20220107,2.956,2.988,2.956,2.988,281989,839530.94
20220110,2.950,2.982,2.949,2.982,287840,851669.06
20220111,2.952,2.978,2.938,2.952,364585,1077336.63
20220112,2.959,2.972,2.955,2.963,394838,1169612.38
20220113,2.929,2.961,2.925,2.938,543134,1593438.88
20220114,2.871,2.893,2.865,2.878,446368,1284985.50
20220117,2.877,2.885,2.860,2.876,202854,582571.88
20220118,2.877,2.897,2.874,2.880,357503,1030161.13
20220119,2.824,2.850,2.803,2.819,656128,1850294.88
20220120,2.792,2.838,2.787,2.805,460625,1289471.25
20220121,2.730,2.775,2.701,2.717,1053254,2859479.25
20220124,2.670,2.714,2.670,2.690,954303,2564530.75
20220125,2.681,2.681,2.634,2.635,669745,1772333.25
20220126,2.620,2.650,2.620,2.644,324851,857540.25
20220127,2.639,2.639,2.586,2.586,620880,1617169.63
20220128,2.647,2.690,2.630,2.685,430677,1147059.88
20220207,2.752,2.816,2.750,2.789,772347,2148820.25
20220208,2.772,2.804,2.755,2.787,297587,828720.00
20220209,2.807,2.830,2.807,2.824,372551,1052323.25
20220210,2.878,2.916,2.852,2.914,728529,2095975.50
20220211,2.825,2.880,2.806,2.816,608475,1719709.88
20220214,2.758,2.790,2.735,2.758,487536,1342186.75
20220215,2.750,2.775,2.735,2.750,306766,844777.06
20220216,2.798,2.800,2.766,2.767,448938,1249266.13
20220217,2.768,2.778,2.716,2.734,1162067,3186810.00
20220218,2.678,2.730,2.668,2.705,668444,1802896.75
20220221,2.675,2.681,2.652,2.680,753457,2009244.75
20220222,2.645,2.645,2.590,2.606,1206241,3144678.25
20220223,2.622,2.652,2.622,2.646,391706,1031969.50
20220224,2.563,2.575,2.527,2.538,1029109,2627173.25
20220225,2.611,2.622,2.597,2.608,970789,2533203.00
20220228,2.651,2.651,2.594,2.614,444250,1159103.88
20220301,2.617,2.654,2.617,2.654,819637,2163740.25
20220302,2.628,2.629,2.603,2.623,287100,752849.88
20220303,2.651,2.663,2.641,2.652,740100,1961117.75
20220304,2.610,2.619,2.608,2.613,437011,1142873.50
20220307,2.577,2.588,2.550,2.578,936379,2396107.00
20220308,2.507,2.555,2.507,2.522,669828,1691566.50
20220309,2.511,2.550,2.485,2.510,602452,1514026.75
20220310,2.562,2.605,2.562,2.581,532704,1373730.88
20220311,2.564,2.570,2.540,2.568,517902,1322590.63
20220314,2.546,2.546,2.515,2.522,348114,877171.69
20220315,2.497,2.497,2.460,2.474,483803,1197345.50
20220316,2.519,2.560,2.519,2.559,567389,1444545.38
20220317,2.629,2.629,2.613,2.623,691056,1811004.25
20220318,2.631,2.632,2.432,2.620,482976,1261197.25
20220321,2.675,2.682,2.672,2.675,639820,1711129.13
20220322,2.674,2.674,2.662,2.663,1062703,2831231.75
20220323,2.711,2.721,2.708,2.719,1027962,2791728.00
20220324,2.692,2.705,2.668,2.701,309510,833566.94
20220325,2.744,2.765,2.744,2.765,1422259,3923146.75
20220328,2.750,2.762,2.740,2.754,200392,551228.38
20220329,2.776,2.860,2.776,2.838,644818,1815597.63
20220330,2.867,2.901,2.867,2.882,687401,1985256.38
20220331,2.858,2.880,2.832,2.865,411262,1175546.63
20220401,2.810,2.822,2.782,2.822,592001,1662533.75
20220406,2.788,2.811,2.770,2.791,335669,933715.50
20220407,2.760,2.760,2.702,2.723,481100,1315468.50
20220408,2.711,2.723,2.708,2.723,420550,1140459.25
20220411,2.693,2.699,2.645,2.652,501098,1332986.50
20220412,2.599,2.621,2.577,2.620,782818,2027953.25
20220413,2.620,2.638,2.592,2.636,229923,602373.94
20220414,2.662,2.676,2.658,2.664,415910,1108139.50
20220415,2.595,2.596,2.584,2.594,295294,765224.50
20220418,2.593,2.593,2.560,2.569,273319,701344.13
20220419,2.589,2.608,2.572,2.601,283315,735580.25
20220420,2.633,2.640,2.622,2.625,242739,637326.31
20220421,2.628,2.658,2.612,2.655,367918,973141.56
20220422,2.602,2.636,2.602,2.622,235398,616222.63
20220425,2.567,2.579,2.560,2.560,397198,1019169.31
20220426,2.590,2.626,2.590,2.606,156942,410042.78
20220427,2.526,2.570,2.516,2.559,422535,1073896.00
20220428,2.569,2.640,2.569,2.606,435646,1128834.50
20220429,2.656,2.684,2.648,2.659,512150,1359242.50
20220505,2.669,2.703,2.669,2.671,378169,1018586.56
20220506,2.559,2.599,2.558,2.589,391608,1011079.56
20220509,2.585,2.585,2.550,2.557,246855,631593.31
20220510,2.509,2.538,2.455,2.538,1185790,2953435.00
20220511,2.550,2.584,2.532,2.560,1478432,3769526.50
20220512,2.489,2.492,2.466,2.467,1374266,3408052.00
20220513,2.464,2.490,2.464,2.490,1151380,2847675.50
20220516,2.519,2.536,2.494,2.494,575394,1443165.25
20220517,2.494,2.515,2.494,2.513,636611,1597534.38
20220518,2.564,2.564,2.535,2.536,239172,607904.75
20220519,2.435,2.475,2.435,2.455,403001,987520.38
20220520,2.470,2.470,2.446,2.461,445197,1095179.00
20220523,2.460,2.496,2.437,2.470,276657,678696.94
20220524,2.500,2.500,2.432,2.432,451329,1109132.63
20220525,2.432,2.450,2.432,2.450,270961,662184.31
20220526,2.453,2.462,2.435,2.450,318284,779266.00
20220527,2.501,2.508,2.501,2.506,318955,798492.00
20220530,2.583,2.599,2.583,2.595,851419,2206354.25
20220531,2.590,2.591,2.569,2.588,607734,1567660.13
20220601,2.590,2.590,2.565,2.570,325016,835748.06
20220602,2.560,2.567,2.547,2.549,342452,875143.88
20220606,2.550,2.561,2.533,2.559,414506,1055466.50
20220607,2.556,2.556,2.531,2.540,299464,760353.13
20220608,2.559,2.567,2.557,2.565,243342,623529.56
20220609,2.563,2.563,2.542,2.545,247170,629359.31
20220610,2.480,2.513,2.480,2.512,336520,841861.50
20220613,2.430,2.432,2.416,2.420,1072299,2597091.50
20220614,2.373,2.409,2.370,2.393,429028,1023810.38
20220615,2.391,2.391,2.376,2.387,396699,945964.94
20220616,2.401,2.423,2.373,2.377,453702,1087186.50
20220617,2.330,2.342,2.322,2.339,729110,1697932.88
20220620,2.333,2.362,2.318,2.360,403607,943429.31
20220621,2.361,2.374,2.337,2.365,245857,580876.25
20220622,2.371,2.379,2.330,2.347,282612,667695.63
20220623,2.348,2.365,2.348,2.364,174485,411673.59
20220624,2.366,2.392,2.366,2.384,742793,1770245.50
20220627,2.431,2.455,2.425,2.437,965952,2353962.00
20220628,2.430,2.437,2.415,2.429,860171,2084216.38
20220629,2.382,2.382,2.368,2.368,590378,1402395.50
20220630,2.368,2.388,2.358,2.359,525114,1246323.13
20220701,2.359,2.368,2.340,2.345,239132,561473.75
20220704,2.350,2.357,2.350,2.357,277275,653068.81
20220705,2.359,2.379,2.359,2.379,225508,534590.63
20220706,2.384,2.385,2.368,2.375,377542,897583.25
20220707,2.384,2.410,2.384,2.403,322463,771410.69
20220708,2.430,2.443,2.430,2.430,346952,844511.19
20220711,2.440,2.441,2.411,2.415,193962,470319.66
20220712,2.409,2.409,2.384,2.385,224689,537245.19
20220713,2.390,2.399,2.380,2.399,92797,221447.75
20220714,2.396,2.396,2.379,2.384,192224,458148.47
20220715,2.389,2.423,2.389,2.420,297444,716947.25
20220718,2.441,2.469,2.441,2.469,356437,874277.94
20220719,2.448,2.449,2.426,2.432,190993,464909.69
20220720,2.490,2.502,2.490,2.498,585835,1461870.50
20220721,2.514,2.525,2.514,2.523,317882,800614.63
20220722,2.562,2.562,2.476,2.529,427645,1088259.25
20220725,2.529,2.529,2.513,2.521,469886,1184703.13
20220726,2.518,2.518,2.503,2.506,406240,1018066.38
20220727,2.491,2.520,2.491,2.518,256516,643791.56
20220728,2.560,2.568,2.554,2.558,429449,1100963.88
20220729,2.611,2.632,2.611,2.629,793948,2083159.13
20220801,2.636,2.638,2.618,2.627,625381,1641905.75
20220802,2.622,2.625,2.598,2.615,605969,1586466.00
20220803,2.613,2.628,2.613,2.617,417766,1093963.00
20220804,2.667,2.689,2.667,2.683,436137,1169285.13
20220805,2.697,2.705,2.696,2.699,1250761,3377185.25
20220808,2.694,2.713,2.683,2.712,415663,1121169.75
20220809,2.699,2.699,2.678,2.686,345164,926628.88
20220810,2.666,2.666,2.636,2.651,561347,1483459.00
20220811,2.717,2.740,2.717,2.740,418261,1140286.00
20220812,2.738,2.738,2.710,2.713,180032,488817.09
20220815,2.748,2.769,2.748,2.757,252594,696826.38
20220816,2.760,2.785,2.760,2.772,829210,2300365.25
20220817,2.776,2.779,2.771,2.775,499673,1386373.00
20220818,2.761,2.761,2.748,2.752,581230,1600094.25
20220819,2.770,2.781,2.761,2.774,392142,1088438.63
20220822,2.752,2.752,2.721,2.727,514277,1402691.63
20220823,2.680,2.690,2.665,2.666,408807,1093920.00
20220824,2.657,2.673,2.657,2.669,219149,584249.25
20220825,2.676,2.714,2.673,2.712,269005,724373.63
20220826,2.717,2.743,2.717,2.734,361987,990496.56
20220829,2.666,2.666,2.597,2.609,866170,2262519.25
20220830,2.601,2.623,2.601,2.619,239257,626242.38
20220831,2.595,2.600,2.589,2.595,261349,678113.63
20220901,2.574,2.574,2.535,2.536,398367,1014750.94
20220902,2.541,2.556,2.541,2.555,418924,1068334.63
20220905,2.545,2.545,2.523,2.530,154379,390314.25
20220906,2.533,2.544,2.533,2.544,83305,211602.94
20220907,2.518,2.518,2.506,2.517,296603,744377.44
20220908,2.545,2.561,2.545,2.560,314996,804776.13
20220909,2.570,2.575,2.560,2.561,308573,791898.31
20220913,2.602,2.640,2.602,2.635,365238,958152.19
20220914,2.401,2.549,2.401,2.528,610781,1538981.88
20220915,2.531,2.538,2.528,2.529,182932,463361.16
20220916,2.489,2.538,2.470,2.473,659896,1639037.88
20220919,2.470,2.471,2.447,2.456,460127,1130740.50
20220920,2.467,2.499,2.467,2.499,307099,762478.13
20220921,2.480,2.509,2.474,2.481,290884,722152.63
20220922,2.447,2.447,2.423,2.436,518639,1261862.88
20220923,2.420,2.427,2.419,2.425,213110,516319.72
20220926,2.401,2.410,2.391,2.403,252382,606539.94
20220927,2.408,2.444,2.408,2.442,293943,714455.38
20220928,2.430,2.440,2.409,2.426,379774,920329.94
20220929,2.445,2.453,2.427,2.434,445602,1088987.63
20220930,2.380,2.407,2.376,2.389,291487,695300.13
20221010,2.376,2.376,2.356,2.357,232373,548495.38
20221011,2.354,2.382,2.310,2.343,196902,462675.69
20221012,2.319,2.348,2.312,2.345,439083,1019004.38
20221013,2.314,2.322,2.305,2.319,217831,503655.81
20221014,2.340,2.377,2.340,2.374,419906,992916.00
20221017,2.320,2.327,2.310,2.327,268590,622737.25
20221018,2.376,2.451,2.371,2.404,569002,1363256.00
20221019,2.405,2.415,2.390,2.390,452899,1089862.38
20221020,2.372,2.381,2.364,2.369,233461,553114.63
20221021,2.369,2.385,2.367,2.379,264089,628464.50
20221024,2.431,2.445,2.429,2.437,835478,2034414.38
20221025,2.459,2.483,2.459,2.483,991129,2453551.50
20221026,2.476,2.477,2.460,2.462,994624,2458542.25
20221027,2.461,2.470,2.460,2.464,643440,1586892.13
20221028,2.436,2.437,2.392,2.420,307732,744701.69
20221031,2.500,2.532,2.500,2.529,828830,2086440.38
20221101,2.529,2.532,2.524,2.532,460305,1164631.75
20221102,2.509,2.524,2.500,2.513,358480,899406.63
20221103,2.450,2.456,2.436,2.455,492341,1203340.38
20221104,2.410,2.426,2.402,2.421,643502,1551331.50
20221107,2.428,2.428,2.398,2.415,547061,1321787.50
20221108,2.447,2.447,2.425,2.429,290523,706548.50
20221109,2.447,2.458,2.445,2.453,457391,1121447.13
20221110,2.429,2.429,2.399,2.402,654856,1574598.13
20221111,2.555,2.565,2.551,2.564,1164295,2979278.25
20221114,2.597,2.597,2.550,2.552,295040,755117.31
20221115,2.564,2.564,2.540,2.558,555860,1419060.50
20221116,2.560,2.572,2.545,2.572,396840,1015884.00
20221117,2.554,2.567,2.548,2.567,134383,343626.91
20221118,2.573,2.573,2.559,2.566,265936,681938.63
20221121,2.557,2.570,2.557,2.563,209417,537058.88
20221122,2.553,2.571,2.552,2.553,128814,329194.69
20221123,2.580,2.584,2.576,2.584,466825,1204484.25
20221124,2.589,2.617,2.589,2.610,252391,658359.50
20221125,2.616,2.625,2.606,2.622,219790,575279.50
20221128,2.605,2.605,2.592,2.592,429122,1115370.50
20221129,2.570,2.579,2.555,2.557,501340,1286063.13
20221130,2.558,2.558,2.533,2.540,152086,386442.66
20221201,2.621,2.650,2.611,2.633,546572,1433257.00
20221202,2.621,2.639,2.620,2.633,601089,1580421.13
20221205,2.630,2.633,2.613,2.613,530313,1391335.75
20221206,2.599,2.599,2.555,2.560,540162,1385755.13
20221207,2.527,2.528,2.519,2.519,383960,968478.31
20221208,2.500,2.535,2.494,2.513,309181,778538.19
20221209,2.516,2.533,2.516,2.525,308805,780847.69
20221212,2.504,2.535,2.494,2.497,487134,1219653.75
20221213,2.520,2.537,2.520,2.535,503544,1274218.00
20221214,2.552,2.577,2.552,2.569,332595,853436.81
20221215,2.547,2.565,2.543,2.548,124226,316624.06
20221216,2.477,2.483,2.472,2.477,664205,1644563.00
20221219,2.464,2.467,2.435,2.449,323218,794019.88
20221220,2.420,2.430,2.417,2.419,532952,1290898.88
20221221,2.430,2.438,2.426,2.432,151309,367857.03
20221222,2.437,2.457,2.437,2.444,260122,636569.81
20221223,2.401,2.437,2.397,2.413,247601,596993.69
20221226,2.402,2.423,2.402,2.418,206679,499386.31
20221227,2.415,2.433,2.407,2.428,268706,650684.00
20221228,2.388,2.407,2.388,2.401,183998,441423.66
20221229,2.385,2.388,2.380,2.383,277120,660275.19
20221230,2.394,2.409,2.394,2.402,370234,888647.06
20230103,2.378,2.398,2.378,2.394,413379,987583.81
20230104,2.378,2.404,2.375,2.403,773593,1847611.13
20230105,2.391,2.449,2.391,2.441,1017728,2473377.25
20230106,2.403,2.436,2.403,2.427,913791,2214658.00
20230109,2.430,2.473,2.430,2.471,1496826,3667035.75
20230110,2.452,2.455,2.422,2.438,1394127,3412454.25
20230111,2.410,2.438,2.410,2.417,2124690,5145428.00
20230112,2.416,2.434,2.412,2.417,2666017,6451068.50
20230113,2.405,2.413,2.399,2.410,3172610,7629519.50
20230116,2.409,2.423,2.402,2.414,2815796,6797825.00
20230117,2.411,2.418,2.411,2.416,1332922,3218824.00
20230118,2.418,2.431,2.414,2.428,1412110,3423717.75
20230119,2.410,2.419,2.406,2.413,862279,2080196.00
20230120,2.410,2.423,2.406,2.422,1026567,2478819.00
20230130,2.488,2.509,2.486,2.492,2168709,5412867.50
20230131,2.485,2.485,2.456,2.459,616752,1519246.38
20230201,2.477,2.484,2.473,2.479,1232873,3055288.25
20230202,2.533,2.548,2.527,2.546,1776965,4511362.00
20230203,2.565,2.577,2.557,2.562,1477971,3787216.25
20230206,2.583,2.589,2.566,2.576,3989585,10281853.00
20230207,2.576,2.576,2.567,2.569,1049481,2698065.00
20230208,2.611,2.629,2.611,2.625,1021641,2680155.25
20230209,2.601,2.611,2.599,2.610,898726,2342422.00
20230210,2.587,2.593,2.576,2.581,806308,2083129.50
20230213,2.579,2.587,2.566,2.583,1278751,3294815.00
20230214,2.609,2.631,2.609,2.631,820299,2151805.00
20230215,2.627,2.633,2.619,2.619,939610,2464219.25
20230216,2.639,2.669,2.639,2.655,1546738,4112845.00
20230217,2.624,2.625,2.595,2.596,1076475,2804840.50
20230220,2.586,2.616,2.586,2.615,1234225,3205666.75
20230221,2.612,2.612,2.580,2.597,535411,1391503.50
20230222,2.575,2.575,2.553,2.556,787049,2012936.38
20230223,2.561,2.575,2.561,2.570,378391,972730.13
20230224,2.604,2.604,2.560,2.594,577534,1496487.00
20230227,2.567,2.594,2.567,2.584,425777,1100324.00
20230228,2.586,2.598,2.580,2.593,223741,579212.44
20230301,2.584,2.589,2.575,2.585,256018,660898.00
20230302,2.577,2.577,2.554,2.557,441815,1130850.25
20230303,2.563,2.582,2.563,2.580,352990,906890.44
20230306,2.606,2.637,2.605,2.634,638566,1674765.50
20230307,2.634,2.642,2.630,2.630,594409,1567111.75
20230308,2.612,2.612,2.603,2.606,630954,1644273.63
20230309,2.620,2.634,2.620,2.629,620677,1630978.63
20230310,2.608,2.608,2.588,2.594,712050,1848851.88
20230313,2.586,2.622,2.583,2.622,692155,1795483.25
20230314,2.598,2.598,2.580,2.582,354925,917694.13
20230315,2.613,2.632,2.613,2.629,524873,1377283.00
20230316,2.631,2.633,2.625,2.625,551588,1450241.50
20230317,2.670,2.680,2.669,2.679,617495,1650745.50
20230320,2.680,2.710,2.680,2.688,793633,2139029.25
20230321,2.699,2.736,2.699,2.711,430546,1167548.25
20230322,2.730,2.743,2.720,2.741,610462,1669214.13
20230323,2.715,2.768,2.712,2.754,735468,2015497.38
20230324,2.775,2.804,2.770,2.795,1154004,3218592.75
20230327,2.789,2.867,2.789,2.845,774266,2204750.75
20230328,2.835,2.835,2.743,2.782,1323156,3681222.75
20230329,2.763,2.782,2.756,2.774,637603,1762886.13
20230330,2.782,2.825,2.782,2.815,888065,2491253.50
20230331,2.830,2.852,2.830,2.842,810108,2304200.50
20230403,2.845,2.888,2.845,2.870,939122,2690455.00
20230404,2.869,2.869,2.830,2.860,511850,1461660.38
20230406,2.838,2.838,2.792,2.812,664697,1865364.75
20230407,2.817,2.833,2.817,2.826,678622,1917053.88
20230410,2.821,2.821,2.808,2.810,380302,1068758.25
20230411,2.811,2.811,2.798,2.809,285358,801003.06
20230412,2.804,2.804,2.776,2.790,577208,1607931.13
20230413,2.784,2.784,2.732,2.769,664319,1831182.88
20230414,2.794,2.818,2.785,2.799,544378,1524977.25
20230417,2.802,2.802,2.782,2.791,552209,1538690.63
20230418,2.790,2.814,2.782,2.792,355738,992047.00
20230419,2.797,2.800,2.792,2.793,320992,897467.69
20230420,2.793,2.800,2.780,2.799,302553,844419.44
20230421,2.780,2.792,2.770,2.782,144828,403324.16
20230424,2.781,2.781,2.755,2.761,753656,2082706.00
20230425,2.769,2.769,2.745,2.753,276859,762292.25
20230426,2.752,2.780,2.745,2.769,634072,1752099.38
20230427,2.778,2.800,2.771,2.796,386801,1079213.50
20230428,2.854,2.854,2.832,2.845,528433,1503971.50
20230504,2.844,2.844,2.803,2.828,366071,1029971.56
20230505,2.829,2.831,2.810,2.830,386537,1092602.25
20230508,2.859,2.880,2.855,2.863,425287,1217047.50
20230509,2.858,2.870,2.858,2.861,464267,1328985.50
20230510,2.838,2.852,2.835,2.850,480214,1365274.63
20230511,2.880,2.896,2.874,2.894,867463,2504562.00
20230512,2.908,2.921,2.904,2.911,628995,1830904.00
20230515,2.910,2.911,2.870,2.911,795296,2302600.00
20230516,2.911,2.935,2.911,2.915,458716,1341598.13
20230517,2.911,2.940,2.911,2.935,1301228,3805288.25
20230518,2.986,2.986,2.950,2.978,354810,1054747.75
20230519,3.019,3.090,3.019,3.081,1298747,3987305.50
20230522,3.071,3.080,3.051,3.072,789123,2418966.50
20230523,3.073,3.099,3.073,3.097,734619,2269406.75
20230524,3.073,3.073,3.031,3.034,1186729,3609579.00
20230525,3.107,3.130,3.070,3.130,1496639,4640304.00
20230526,3.179,3.327,3.179,3.238,5372858,17510822.00
20230529,3.390,3.465,3.350,3.391,4859872,16511273.00
20230530,3.391,3.537,3.353,3.474,3660988,12582773.00
20230531,3.481,3.498,3.306,3.384,5808651,19761612.00
20230601,3.309,3.365,3.309,3.344,2547164,8497251.00
20230602,3.405,3.507,3.400,3.481,5126384,17712138.00
20230605,3.512,3.546,3.465,3.497,4410506,15489966.00
20230606,3.488,3.488,3.437,3.478,1904880,6606448.50
20230607,3.474,3.543,3.450,3.541,2489663,8739290.00
20230608,3.490,3.523,3.455,3.507,2685837,9378443.00
20230609,3.566,3.734,3.566,3.645,5864278,21411360.00
20230612,3.660,3.800,3.660,3.791,5701458,21506104.00
20230613,3.910,4.018,3.910,4.005,6456185,25678758.00
20230614,3.998,3.998,3.634,3.639,13846701,52423780.00
20230615,3.640,3.733,3.458,3.516,11625487,41337260.00
20230616,3.595,3.595,3.520,3.576,7892391,28144202.00
20230619,3.556,3.556,3.515,3.538,3077714,10884244.00
20230620,3.526,3.640,3.510,3.575,5106553,18273054.00
20230621,3.582,3.630,3.560,3.584,4710974,16890310.00
20230626,3.537,3.544,3.500,3.511,3194706,11268351.00
20230627,3.465,3.465,3.386,3.442,4552726,15539125.00
20230628,3.500,3.528,3.491,3.514,4400371,15458298.00
20230629,3.553,3.553,3.516,3.526,2331935,8227290.50
20230630,3.530,3.549,3.513,3.524,1726872,6089174.00
20230703,3.600,3.667,3.600,3.667,4345562,15785991.00
20230704,3.666,3.666,3.616,3.640,2338222,8516089.00
20230705,3.647,3.755,3.631,3.680,2969530,10954746.00
20230706,3.664,3.768,3.664,3.712,2794389,10390181.00
20230707,3.711,3.712,3.666,3.705,2082842,7690623.50
20230710,3.705,3.705,3.675,3.677,1966341,7249735.00
20230711,3.658,3.692,3.658,3.680,2053564,7554176.50
20230712,3.699,3.703,3.580,3.610,3714768,13492498.00
20230713,3.648,3.679,3.623,3.642,3277620,11960888.00
20230714,3.696,3.697,3.592,3.596,5739392,20825666.00
20230717,3.581,3.590,3.557,3.576,2932945,10462536.00
20230718,3.600,3.630,3.580,3.603,2377808,8544921.00
20230719,3.651,3.745,3.629,3.731,5311569,19512522.00
20230720,3.732,3.778,3.680,3.718,4997467,18669304.00
20230721,3.660,3.715,3.622,3.699,3254489,11964929.00
20230724,3.675,3.750,3.675,3.740,3330039,12421628.00
20230725,3.752,3.759,3.679,3.715,5323583,19742274.00
20230726,3.715,3.752,3.700,3.703,2698453,10023028.00
20230727,3.669,3.731,3.668,3.729,3799344,14039764.00
20230728,3.697,3.717,3.681,3.690,3160428,11698388.00
20230731,3.709,3.730,3.681,3.688,2207249,8172698.50
20230801,3.686,3.700,3.670,3.679,1415193,5208081.50
20230802,3.670,3.678,3.591,3.594,2277073,8257470.00
20230803,3.520,3.570,3.516,3.557,2349844,8334940.50
20230804,3.560,3.571,3.547,3.571,1198294,4264047.50
20230807,3.548,3.548,3.519,3.519,1758056,6203615.50
20230808,3.539,3.539,3.514,3.515,1043200,3674028.25
20230809,3.515,3.528,3.478,3.505,1588931,5553116.50
20230810,3.490,3.490,3.424,3.433,1932856,6649848.00
20230811,3.433,3.446,3.325,3.405,1187003,4043201.00
20230814,3.409,3.409,3.350,3.376,1720135,5793693.00
20230815,3.436,3.523,3.436,3.510,2460720,8578306.00
20230816,3.488,3.490,3.416,3.489,1608291,5549610.50
20230817,3.472,3.515,3.440,3.500,2251704,7851699.50
20230818,3.463,3.464,3.383,3.384,3249932,11089582.00
20230821,3.398,3.430,3.384,3.430,1163023,3956966.75
20230822,3.499,3.568,3.480,3.500,3312193,11672377.00
20230823,3.486,3.543,3.470,3.542,1766469,6213140.50
20230824,3.660,3.718,3.660,3.699,5034191,18571422.00
20230825,3.590,3.629,3.556,3.591,3083211,11073197.00
20230828,3.590,3.666,3.538,3.636,2981417,10775593.00
20230829,3.664,3.696,3.646,3.662,2696232,9883440.00
20230830,3.745,3.751,3.607,3.623,4200232,15436470.00
20230831,3.633,3.663,3.610,3.633,1574184,5716932.00
20230901,3.619,3.650,3.618,3.631,1174933,4265910.00
20230904,3.648,3.648,3.616,3.637,1132824,4118292.50
20230905,3.633,3.633,3.622,3.627,651160,2362061.25
20230906,3.637,3.643,3.626,3.639,763729,2774768.00
20230907,3.610,3.610,3.590,3.597,1652000,5942487.50
20230908,3.590,3.640,3.576,3.640,1717558,6186916.00
20230911,3.615,3.626,3.590,3.614,1198906,4322420.50
20230912,3.646,3.646,3.598,3.617,855262,3091270.00
20230913,3.590,3.596,3.566,3.590,349068,1250848.50
20230914,3.589,3.613,3.589,3.599,895224,3221158.25
20230915,3.626,3.626,3.593,3.595,900471,3246226.00
20230918,3.555,3.555,3.500,3.543,931932,3294290.00
20230919,3.543,3.550,3.525,3.525,375858,1328793.38
20230920,3.525,3.540,3.494,3.503,728559,2556788.50
20230921,3.458,3.458,3.414,3.415,1116361,3832083.50
20230922,3.370,3.378,3.335,3.361,3496319,11726594.00
20230925,3.359,3.366,3.350,3.363,931402,3127967.75
20230926,3.362,3.362,3.326,3.330,1105255,3694027.50
20230927,3.272,3.290,3.272,3.289,1906168,6254039.50
20230928,3.303,3.306,3.283,3.289,1121607,3691813.25
20231009,3.320,3.344,3.219,3.335,1358641,4522337.00
20231010,3.344,3.402,3.344,3.395,1003481,3394638.75
20231011,3.412,3.430,3.406,3.412,734000,2505369.75
20231012,3.441,3.441,3.411,3.431,1820030,6237775.50
20231013,3.437,3.437,3.405,3.413,929820,3181793.50
20231016,3.368,3.392,3.368,3.383,1214374,4100648.00
20231017,3.404,3.410,3.385,3.396,499518,1697289.25
20231018,3.375,3.380,3.360,3.365,545400,1837059.38
20231019,3.338,3.350,3.280,3.281,1609027,5312422.00
20231020,3.263,3.281,3.247,3.274,624757,2040137.63
20231023,3.235,3.267,3.227,3.234,1193428,3862820.50
20231024,3.241,3.297,3.240,3.297,693960,2260257.75
20231025,3.329,3.329,3.300,3.310,527184,1746204.25
20231026,3.242,3.260,3.205,3.217,1265439,4075448.50
20231027,3.167,3.249,3.167,3.242,806299,2597562.25
20231030,3.246,3.249,3.222,3.238,483980,1564639.50
20231031,3.258,3.260,3.218,3.223,615876,1995876.63
20231101,3.239,3.271,3.224,3.266,653282,2121277.00
20231102,3.332,3.356,3.327,3.348,1128920,3775995.25
20231103,3.382,3.398,3.361,3.362,1714716,5795903.00
20231106,3.390,3.395,3.377,3.377,972175,3288317.25
20231107,3.389,3.390,3.375,3.384,1197775,4052324.00
20231108,3.421,3.463,3.416,3.456,2279164,7853633.00
20231109,3.448,3.493,3.448,3.493,1027500,3569217.50
20231110,3.464,3.477,3.451,3.472,985922,3419590.75
20231113,3.540,3.598,3.540,3.580,2033576,7264428.00
20231114,3.577,3.593,3.571,3.593,974831,3494011.00
20231115,3.672,3.688,3.664,3.688,1563617,5751464.50
20231116,3.687,3.687,3.650,3.678,1700552,6227478.50
20231117,3.690,3.719,3.689,3.717,1446363,5358211.50
20231120,3.710,3.714,3.668,3.670,1090985,4027513.75
20231121,3.726,3.761,3.726,3.751,1407173,5273925.50
20231122,3.740,3.740,3.698,3.727,1032344,3843033.25
20231123,3.751,3.753,3.740,3.740,1176078,4407577.50
20231124,3.748,3.748,3.701,3.701,1197500,4457464.00
20231127,3.683,3.683,3.640,3.641,1473952,5384057.50
20231128,3.637,3.674,3.637,3.669,1283110,4700700.50
20231129,3.704,3.704,3.675,3.693,813537,3001918.75
20231130,3.691,3.719,3.676,3.719,877322,3241781.75
20231201,3.723,3.723,3.692,3.710,1031494,3820299.25
20231204,3.702,3.727,3.680,3.688,1083162,4016157.00
20231205,3.646,3.665,3.604,3.612,1640583,5961786.00
20231206,3.654,3.685,3.625,3.682,1992986,7315898.50
20231207,3.601,3.650,3.600,3.623,1295529,4700602.50
20231208,3.691,3.713,3.685,3.700,1907543,7048095.50
20231211,3.715,3.762,3.710,3.762,2278770,8540508.00
20231212,3.838,3.839,3.786,3.800,1863690,7088139.00
20231213,3.845,3.849,3.830,3.846,1644967,6316964.00
20231214,3.892,3.926,3.886,3.906,3264547,12750016.00
20231215,3.885,3.885,3.860,3.874,1745662,6765196.50
20231218,3.886,3.912,3.886,3.912,1622049,6325809.50
20231219,3.925,3.934,3.915,3.925,2152225,8449340.00
20231220,3.947,3.947,3.911,3.917,2358626,9258934.00
20231221,3.877,3.877,3.800,3.843,2631382,10076370.00
20231222,3.860,3.870,3.819,3.819,1907751,7339953.50
20231225,3.820,3.848,3.815,3.847,961861,3692069.75
20231226,3.861,3.945,3.857,3.932,2077606,8114452.00
20231227,3.949,3.969,3.900,3.930,2854714,11207051.00
20231228,3.909,3.928,3.877,3.889,1769866,6898420.50
20231229,3.888,3.888,3.840,3.842,1007707,3884807.25
20240102,3.745,3.835,3.745,3.832,1272513,4844691.00
20240103,3.772,3.772,3.723,3.727,2660306,9946816.00
20240104,3.709,3.709,3.654,3.689,2592678,9532754.00
20240105,3.697,3.697,3.663,3.673,1435403,5278840.00
20240108,3.681,3.779,3.680,3.750,1970252,7342837.50
20240109,3.825,3.898,3.825,3.871,3506153,13570264.00
20240110,3.875,3.916,3.875,3.898,1332668,5193095.00
20240111,3.941,3.997,3.937,3.984,2698150,10730064.00
20240112,3.996,3.997,3.925,3.940,2399885,9505506.00
20240115,3.967,4.013,3.967,4.000,2405945,9598777.00
20240116,3.987,3.990,3.910,3.947,3072498,12145830.00
20240117,3.951,4.001,3.902,3.913,2888928,11428378.00
20240118,3.912,3.952,3.892,3.952,2102508,8264329.00
20240119,4.025,4.113,4.025,4.109,5273118,21428016.00
20240122,4.300,4.469,4.201,4.382,15052836,65460576.00
20240123,4.488,4.561,4.251,4.285,19456368,85527480.00
20240124,4.318,4.476,4.280,4.347,20083793,88250384.00
20240125,4.380,4.399,4.150,4.220,7913433,34001644.00
20240126,4.210,4.210,4.088,4.122,6222088,25672366.00
20240129,4.060,4.218,4.060,4.216,4952974,20699574.00
20240130,4.310,4.420,4.288,4.420,8725078,38133436.00
20240131,4.300,4.391,4.288,4.353,7305494,31705048.00
20240201,4.302,4.373,4.296,4.341,3352156,14504949.00
20240202,4.460,4.485,4.300,4.394,6069290,26947396.00
20240205,4.445,4.460,4.331,4.348,5639887,24825150.00
20240206,4.348,4.380,4.249,4.276,5198764,22308172.00
20240207,4.259,4.338,4.225,4.314,3774356,16150777.00
20240208,4.376,4.390,4.331,4.363,5389006,23457426.00
20240219,4.328,4.357,4.299,4.351,3613032,15673070.00
20240220,4.351,4.379,4.308,4.324,2852312,12337239.00
20240221,4.268,4.305,4.257,4.266,2731160,11665304.00
20240222,4.310,4.350,4.298,4.335,3209976,13891462.00
20240223,4.405,4.406,4.335,4.335,4554638,19848318.00
20240226,4.319,4.320,4.266,4.279,3425377,14690538.00
20240227,4.280,4.280,4.228,4.242,3328696,14157152.00
20240228,4.250,4.368,4.218,4.353,6809250,29201952.00
20240229,4.344,4.363,4.250,4.318,5950970,25720952.00
20240301,4.325,4.368,4.325,4.354,5164428,22492476.00
20240304,4.368,4.421,4.368,4.404,6601932,29038568.00
20240305,4.392,4.419,4.362,4.372,4914779,21580744.00
20240306,4.304,4.389,4.304,4.373,3453501,15019407.00
20240307,4.410,4.413,4.341,4.364,2857884,12519572.00
20240308,4.480,4.480,4.418,4.424,5103868,22613088.00
20240311,4.380,4.380,4.360,4.375,2940556,12849894.00
20240312,4.371,4.414,4.370,4.409,2241627,9861842.00
20240313,4.440,4.493,4.406,4.412,4621514,20613722.00
20240314,4.390,4.471,4.390,4.471,2700965,11994647.00
20240315,4.467,4.627,4.452,4.595,11512942,52509056.00
20240318,4.615,4.673,4.510,4.627,11417664,52448052.00
20240319,4.627,4.630,4.515,4.548,7532983,34515648.00
20240320,4.580,4.613,4.553,4.561,3782138,17307838.00
20240321,4.630,4.660,4.540,4.563,7918742,36387156.00
20240322,4.533,4.562,4.431,4.472,5437509,24396798.00
20240325,4.499,4.528,4.449,4.498,3551765,15963940.00
20240326,4.492,4.558,4.472,4.548,4973178,22504262.00
20240327,4.520,4.560,4.514,4.557,3105377,14109436.00
20240328,4.586,4.650,4.524,4.554,5272507,24077062.00
20240329,4.550,4.565,4.511,4.515,2994093,13577076.00
20240401,4.521,4.551,4.521,4.546,1683095,7645775.50
20240402,4.538,4.538,4.505,4.513,1842176,8320326.50
20240403,4.470,4.470,4.425,4.435,2856347,12678712.00
20240408,4.427,4.441,4.350,4.390,2874894,12608450.00
20240409,4.390,4.390,4.335,4.354,2345152,10196603.00
20240410,4.354,4.409,4.333,4.399,2594464,11330597.00
20240411,4.367,4.380,3.959,4.316,1747771,7566440.00
20240412,4.375,4.448,4.375,4.433,3948056,17452484.00
20240415,4.380,4.400,4.300,4.390,2822297,12275109.00
20240416,4.308,4.340,4.253,4.268,2377066,10189500.00
20240417,4.295,4.303,4.251,4.263,1236540,5293135.50
20240418,4.163,4.238,4.163,4.232,1724815,7255790.00
20240419,4.176,4.176,4.076,4.108,2976488,12221561.00
20240422,3.990,4.082,3.990,4.079,1642780,6632520.50
20240423,4.104,4.150,4.080,4.086,1470694,6033030.00
20240424,4.190,4.192,4.138,4.173,2643323,10999521.00
20240425,4.119,4.125,4.062,4.065,1654412,6783025.50
20240426,4.142,4.170,4.131,4.154,1988176,8262171.00
20240429,4.215,4.219,4.182,4.183,1406312,5911453.50
20240430,4.198,4.206,4.173,4.202,1684082,7058742.00
20240506,4.233,4.237,4.211,4.231,1560084,6602487.50
20240507,4.267,4.311,4.260,4.310,2312329,9928612.00
20240508,4.300,4.300,4.270,4.288,1164139,4987017.50
20240509,4.288,4.290,4.274,4.282,956636,4093429.50
20240510,4.302,4.317,4.286,4.315,1290434,5545525.50
20240513,4.314,4.363,4.307,4.360,1286125,5580672.00
20240514,4.399,4.415,4.350,4.413,1150527,5058497.50
20240515,4.431,4.443,4.416,4.424,2291042,10155329.00
20240516,4.505,4.530,4.496,4.502,1608448,7253006.50
20240517,4.504,4.514,4.472,4.505,1659743,7455047.00
20240520,4.510,4.528,4.503,4.514,1324435,5978623.50
20240521,4.538,4.604,4.520,4.592,3524665,16068890.00
20240522,4.614,4.730,4.612,4.671,6383210,29872994.00
20240523,4.730,4.865,4.730,4.865,10496545,50412312.00
20240524,4.820,5.028,4.600,4.601,11098527,52098760.00
20240527,4.731,4.764,4.700,4.740,4792895,22704786.00
20240528,4.751,4.879,4.751,4.870,6783134,32831030.00
20240529,4.971,4.982,4.816,4.903,11176531,54672500.00
20240530,4.836,4.874,4.790,4.832,4588485,22217890.00
20240531,4.740,4.906,4.700,4.885,8358350,40286188.00
20240603,4.978,5.017,4.901,5.008,7959469,39639156.00
20240604,5.036,5.100,4.970,4.985,8133935,41118176.00
20240605,4.985,5.035,4.931,4.931,9980184,49688108.00
20240606,5.015,5.080,4.915,4.966,11370465,57040632.00
20240607,4.966,5.009,4.944,4.978,5564835,27675526.00
20240611,4.900,4.989,4.840,4.935,11870288,58294252.00
20240612,4.900,4.980,4.900,4.917,16316629,80571392.00
20240613,4.988,5.299,4.982,5.145,32982786,167290880.00
20240614,5.120,5.230,5.115,5.168,34256840,177368384.00
20240617,5.171,5.290,5.158,5.283,31835642,166187280.00
20240618,5.312,5.470,5.312,5.449,35852691,194157056.00
20240619,5.490,5.518,5.260,5.292,45148804,243794672.00
20240620,5.292,5.395,5.211,5.367,54189354,288007040.00
20240621,5.201,5.269,5.142,5.172,28033344,145866512.00
20240624,5.172,5.188,5.098,5.141,20470378,105199344.00
20240625,4.990,5.000,4.935,4.939,30465918,151259056.00
20240626,5.100,5.115,5.011,5.040,42780716,216501808.00
20240627,4.990,5.000,4.946,4.946,24756765,122927912.00
20240628,4.900,4.999,4.900,4.980,34686509,172305600.00
20240701,4.950,4.966,4.911,4.937,24445729,120470304.00
20240702,4.935,5.026,4.933,5.007,42652057,212479616.00
20240703,5.040,5.172,5.040,5.147,53103390,270335936.00
20240704,5.238,5.268,5.065,5.083,62505573,323981792.00
20240705,5.081,5.125,5.041,5.099,37966176,192889536.00
20240708,5.110,5.150,5.075,5.090,40875834,208460928.00
20240709,5.126,5.165,5.097,5.160,39389620,202091984.00
20240710,5.135,5.141,5.081,5.084,27476565,140260064.00
20240711,5.200,5.275,5.150,5.268,60781532,316681440.00
20240712,5.020,5.080,4.974,4.980,68015536,341350528.00
20240715,5.060,5.065,5.018,5.041,38742491,195423744.00
20240716,5.061,5.062,5.011,5.018,24877737,125172720.00
20240717,4.978,4.993,4.952,4.962,29246021,145273472.00
20240718,4.715,4.938,4.715,4.915,37997074,183558912.00
20240719,4.870,4.887,4.851,4.860,17855776,86931208.00
20240722,4.820,4.820,4.737,4.767,19328106,92217792.00
20240723,4.862,4.866,4.765,4.778,19096407,92109576.00
20240724,4.750,4.758,4.689,4.692,16693474,78724448.00
20240725,4.512,4.619,4.492,4.540,25717379,116544392.00
20240726,4.513,4.638,4.501,4.617,25991246,119015848.00
20240729,4.701,4.753,4.679,4.753,17544933,82728624.00
20240730,4.652,4.700,4.645,4.656,17182800,80184008.00
20240731,4.600,4.690,4.591,4.687,21532926,100167648.00
20240801,4.846,4.875,4.777,4.780,26446688,127681920.00
20240802,4.592,4.624,4.523,4.528,30053769,137631104.00
20240805,4.284,4.284,4.075,4.075,46121525,191571056.00
20240806,4.279,4.310,4.202,4.290,38588995,164236448.00
20240807,4.280,4.346,4.241,4.270,22433794,96773096.00
20240808,4.200,4.260,4.161,4.178,16010191,67089200.00
20240809,4.301,4.321,4.285,4.318,18025004,77625512.00
20240812,4.355,4.414,4.324,4.412,17964788,78744808.00
20240813,4.455,4.614,4.441,4.606,35651178,162073408.00
20240814,4.792,4.857,4.749,4.765,49196024,236223888.00
20240815,4.814,4.909,4.806,4.898,45359510,220756736.00
20240816,5.086,5.128,4.977,5.013,68567174,345634336.00
20240819,4.993,5.018,4.854,4.858,38301831,188655504.00
20240820,4.987,5.010,4.925,4.960,35427267,175854544.00
20240821,4.920,4.955,4.881,4.945,27279170,134302816.00
20240822,4.980,5.010,4.939,4.965,29115090,144826256.00
20240823,4.855,4.959,4.852,4.958,26259847,128920328.00
20240826,5.027,5.028,4.970,4.975,26274487,131082504.00
20240827,4.925,4.940,4.878,4.917,36705570,180177024.00
20240828,4.917,4.945,4.910,4.937,22681772,111829960.00
20240829,4.797,4.799,4.717,4.752,53830761,256278352.00
20240830,4.783,4.865,4.767,4.865,35421009,170080176.00
20240902,4.903,4.952,4.896,4.937,39994341,196988128.00
20240903,4.959,4.984,4.928,4.943,31574282,156624144.00
20240904,4.680,4.713,4.626,4.648,53214682,248386880.00
20240905,4.699,4.727,4.658,4.660,33239700,155810400.00
20240906,4.609,4.694,4.600,4.609,39889887,185308320.00
20240909,4.519,4.650,4.494,4.648,39714536,181045584.00
20240910,4.699,4.700,4.606,4.614,37530801,174531392.00
20240911,4.677,4.685,4.614,4.666,37385536,173946736.00
20240912,4.850,4.918,4.822,4.910,53033199,258374336.00
20240913,4.937,4.945,4.910,4.912,47739328,235064176.00
20240918,4.865,4.898,4.810,4.811,41607451,201542144.00
20240919,4.865,4.924,4.839,4.918,36586622,178275904.00
20240920,4.955,4.997,4.910,4.914,49813341,246835136.00
20240923,4.953,4.986,4.950,4.982,35782304,177832960.00
20240924,4.966,4.978,4.862,4.971,47277984,233177584.00
20240925,4.919,4.965,4.902,4.909,36810169,181507760.00
20240926,4.976,4.993,4.930,4.960,49891589,247825504.00
20240927,4.868,4.885,4.550,4.692,71902666,343255168.00
20240930,4.500,4.733,4.500,4.609,70714096,327138432.00
20241008,4.462,4.700,4.462,4.600,46852694,215230400.00
20241009,4.701,4.817,4.697,4.804,53482876,254423488.00
20241010,4.850,4.960,4.800,4.877,70590766,345308736.00
20241011,4.914,4.967,4.913,4.943,44040396,217770176.00
20241014,4.969,4.970,4.913,4.919,35807896,176896320.00
20241015,4.981,5.078,4.960,5.037,58426822,292256768.00
20241016,4.922,4.996,4.922,4.979,40050444,198790656.00
20241017,4.998,5.013,4.950,5.009,48844219,243338400.00
20241018,4.974,5.003,4.914,4.955,47196699,234541472.00
20241021,4.965,4.995,4.936,4.942,34101223,169339248.00
20241022,4.965,4.977,4.950,4.957,22956814,113989912.00
20241023,4.975,4.977,4.941,4.945,22126270,109627776.00
20241024,4.906,4.941,4.902,4.929,16559727,81474984.00
20241025,4.907,4.907,4.820,4.842,53688814,260772032.00
20241028,4.893,4.905,4.866,4.893,21127738,103252160.00
20241029,4.860,4.875,4.850,4.860,13265704,64485252.00
20241030,4.870,4.955,4.870,4.931,53255395,261847680.00
20241031,4.849,4.851,4.811,4.813,28538968,137898736.00
20241101,4.695,4.768,4.691,4.735,28344519,133915568.00
20241104,4.726,4.735,4.684,4.693,23231112,109465464.00
20241105,4.651,4.668,4.637,4.652,20968517,97455408.00
20241106,4.711,4.843,4.709,4.842,54066186,257361760.00
20241107,4.955,4.970,4.836,4.840,59130296,289376832.00
20241108,4.885,4.895,4.860,4.863,32814183,159856736.00
20241111,4.868,4.909,4.864,4.899,29773230,145546800.00
20241112,4.860,4.863,4.849,4.856,23269654,113017688.00
20241113,4.863,4.919,4.851,4.873,31672862,154781328.00
20241114,4.873,4.884,4.868,4.874,9948689,48500456.00
20241115,4.850,4.850,4.832,4.839,9976005,48303756.00
20241118,4.761,4.817,4.761,4.814,16057851,76976528.00
20241119,4.801,4.841,4.786,4.800,21328720,102625176.00
20241120,4.841,4.847,4.822,4.846,14985230,72474192.00
20241121,4.801,4.804,4.775,4.783,18364972,87901776.00
20241122,4.804,4.820,4.802,4.812,15947780,76731344.00
20241125,4.830,4.860,4.829,4.859,19183458,92889728.00
20241126,4.814,4.844,4.814,4.843,11661769,56284532.00
20241127,4.859,4.910,4.859,4.871,25585524,124983544.00
20241128,4.831,4.846,4.830,4.841,9413633,45549200.00
20241129,4.837,4.881,4.837,4.868,16875328,81994592.00
数据来源:通达信
