164824 印度基金LOF 日线 后复权
      日期	    开盘	    最高	    最低	    收盘	    成交量	    成交额
20180801,1.007,1.007,0.996,0.997,11986174,11950654.00
20180802,0.997,0.998,0.996,0.997,797848,795475.44
20180803,0.997,0.998,0.997,0.998,533814,532511.38
20180806,0.998,0.998,0.996,0.998,536218,534511.44
20180807,0.997,1.004,0.997,1.001,770528,770766.19
20180808,1.000,1.002,0.999,1.002,777464,777753.75
20180809,1.002,1.003,0.999,0.999,301713,301760.88
20180810,1.000,1.000,0.998,0.998,562300,561707.81
20180813,0.997,0.997,0.994,0.995,2142035,2131416.00
20180814,0.993,0.994,0.990,0.990,477027,472753.72
20180815,0.990,0.990,0.975,0.981,1052038,1031469.00
20180816,0.982,0.986,0.981,0.981,803202,789820.25
20180817,0.982,0.988,0.982,0.986,505706,498807.28
20180820,0.995,0.999,0.990,0.998,417456,414956.59
20180821,0.998,1.000,0.994,0.994,196200,195628.30
20180822,0.998,1.000,0.995,0.999,92600,92410.10
20180823,0.996,0.997,0.993,0.997,174027,173267.09
20180824,0.997,0.997,0.988,0.992,271333,269123.94
20180827,0.995,0.997,0.995,0.995,252672,251678.72
20180828,1.008,1.008,0.999,1.000,351460,352040.34
20180829,1.001,1.001,0.997,0.999,47803,47740.09
20180830,0.998,0.998,0.993,0.997,118104,117547.88
20180831,0.991,0.996,0.991,0.992,53601,53199.59
20180903,0.992,0.994,0.987,0.987,263215,260656.75
20180904,0.985,0.989,0.984,0.987,291548,287657.34
20180905,0.985,0.985,0.980,0.980,272917,267737.47
20180906,0.988,0.988,0.972,0.979,85701,83680.77
20180907,0.976,0.980,0.961,0.972,231800,225156.80
20180910,0.978,1.009,0.978,0.990,332400,328794.69
20180911,0.989,0.990,0.978,0.980,136600,134663.80
20180912,0.980,0.980,0.963,0.965,61800,59791.00
20180913,0.982,0.982,0.982,0.982,9000,8838.00
20180914,0.966,0.985,0.966,0.980,51300,50264.60
20180917,0.981,0.981,0.976,0.977,153228,149795.23
20180918,0.982,0.982,0.982,0.982,3300,3240.60
20180919,0.967,0.970,0.960,0.962,502000,484703.41
20180920,0.956,0.958,0.948,0.952,371238,353404.59
20180921,0.955,0.961,0.940,0.958,243851,233044.50
20180925,0.950,0.950,0.940,0.941,267301,251558.14
20180926,0.942,0.942,0.937,0.937,121900,114589.50
20180927,0.933,0.933,0.927,0.929,359502,334333.84
20180928,0.929,0.935,0.926,0.935,80832,75062.33
20181008,0.913,0.913,0.864,0.866,572785,500284.91
20181009,0.869,0.880,0.869,0.874,494080,430735.31
20181010,0.900,0.900,0.866,0.879,42100,36941.90
20181011,0.879,0.879,0.830,0.834,464566,397999.16
20181012,0.830,0.859,0.830,0.859,146415,123032.80
20181015,0.860,0.880,0.860,0.870,168001,146763.91
20181016,0.879,0.888,0.871,0.883,32204,28363.81
20181017,0.887,0.891,0.881,0.888,275702,244475.38
20181018,0.889,0.890,0.872,0.884,71700,63520.40
20181019,0.878,0.885,0.875,0.877,72600,63564.40
20181022,0.877,0.877,0.851,0.863,62000,53347.50
20181023,0.862,0.874,0.855,0.856,65900,56738.20
20181024,0.859,0.871,0.854,0.865,195800,167612.41
20181025,0.859,0.863,0.859,0.863,170800,146896.09
20181026,0.855,0.867,0.854,0.867,41432,35593.63
20181029,0.890,0.890,0.865,0.865,25500,22068.20
20181030,0.862,0.872,0.862,0.864,79203,68497.59
20181031,0.877,0.877,0.861,0.868,131000,113602.60
20181101,0.886,0.886,0.856,0.870,28100,24589.40
20181102,0.891,0.903,0.880,0.888,158300,140863.91
20181105,0.910,0.910,0.872,0.889,74300,65081.70
20181106,0.893,0.900,0.893,0.900,703404,629069.56
20181107,0.903,0.903,0.896,0.896,6000,5377.30
20181108,0.907,0.924,0.907,0.916,33601,30658.82
20181109,0.902,0.910,0.901,0.909,188100,170874.59
20181112,0.920,0.920,0.907,0.909,49500,44943.30
20181113,0.900,0.909,0.891,0.896,166000,148803.50
20181114,0.910,0.922,0.910,0.917,56612,51684.23
20181115,0.912,0.915,0.900,0.914,347633,314997.63
20181116,0.913,0.921,0.905,0.921,87400,79923.30
20181119,0.921,0.927,0.918,0.924,5200,4803.30
20181120,0.922,0.927,0.920,0.921,31500,28991.70
20181121,0.921,0.921,0.917,0.921,60233,55390.99
20181122,0.916,0.928,0.915,0.924,55110,50487.16
20181123,0.922,0.922,0.915,0.922,5400,4943.80
20181126,0.928,0.928,0.916,0.917,17302,15972.94
20181127,0.919,0.927,0.919,0.922,34200,31520.20
20181128,0.923,0.933,0.923,0.933,94410,87550.11
20181129,0.936,0.948,0.935,0.948,119704,112813.75
20181130,0.946,0.968,0.946,0.966,119204,113639.53
20181203,0.966,0.985,0.966,0.970,187800,183609.91
20181204,0.960,0.978,0.958,0.978,10400,9978.70
20181205,0.959,0.959,0.947,0.953,61200,58381.20
20181206,0.937,0.974,0.923,0.938,229400,214432.09
20181207,0.910,0.951,0.910,0.926,89500,82539.83
20181210,0.907,0.920,0.907,0.920,1600,1452.80
20181211,0.900,0.918,0.893,0.908,247100,223381.00
20181212,0.881,0.907,0.881,0.905,11300,10233.50
20181213,0.915,0.915,0.912,0.912,38600,35247.70
20181214,0.912,0.920,0.911,0.920,24500,22398.78
20181217,0.919,0.920,0.919,0.920,11000,10115.20
20181218,0.948,0.948,0.923,0.925,253700,239633.41
20181219,0.940,0.953,0.935,0.948,160900,150867.58
20181220,0.940,0.940,0.938,0.940,34000,31933.10
20181221,0.939,0.944,0.935,0.943,121100,113887.70
20181224,0.917,0.940,0.917,0.940,1400,1290.10
20181225,0.910,0.924,0.903,0.924,58800,53171.46
20181226,0.924,0.925,0.916,0.919,144704,133436.28
20181227,0.923,0.923,0.922,0.923,2100,1937.60
20181228,0.949,0.949,0.923,0.937,35926,33363.68
20190102,0.941,0.941,0.936,0.936,15600,14674.60
20190103,0.941,0.941,0.941,0.941,300,282.30
20190104,0.938,0.955,0.922,0.953,28502,26789.14
20190107,0.968,0.968,0.934,0.941,24800,23855.60
20190108,0.940,0.968,0.939,0.968,3000,2821.90
20190109,0.948,0.967,0.948,0.964,50403,48615.84
20190110,0.942,0.950,0.940,0.950,70700,66752.70
20190111,0.941,0.946,0.936,0.946,73500,69165.30
20190114,0.927,0.940,0.926,0.940,10200,9446.70
20190115,0.939,0.948,0.923,0.933,80700,75128.10
20190116,0.929,0.957,0.929,0.932,49800,46573.20
20190117,0.945,0.945,0.944,0.944,101600,95912.00
20190118,0.940,0.940,0.933,0.934,12600,11835.50
20190121,0.885,0.940,0.885,0.939,107300,99742.30
20190122,0.940,0.940,0.938,0.939,25300,23769.80
20190123,0.939,0.955,0.930,0.932,86100,81382.76
20190124,0.925,0.935,0.917,0.933,14000,12932.20
20190125,0.938,0.939,0.938,0.939,6800,6384.30
20190128,0.950,0.950,0.924,0.937,67500,62938.90
20190129,0.921,0.933,0.916,0.930,51200,47210.50
20190130,0.935,0.935,0.911,0.930,1300,1195.20
20190131,0.905,0.928,0.905,0.918,40210,36504.86
20190201,0.921,0.944,0.920,0.936,48223,44800.56
20190211,0.915,0.967,0.915,0.930,89311,83643.95
20190212,0.930,0.930,0.915,0.921,259500,238526.50
20190213,0.922,0.944,0.916,0.929,275500,253727.91
20190214,0.925,0.925,0.909,0.915,127800,116799.40
20190215,0.918,0.924,0.900,0.903,36900,33437.50
20190218,0.912,0.927,0.905,0.912,89500,81760.30
20190219,0.925,0.925,0.910,0.915,51700,47233.40
20190220,0.912,0.912,0.900,0.904,100901,91263.30
20190221,0.902,0.905,0.901,0.901,203506,183577.81
20190222,0.905,0.906,0.901,0.906,93300,84343.40
20190225,0.902,0.907,0.897,0.902,338505,305133.00
20190226,0.909,0.909,0.891,0.897,233556,209358.02
20190227,0.896,0.902,0.891,0.897,159000,142501.00
20190228,0.896,0.896,0.892,0.895,70400,62952.60
20190301,0.895,0.899,0.895,0.897,31100,27933.40
20190304,0.897,0.898,0.893,0.898,385101,344964.25
20190305,0.893,0.897,0.893,0.896,14100,12634.60
20190306,0.904,0.909,0.897,0.902,640203,579592.56
20190307,0.909,0.927,0.909,0.918,289108,265458.41
20190308,0.917,0.919,0.911,0.915,186000,170435.19
20190311,0.914,0.928,0.914,0.925,149606,138258.88
20190312,0.931,0.941,0.931,0.936,206100,193551.48
20190313,0.943,0.949,0.943,0.944,121701,115057.95
20190314,0.948,0.950,0.943,0.949,96802,91490.89
20190315,0.958,0.958,0.950,0.956,81300,77572.30
20190318,0.955,0.959,0.955,0.955,158600,151920.41
20190319,0.960,0.970,0.956,0.962,314252,301703.44
20190320,0.969,0.975,0.969,0.975,223052,216957.78
20190321,0.980,0.985,0.975,0.976,112100,109987.30
20190322,0.975,0.976,0.969,0.974,210303,204791.02
20190325,0.970,0.970,0.945,0.949,92500,88718.70
20190326,0.957,0.957,0.945,0.953,161400,153166.09
20190327,0.958,0.968,0.958,0.958,26600,25544.50
20190328,0.959,0.968,0.955,0.955,49800,47675.60
20190329,0.974,0.974,0.965,0.970,55300,53542.64
20190401,0.975,0.977,0.970,0.975,101701,99179.77
20190402,0.983,0.983,0.977,0.979,258900,253820.91
20190403,0.974,0.983,0.974,0.983,223674,219288.39
20190404,0.983,0.983,0.979,0.983,431928,424299.91
20190408,0.984,0.984,0.972,0.972,214002,209519.55
20190409,0.971,0.975,0.964,0.964,93300,90465.70
20190410,0.970,0.977,0.965,0.968,87284,84728.41
20190411,0.968,0.975,0.965,0.975,187000,181651.50
20190412,0.978,0.979,0.976,0.976,33700,32955.38
20190415,0.985,0.987,0.980,0.987,81901,80704.28
20190416,0.980,0.997,0.975,0.995,142706,141766.56
20190417,0.996,0.999,0.996,0.999,65400,65293.40
20190418,0.978,0.999,0.978,0.995,24600,24098.80
20190419,0.982,0.998,0.982,0.985,39200,38921.00
20190422,0.989,0.989,0.971,0.974,60700,59804.00
20190423,0.964,0.987,0.963,0.987,25200,24441.80
20190424,0.988,0.990,0.988,0.989,9000,8901.30
20190425,0.989,0.993,0.920,0.974,231303,224420.78
20190429,0.979,0.979,0.967,0.976,89960,87565.23
20190430,0.979,0.979,0.979,0.979,1100,1076.90
20190506,0.962,0.967,0.933,0.964,123725,119152.96
20190507,0.961,0.974,0.961,0.974,4200,4046.60
20190508,0.949,0.970,0.949,0.957,122200,116640.20
20190509,0.958,0.960,0.957,0.957,6500,6222.10
20190510,0.950,0.964,0.947,0.963,27023,25773.67
20190513,0.926,0.961,0.926,0.961,10900,10281.90
20190514,0.977,0.977,0.969,0.969,1300,1266.90
20190515,0.968,0.968,0.967,0.967,17668,17087.96
20190516,0.948,0.965,0.948,0.965,11397,10817.35
20190517,0.969,0.976,0.969,0.970,17600,17067.30
20190520,0.982,0.999,0.970,0.973,71800,70769.77
20190521,0.999,1.000,0.981,0.999,367900,367258.72
20190522,1.010,1.010,0.991,0.992,40900,40780.20
20190523,0.996,1.019,0.996,1.018,1012100,1022956.94
20190524,1.018,1.048,0.975,1.046,1271091,1305001.25
20190527,1.055,1.055,1.010,1.041,1006779,1043682.06
20190528,1.020,1.038,1.006,1.011,676100,689836.69
20190529,1.011,1.012,0.997,1.007,456590,458784.22
20190530,1.007,1.014,0.997,1.014,231734,233688.88
20190531,1.014,1.017,1.007,1.016,266705,270701.97
20190603,1.010,1.020,1.002,1.018,121800,123332.00
20190604,1.015,1.032,1.015,1.020,329902,337616.34
20190605,1.020,1.037,1.020,1.035,430703,444933.16
20190606,1.035,1.035,1.020,1.020,198900,204157.09
20190610,1.021,1.021,1.011,1.016,291127,295919.00
20190611,1.016,1.023,1.009,1.012,591832,598854.25
20190612,1.012,1.012,1.006,1.012,228300,230400.77
20190613,1.012,1.012,1.002,1.009,123104,123955.72
20190614,1.009,1.012,1.005,1.009,54228,54652.05
20190617,1.008,1.008,0.982,0.998,281995,281362.91
20190618,0.998,0.998,0.987,0.990,226254,224138.00
20190619,0.991,1.002,0.991,0.994,364154,362525.31
20190620,0.999,1.016,0.999,1.005,196450,197172.53
20190621,1.000,1.005,0.999,1.004,176165,176439.81
20190624,1.000,1.000,0.991,0.996,86300,85961.10
20190625,0.991,1.000,0.981,0.996,184602,182690.67
20190626,0.984,1.001,0.984,0.987,140782,140025.83
20190627,0.994,1.004,0.994,1.001,203878,203719.09
20190628,1.000,1.000,0.994,0.996,74259,73928.59
20190701,1.005,1.005,0.996,1.000,394814,394351.38
20190702,1.000,1.000,0.988,0.995,276996,275235.13
20190703,0.997,1.001,0.997,0.999,273611,273341.50
20190704,1.005,1.006,0.999,1.004,101673,101814.70
20190705,1.000,1.004,1.000,1.000,210885,211196.95
20190708,0.996,0.999,0.986,0.987,235673,233227.45
20190709,0.988,0.993,0.984,0.987,186600,183915.41
20190710,0.983,0.986,0.983,0.985,87900,86573.00
20190711,0.981,0.993,0.981,0.992,95500,94596.60
20190712,0.991,0.992,0.991,0.992,53700,53269.20
20190715,0.994,0.994,0.984,0.987,71582,70617.23
20190716,0.987,0.988,0.987,0.988,95272,94034.96
20190717,0.989,0.989,0.987,0.989,36200,35793.40
20190718,0.982,0.989,0.981,0.984,16000,15791.40
20190719,0.983,0.987,0.983,0.983,132188,130130.49
20190722,0.976,0.982,0.963,0.976,77282,75338.87
20190723,0.967,0.975,0.967,0.971,108801,105579.37
20190724,0.964,0.976,0.963,0.974,279601,269811.66
20190725,0.978,0.983,0.965,0.967,144064,139328.36
20190726,0.966,0.967,0.963,0.966,72100,69575.20
20190729,0.966,0.966,0.956,0.960,58900,56547.50
20190730,0.965,0.965,0.960,0.962,89229,85825.27
20190731,0.961,0.961,0.955,0.960,84900,81158.30
20190801,0.960,0.960,0.943,0.945,227194,215363.44
20190802,0.939,0.939,0.932,0.935,152085,142208.91
20190805,0.935,0.935,0.933,0.933,72400,67604.90
20190806,0.909,0.925,0.908,0.916,292801,267549.31
20190807,0.911,0.919,0.911,0.916,152927,139994.20
20190808,0.914,0.928,0.913,0.919,316081,289464.84
20190809,0.935,0.935,0.925,0.935,192281,178846.05
20190812,0.934,0.952,0.932,0.951,113000,105970.61
20190813,0.943,0.943,0.931,0.931,103417,96559.33
20190814,0.947,0.947,0.931,0.940,255200,239607.59
20190815,0.927,0.936,0.913,0.936,97327,89665.83
20190816,0.927,0.930,0.921,0.929,143400,132776.09
20190819,0.938,0.939,0.921,0.933,49104,45901.93
20190820,0.931,0.932,0.931,0.932,81800,76226.80
20190821,0.934,0.934,0.923,0.931,12500,11660.80
20190822,0.931,0.932,0.923,0.925,55300,51179.00
20190823,0.921,0.927,0.917,0.920,167269,153936.19
20190826,0.924,0.935,0.915,0.931,175691,162473.39
20190827,0.939,0.939,0.934,0.938,65300,61151.62
20190828,0.932,0.937,0.912,0.933,137500,127671.16
20190829,0.947,0.947,0.925,0.930,63000,58542.50
20190830,0.931,0.932,0.923,0.923,80900,75140.80
20190902,0.930,0.939,0.924,0.938,193850,181208.50
20190903,0.938,0.938,0.931,0.931,314873,294116.44
20190904,0.922,0.930,0.922,0.925,91500,84676.60
20190905,0.925,0.932,0.925,0.928,134501,124889.59
20190906,0.928,0.934,0.926,0.931,274917,255868.72
20190909,0.933,0.942,0.932,0.941,237900,223358.20
20190910,0.941,0.941,0.937,0.939,98100,92105.40
20190911,0.944,0.944,0.938,0.941,122848,115508.32
20190912,0.946,0.947,0.943,0.947,30202,28564.99
20190916,0.949,0.968,0.949,0.960,232299,222637.41
20190917,0.960,0.960,0.942,0.949,339900,323495.41
20190918,0.949,0.953,0.939,0.953,164934,156077.47
20190919,0.952,0.952,0.933,0.942,130886,122973.71
20190920,0.942,0.974,0.933,0.964,1199402,1141445.25
20190923,0.971,0.993,0.969,0.987,870470,853090.56
20190924,0.989,0.989,0.973,0.986,399220,391464.13
20190925,0.964,0.981,0.963,0.976,103468,100586.63
20190926,0.979,0.980,0.964,0.975,118500,115033.60
20190927,0.975,0.982,0.967,0.982,162900,158668.70
20190930,0.981,0.982,0.971,0.974,273400,266868.59
20191008,0.969,0.969,0.946,0.952,135600,129176.70
20191009,0.952,0.955,0.947,0.955,126300,119779.90
20191010,0.975,0.975,0.955,0.959,249200,238210.20
20191011,0.965,0.965,0.955,0.962,88400,84836.70
20191014,0.978,0.978,0.957,0.963,30300,29123.80
20191015,0.954,0.963,0.952,0.963,204700,196108.50
20191016,0.960,0.977,0.960,0.963,90502,87489.73
20191017,0.967,0.968,0.961,0.965,90800,87447.60
20191018,0.980,0.981,0.966,0.966,211686,205710.94
20191021,0.971,0.981,0.966,0.981,165474,160732.94
20191022,0.981,0.981,0.975,0.981,42900,41936.70
20191023,0.961,0.973,0.961,0.973,32200,31195.50
20191024,0.967,0.981,0.966,0.968,161400,157026.50
20191025,0.970,0.972,0.965,0.971,8000,7738.40
20191028,0.980,0.980,0.971,0.973,127900,124679.30
20191029,0.979,0.999,0.978,0.988,1473381,1458114.50
20191030,0.989,1.009,0.985,1.006,2203320,2182076.00
20191031,1.004,1.004,0.987,0.999,1561616,1550529.50
20191101,0.995,0.995,0.987,0.991,568700,563563.63
20191104,0.992,0.999,0.954,0.990,1872300,1856780.00
20191105,0.992,0.993,0.981,0.987,117200,115926.60
20191106,0.989,0.993,0.980,0.985,199612,196523.03
20191107,0.990,0.991,0.990,0.990,45300,44868.50
20191108,0.986,0.988,0.983,0.983,36100,35568.00
20191111,0.979,0.983,0.971,0.975,65400,63934.90
20191112,0.983,0.985,0.980,0.981,14700,14449.60
20191113,0.981,0.981,0.980,0.980,86300,84590.30
20191114,0.980,0.988,0.967,0.976,98200,95895.70
20191115,0.981,0.988,0.974,0.974,133050,130655.90
20191118,0.980,0.982,0.966,0.966,5400,5277.50
20191119,0.967,0.983,0.966,0.968,67969,65915.66
20191120,0.968,0.982,0.968,0.979,37800,36964.30
20191121,0.974,0.976,0.974,0.976,700,682.20
20191122,0.980,0.980,0.969,0.969,65600,63725.60
20191125,0.963,0.985,0.963,0.978,290941,283643.59
20191126,0.979,0.985,0.976,0.985,54791,53688.35
20191127,0.984,0.986,0.981,0.985,67500,66431.80
20191128,0.989,0.990,0.986,0.987,57200,56480.30
20191129,0.988,0.989,0.983,0.985,327400,321918.41
20191202,0.985,0.987,0.982,0.985,104000,102402.40
20191203,0.972,0.984,0.972,0.983,129500,126232.50
20191204,0.990,0.990,0.984,0.984,4800,4727.10
20191205,0.984,0.984,0.975,0.983,24200,23806.30
20191206,0.976,0.983,0.976,0.983,84100,82483.80
20191209,0.987,0.987,0.981,0.983,14800,14548.50
20191210,0.978,0.984,0.978,0.984,20000,19583.80
20191211,0.983,0.984,0.972,0.978,47700,46464.10
20191212,0.975,0.982,0.974,0.980,91300,89230.80
20191213,0.986,0.990,0.983,0.989,103800,102324.17
20191216,0.987,0.992,0.982,0.986,329600,324317.81
20191217,0.983,0.990,0.982,0.985,1283100,1263755.38
20191218,0.984,0.986,0.982,0.984,205900,202700.70
20191219,0.987,0.988,0.985,0.985,31000,30622.80
20191220,0.989,0.992,0.987,0.987,115800,114654.58
20191223,0.992,0.994,0.987,0.987,260384,258085.78
20191224,0.993,0.995,0.987,0.993,120500,119654.69
20191225,0.987,0.990,0.986,0.987,23100,22822.70
20191226,0.987,0.991,0.987,0.990,83400,82333.70
20191227,0.987,0.988,0.986,0.986,44300,43701.90
20191230,0.990,0.994,0.987,0.991,32800,32479.20
20191231,0.990,0.990,0.986,0.989,34000,33577.40
20200102,0.989,0.989,0.986,0.986,448399,442179.31
20200103,0.993,0.993,0.985,0.987,128842,127376.42
20200106,0.986,0.986,0.978,0.980,314968,309158.78
20200107,0.980,0.982,0.979,0.982,55400,54317.90
20200108,0.979,0.979,0.973,0.974,180900,176305.41
20200109,0.975,0.988,0.975,0.983,84411,82862.55
20200110,0.985,0.991,0.982,0.984,90705,89496.74
20200113,0.984,0.997,0.984,0.989,256401,254619.69
20200114,0.990,0.994,0.988,0.989,100278,99379.65
20200115,0.988,0.993,0.987,0.990,56600,56132.20
20200116,0.988,0.989,0.987,0.989,2200,2172.90
20200117,0.988,0.998,0.986,0.997,344654,341281.84
20200120,0.997,0.997,0.990,0.995,19400,19319.40
20200121,0.994,0.994,0.989,0.994,96600,95846.50
20200122,0.989,0.997,0.985,0.990,18100,17882.00
20200123,0.990,0.994,0.979,0.980,486533,478694.13
20200203,0.935,0.988,0.921,0.944,502900,477402.09
20200204,0.969,0.982,0.928,0.973,281361,269816.41
20200205,0.970,0.993,0.965,0.974,61100,59798.50
20200206,0.990,0.990,0.974,0.988,174500,171527.20
20200207,0.983,0.989,0.983,0.987,46900,46270.40
20200210,0.986,0.989,0.982,0.986,38900,38283.20
20200211,0.985,0.994,0.982,0.993,410029,406480.47
20200212,0.993,1.000,0.993,0.994,284500,283711.19
20200213,0.989,0.995,0.987,0.990,55200,54627.90
20200214,0.990,0.993,0.988,0.991,75800,75020.80
20200217,0.988,0.988,0.982,0.988,90200,89028.10
20200218,0.984,0.990,0.980,0.983,79700,78277.20
20200219,0.985,0.985,0.982,0.985,44900,44144.90
20200220,0.985,0.986,0.983,0.986,44300,43643.00
20200221,0.983,0.992,0.970,0.982,87600,85776.00
20200224,0.974,0.976,0.971,0.975,85600,83229.90
20200225,0.967,1.000,0.960,0.976,189600,185906.41
20200226,0.971,0.974,0.945,0.958,220900,211449.59
20200227,0.954,0.959,0.950,0.955,87684,83801.70
20200228,0.942,0.948,0.935,0.935,466185,439063.09
20200302,0.943,1.000,0.916,0.940,131960,124255.18
20200303,0.946,0.958,0.926,0.931,422700,396836.91
20200304,0.932,0.932,0.923,0.926,146700,135972.30
20200305,0.929,0.940,0.925,0.940,403968,374838.84
20200306,0.917,0.940,0.895,0.901,887336,802900.13
20200309,0.879,0.893,0.865,0.867,560406,489968.03
20200310,0.856,0.865,0.839,0.864,573567,487762.56
20200311,0.864,0.868,0.835,0.838,617884,522820.16
20200312,0.835,0.835,0.784,0.794,811570,649569.94
20200313,0.750,0.784,0.733,0.774,966770,734846.56
20200316,0.785,0.786,0.734,0.747,629800,474113.69
20200317,0.748,0.755,0.743,0.749,342069,256066.42
20200318,0.763,0.763,0.726,0.726,715289,531342.25
20200319,0.724,0.735,0.705,0.719,298642,213912.44
20200320,0.721,0.750,0.720,0.745,161574,118319.09
20200323,0.731,0.731,0.675,0.678,1821829,1255793.63
20200324,0.689,0.703,0.673,0.693,1815413,1246556.75
20200325,0.707,0.759,0.707,0.750,1369644,1014308.44
20200326,0.710,0.748,0.700,0.725,3826473,2750078.50
20200327,0.737,0.738,0.710,0.717,6327990,4557044.50
20200330,0.686,0.701,0.680,0.686,9025761,6206909.50
20200331,0.689,0.696,0.687,0.690,5909097,4082142.00
20200401,0.690,0.690,0.669,0.671,6804985,4610021.50
20200402,0.661,0.671,0.659,0.667,10373155,6886844.00
20200403,0.672,0.672,0.650,0.654,5712221,3771598.50
20200407,0.678,0.700,0.674,0.695,14160136,9685132.00
20200408,0.690,0.719,0.688,0.707,11244620,7930947.00
20200409,0.715,0.728,0.709,0.727,8884780,6399328.00
20200410,0.727,0.733,0.719,0.731,5227116,3793384.75
20200413,0.726,0.729,0.716,0.719,2502506,1806800.00
20200414,0.727,0.735,0.721,0.734,4564500,3334527.75
20200415,0.737,0.749,0.737,0.742,6764835,5018802.50
20200416,0.725,0.731,0.713,0.728,5912938,4258583.00
20200417,0.748,0.748,0.732,0.735,7501730,5545029.50
20200420,0.739,0.744,0.735,0.739,3249471,2400458.50
20200421,0.735,0.737,0.715,0.719,3785342,2728724.00
20200422,0.713,0.723,0.696,0.720,3683926,2631368.00
20200423,0.732,0.740,0.728,0.737,2765998,2028691.25
20200424,0.739,0.739,0.731,0.737,2013389,1480571.63
20200427,0.738,0.752,0.735,0.746,4002982,2979848.25
20200428,0.746,0.767,0.740,0.746,3581021,2671057.75
20200429,0.748,0.760,0.748,0.760,3037831,2293232.50
20200430,0.774,0.811,0.774,0.806,3592197,2843514.50
20200506,0.771,0.778,0.761,0.777,7364515,5687566.00
20200507,0.776,0.776,0.763,0.767,1579721,1213131.25
20200508,0.776,0.777,0.768,0.772,1657880,1283159.38
20200511,0.776,0.785,0.775,0.778,1359459,1058694.50
20200512,0.760,0.765,0.750,0.754,7221654,5455191.50
20200513,0.765,0.780,0.763,0.772,6373728,4897353.50
20200514,0.760,0.767,0.757,0.758,2055502,1562729.88
20200515,0.760,0.765,0.756,0.758,2236651,1701282.63
20200518,0.757,0.760,0.740,0.745,4779589,3580767.75
20200519,0.752,0.766,0.750,0.761,4548215,3444184.00
20200520,0.754,0.754,0.741,0.747,3736962,2797763.25
20200521,0.758,0.761,0.752,0.756,3350568,2537163.25
20200522,0.751,0.757,0.743,0.744,2170703,1625276.88
20200525,0.747,0.754,0.745,0.753,1664853,1247125.50
20200526,0.760,0.770,0.756,0.765,2742611,2094171.38
20200527,0.760,0.767,0.755,0.767,2575341,1958100.25
20200528,0.776,0.791,0.776,0.789,3566944,2802104.25
20200529,0.788,0.789,0.777,0.781,2478155,1942848.50
20200601,0.787,0.808,0.787,0.808,3213259,2562117.25
20200602,0.809,0.820,0.807,0.813,2859752,2321781.00
20200603,0.827,0.843,0.825,0.842,3632409,3029146.50
20200604,0.842,0.858,0.822,0.834,6583999,5566725.50
20200605,0.830,0.854,0.830,0.848,4392378,3705617.25
20200608,0.855,0.874,0.842,0.870,5353850,4590747.00
20200609,0.856,0.871,0.847,0.864,9127313,7850673.50
20200610,0.840,0.855,0.839,0.844,8205649,6948223.50
20200611,0.835,0.839,0.810,0.814,9573546,7897708.00
20200612,0.766,0.794,0.766,0.786,15149047,11842825.00
20200615,0.805,0.805,0.778,0.785,9924602,7865148.00
20200616,0.802,0.816,0.802,0.810,11626357,9422840.00
20200617,0.808,0.808,0.791,0.803,7849038,6272974.50
20200618,0.796,0.803,0.792,0.803,5008877,3997447.00
20200619,0.818,0.818,0.807,0.816,5852061,4754941.00
20200622,0.819,0.824,0.816,0.820,3683969,3017650.50
20200623,0.828,0.835,0.820,0.835,6752569,5610905.00
20200624,0.845,0.848,0.840,0.843,5972344,5034352.00
20200629,0.830,0.830,0.820,0.823,4201336,3462906.00
20200630,0.831,0.837,0.828,0.831,4868144,4052373.00
20200701,0.831,0.839,0.827,0.838,4675860,3885160.00
20200702,0.842,0.846,0.840,0.845,4313001,3638024.00
20200703,0.855,0.857,0.850,0.856,5251149,4481136.50
20200706,0.856,0.866,0.854,0.865,4347983,3746837.50
20200707,0.870,0.871,0.851,0.864,4809247,4145746.75
20200708,0.864,0.870,0.862,0.864,2923845,2530554.75
20200709,0.861,0.864,0.855,0.857,5891528,5052020.50
20200710,0.857,0.858,0.846,0.848,2038480,1737057.00
20200713,0.854,0.861,0.854,0.855,3045793,2612397.75
20200714,0.855,0.855,0.843,0.845,3721432,3152677.50
20200715,0.848,0.863,0.848,0.859,3153416,2697062.75
20200716,0.858,0.858,0.848,0.851,2299481,1958655.50
20200717,0.860,0.868,0.856,0.865,2213085,1911095.13
20200720,0.869,0.877,0.867,0.875,2162987,1886326.13
20200721,0.888,0.900,0.880,0.895,2083190,1859400.38
20200722,0.900,0.902,0.888,0.893,2744454,2449366.50
20200723,0.900,0.900,0.892,0.898,1531881,1371929.50
20200724,0.893,0.895,0.881,0.884,1492310,1322403.63
20200727,0.893,0.905,0.890,0.893,2078464,1863072.38
20200728,0.897,0.903,0.897,0.900,3170633,2849900.75
20200729,0.903,0.906,0.900,0.905,1557700,1406989.88
20200730,0.901,0.910,0.896,0.910,1400536,1265000.63
20200731,0.897,0.908,0.895,0.897,1425315,1280940.50
20200803,0.894,0.896,0.883,0.890,2130693,1895247.88
20200804,0.893,0.893,0.883,0.890,1628172,1444880.88
20200805,0.897,0.900,0.894,0.897,1459056,1308726.00
20200806,0.899,0.901,0.895,0.901,760885,684292.25
20200807,0.905,0.909,0.899,0.903,745420,672968.13
20200810,0.904,0.910,0.900,0.910,1278615,1157986.50
20200811,0.914,0.920,0.910,0.915,818830,749696.75
20200812,0.915,0.915,0.906,0.910,639709,581285.56
20200813,0.917,0.919,0.914,0.915,731932,671153.19
20200814,0.914,0.926,0.907,0.919,590911,541519.75
20200817,0.910,0.917,0.909,0.913,1775188,1618704.00
20200818,0.917,0.917,0.913,0.916,829522,758877.50
20200819,0.918,0.922,0.918,0.920,779069,716519.94
20200820,0.916,0.917,0.910,0.911,825340,752511.81
20200821,0.912,0.918,0.912,0.918,720620,660220.75
20200824,0.913,0.925,0.913,0.924,818970,753045.06
20200825,0.926,0.939,0.923,0.929,757301,704257.63
20200826,0.929,0.929,0.925,0.926,553658,512602.88
20200827,0.930,0.934,0.927,0.932,1105488,1028956.63
20200828,0.933,0.940,0.931,0.940,980629,916173.50
20200831,0.945,0.950,0.943,0.945,1369500,1296753.13
20200901,0.939,0.939,0.918,0.931,2546372,2362663.75
20200902,0.931,0.936,0.927,0.929,1462657,1361806.75
20200903,0.929,0.934,0.927,0.929,682128,634936.69
20200904,0.919,0.919,0.910,0.916,1521396,1390154.13
20200907,0.916,0.916,0.904,0.911,340739,309845.50
20200908,0.918,0.919,0.912,0.916,569371,521850.84
20200909,0.905,0.909,0.894,0.894,1135600,1024064.19
20200910,0.905,0.917,0.904,0.916,2172841,1981535.38
20200911,0.916,0.918,0.910,0.913,472799,432134.19
20200914,0.926,0.934,0.915,0.927,1621406,1501001.00
20200915,0.929,0.933,0.923,0.932,399604,370879.06
20200916,0.932,0.933,0.929,0.929,286700,266758.31
20200917,0.933,0.937,0.926,0.931,580724,538839.06
20200918,0.928,0.933,0.928,0.933,343045,318790.34
20200921,0.928,0.928,0.920,0.923,631100,581333.88
20200922,0.915,0.915,0.903,0.905,1584037,1436690.50
20200923,0.903,0.908,0.903,0.906,411800,373274.81
20200924,0.903,0.903,0.882,0.885,1094886,973147.88
20200925,0.888,0.890,0.883,0.884,864484,766361.00
20200928,0.890,0.900,0.890,0.899,611000,548191.13
20200929,0.907,0.910,0.903,0.904,1010675,917530.38
20200930,0.907,0.908,0.898,0.905,385669,349055.59
20201009,0.933,0.951,0.933,0.944,2720465,2573269.50
20201012,0.949,0.951,0.943,0.949,768191,728407.38
20201013,0.949,0.950,0.944,0.949,235072,222686.52
20201014,0.945,0.945,0.929,0.931,961895,897085.25
20201015,0.936,0.939,0.933,0.936,1235960,1156857.13
20201016,0.930,0.935,0.927,0.932,1023948,952452.69
20201019,0.932,0.935,0.929,0.932,532948,496486.09
20201020,0.932,0.938,0.926,0.934,335860,312359.84
20201021,0.933,0.970,0.931,0.939,369549,346339.66
20201022,0.934,0.937,0.925,0.928,396495,367713.91
20201023,0.928,0.929,0.926,0.928,213700,198240.70
20201026,0.928,0.928,0.920,0.920,163213,150631.38
20201027,0.922,0.922,0.915,0.919,214349,196816.58
20201028,0.924,0.924,0.914,0.917,283600,259916.00
20201029,0.902,0.914,0.901,0.903,228187,206604.97
20201030,0.901,0.905,0.895,0.903,468000,422291.09
20201102,0.904,0.910,0.899,0.903,364400,328501.19
20201103,0.904,0.915,0.904,0.910,413316,374983.13
20201104,0.911,0.925,0.909,0.913,546111,499002.47
20201105,0.922,0.928,0.916,0.928,578281,533384.25
20201106,0.930,0.932,0.925,0.930,658551,610987.44
20201109,0.938,0.942,0.937,0.940,404536,379926.81
20201110,0.950,0.959,0.945,0.951,1135935,1081638.38
20201111,0.955,0.955,0.944,0.947,917651,870173.63
20201112,0.946,0.950,0.940,0.942,304258,287785.78
20201113,0.942,0.942,0.935,0.940,222668,208895.20
20201116,0.950,0.955,0.944,0.950,371221,351953.97
20201117,0.955,0.958,0.951,0.958,401542,383548.63
20201118,0.960,0.972,0.953,0.953,807827,774574.88
20201119,0.950,0.957,0.950,0.957,238065,227144.38
20201120,0.950,0.955,0.941,0.949,342010,324193.66
20201123,0.949,0.953,0.948,0.950,671100,637246.69
20201124,0.954,0.963,0.953,0.960,886327,848065.44
20201125,0.962,0.973,0.962,0.970,847849,820376.00
20201126,0.969,0.969,0.959,0.960,809500,778962.00
20201127,0.964,0.970,0.961,0.965,532500,515330.19
20201130,0.966,0.974,0.956,0.963,1803700,1733518.13
20201201,0.960,0.969,0.959,0.967,817558,788138.50
20201202,0.970,0.977,0.970,0.972,1391357,1352075.00
20201203,0.976,0.981,0.974,0.981,796271,777870.06
20201204,0.981,0.988,0.981,0.987,191900,189175.80
20201207,0.990,0.992,0.981,0.992,635406,627979.88
20201208,0.993,1.000,0.992,0.998,475300,473742.19
20201209,0.998,1.006,0.998,1.004,788339,791147.31
20201210,1.004,1.010,0.996,0.997,809732,808675.94
20201211,0.999,1.007,0.999,1.003,998900,1000201.38
20201214,1.003,1.003,0.997,1.001,525332,525330.13
20201215,1.002,1.005,0.995,0.998,178300,178087.80
20201216,1.005,1.014,1.004,1.014,685076,691102.94
20201217,1.015,1.017,1.011,1.014,274500,278075.19
20201218,1.020,1.020,1.013,1.016,301369,305971.88
20201221,1.014,1.018,1.013,1.015,503100,510780.19
20201222,1.005,1.005,0.982,0.988,1526300,1513730.50
20201223,0.990,1.000,0.990,0.999,486100,484686.91
20201224,1.008,1.013,1.003,1.013,421927,425886.47
20201225,1.013,1.025,1.013,1.018,362100,369438.50
20201228,1.017,1.025,1.017,1.022,589136,601068.38
20201229,1.028,1.031,1.023,1.029,831315,854461.00
20201230,1.027,1.036,1.026,1.027,866472,891410.56
20201231,1.028,1.033,1.027,1.030,480500,494661.09
20210104,1.038,1.038,1.029,1.032,859498,886726.56
20210105,1.034,1.036,1.028,1.036,480018,495530.38
20210106,1.038,1.050,1.038,1.050,660414,690944.81
20210107,1.050,1.050,1.043,1.048,640006,669638.75
20210108,1.048,1.056,1.046,1.056,815399,857534.88
20210111,1.063,1.069,1.062,1.068,726710,774112.13
20210112,1.068,1.070,1.062,1.070,309210,329903.97
20210113,1.071,1.088,1.068,1.071,609105,655113.94
20210114,1.088,1.088,1.068,1.083,596343,641749.44
20210115,1.068,1.082,1.066,1.069,740066,792078.44
20210118,1.055,1.089,1.052,1.057,852528,903445.25
20210119,1.058,1.074,1.054,1.071,729133,775021.63
20210120,1.051,1.072,1.051,1.069,533706,569806.50
20210121,1.074,1.079,1.069,1.077,738600,793585.19
20210122,1.072,1.076,1.065,1.067,889200,949708.31
20210125,1.067,1.069,1.056,1.058,1525764,1619936.25
20210126,1.051,1.051,1.031,1.036,1198502,1247126.88
20210127,1.052,1.052,1.036,1.036,866433,902467.81
20210128,1.027,1.027,1.011,1.017,1209889,1232204.75
20210129,1.025,1.030,1.022,1.024,2954800,3033182.50
20210201,1.031,1.046,1.015,1.039,1210457,1244685.63
20210202,1.054,1.091,1.054,1.078,1709162,1824909.13
20210203,1.085,1.085,1.060,1.074,387006,416804.53
20210204,1.073,1.080,1.062,1.075,401830,430064.81
20210205,1.078,1.085,1.078,1.084,363601,393783.50
20210208,1.081,1.089,1.079,1.086,568954,617264.44
20210209,1.090,1.098,1.087,1.098,1026520,1121494.25
20210210,1.086,1.097,1.086,1.093,764479,835743.38
20210218,1.095,1.121,1.088,1.098,947286,1037840.19
20210219,1.097,1.098,1.085,1.097,609700,666850.88
20210222,1.097,1.100,1.088,1.088,639300,698721.88
20210223,1.089,1.098,1.085,1.095,511269,558471.00
20210224,1.093,1.096,1.081,1.085,819866,895050.19
20210225,1.094,1.136,1.094,1.121,485838,541102.81
20210226,1.085,1.110,1.081,1.081,1485200,1631398.50
20210301,1.073,1.098,1.073,1.095,437316,478537.38
20210302,1.105,1.114,1.091,1.091,1257400,1376940.50
20210303,1.101,1.119,1.101,1.113,996100,1104381.50
20210304,1.096,1.111,1.096,1.105,327953,361092.66
20210305,1.080,1.112,1.080,1.106,1956343,2137552.50
20210308,1.112,1.116,1.105,1.110,393389,437000.53
20210309,1.111,1.116,1.082,1.114,326069,362515.19
20210310,1.124,1.124,1.116,1.119,391660,438232.31
20210311,1.129,1.146,1.121,1.145,1488900,1690150.25
20210312,1.145,1.168,1.100,1.143,807612,923854.38
20210315,1.140,1.140,1.113,1.115,1239700,1395103.63
20210316,1.116,1.127,1.116,1.122,341455,383097.69
20210317,1.118,1.122,1.113,1.117,283400,316685.50
20210318,1.110,1.119,1.110,1.119,2072669,2313891.25
20210319,1.101,1.105,1.090,1.100,1281297,1406870.13
20210322,1.102,1.116,1.097,1.108,1108314,1226277.88
20210323,1.108,1.116,1.105,1.108,1257137,1393153.00
20210324,1.108,1.114,1.092,1.100,1738663,1918869.50
20210325,1.100,1.100,1.080,1.083,1001445,1086890.88
20210326,1.091,1.105,1.090,1.100,602063,659095.63
20210329,1.094,1.105,1.092,1.101,685463,753745.56
20210330,1.111,1.119,1.085,1.107,898516,992888.75
20210331,1.113,1.113,1.100,1.101,447529,494471.47
20210401,1.101,1.106,1.101,1.103,449071,494878.88
20210402,1.106,1.116,1.106,1.116,782475,869475.50
20210406,1.108,1.108,1.097,1.107,1431300,1583129.00
20210407,1.109,1.115,1.103,1.114,435500,483100.00
20210408,1.111,1.113,1.106,1.110,1344968,1492348.50
20210409,1.110,1.110,1.101,1.106,344900,381017.50
20210412,1.101,1.107,1.068,1.070,2170300,2355264.25
20210413,1.067,1.081,1.067,1.073,1269363,1363595.00
20210414,1.074,1.098,1.074,1.085,885431,965014.00
20210415,1.086,1.086,1.070,1.078,737265,793002.00
20210416,1.077,1.087,1.077,1.083,664266,718270.19
20210419,1.082,1.082,1.061,1.071,1761926,1884403.88
20210420,1.065,1.074,1.064,1.069,601345,643691.06
20210421,1.058,1.058,1.041,1.044,1300131,1359738.25
20210422,1.045,1.052,1.042,1.045,853610,892031.81
20210423,1.043,1.050,1.040,1.048,836691,875108.94
20210426,1.045,1.065,1.041,1.062,2141647,2256482.25
20210427,1.055,1.067,1.055,1.067,1211194,1286616.63
20210428,1.065,1.080,1.063,1.075,3162638,3396048.25
20210429,1.074,1.087,1.072,1.078,1807469,1949519.25
20210430,1.073,1.074,1.067,1.070,1004907,1074237.13
20210506,1.058,1.070,1.058,1.068,1202183,1282180.63
20210507,1.074,1.089,1.074,1.085,1440978,1558729.00
20210510,1.096,1.100,1.087,1.099,1229141,1345953.13
20210511,1.088,1.093,1.074,1.086,1086681,1175679.13
20210512,1.083,1.085,1.077,1.079,545797,589187.69
20210513,1.072,1.072,1.057,1.060,1677910,1780926.00
20210514,1.064,1.080,1.064,1.073,567800,608789.69
20210517,1.080,1.089,1.080,1.089,503386,545397.25
20210518,1.092,1.100,1.092,1.099,606091,664888.19
20210519,1.099,1.099,1.092,1.097,228769,250347.39
20210520,1.097,1.099,1.096,1.099,258679,283885.38
20210521,1.100,1.106,1.099,1.104,499886,551071.38
20210524,1.107,1.115,1.105,1.113,1088237,1209573.75
20210525,1.117,1.124,1.114,1.120,744737,835045.06
20210526,1.122,1.122,1.113,1.117,255816,285684.53
20210527,1.125,1.125,1.118,1.120,353922,396455.94
20210528,1.120,1.124,1.120,1.123,432627,485633.72
20210531,1.123,1.127,1.116,1.122,462707,518495.50
20210601,1.123,1.126,1.114,1.118,668900,748631.38
20210602,1.121,1.121,1.116,1.117,292155,326543.13
20210603,1.120,1.131,1.120,1.130,1018452,1146796.00
20210604,1.131,1.138,1.131,1.136,984981,1118760.63
20210607,1.139,1.150,1.139,1.150,1049438,1202910.63
20210608,1.159,1.159,1.139,1.150,979514,1126859.25
20210609,1.150,1.162,1.150,1.162,1260565,1458217.63
20210610,1.158,1.160,1.143,1.159,1025823,1188090.50
20210611,1.158,1.167,1.151,1.167,448296,521867.03
20210615,1.163,1.177,1.163,1.177,793214,929366.94
20210616,1.168,1.170,1.155,1.160,1542877,1792599.38
20210617,1.152,1.156,1.146,1.155,1885422,2174490.50
20210618,1.150,1.150,1.138,1.142,1571913,1795153.13
20210621,1.136,1.140,1.123,1.133,947039,1072691.88
20210622,1.132,1.150,1.132,1.149,799725,917238.94
20210623,1.148,1.156,1.147,1.151,1440390,1661844.00
20210624,1.152,1.160,1.141,1.158,668885,770748.63
20210625,1.158,1.158,1.145,1.156,1118580,1290108.25
20210628,1.147,1.161,1.147,1.151,353907,407625.91
20210629,1.152,1.152,1.138,1.141,659361,753713.94
20210630,1.141,1.149,1.141,1.144,779388,889785.63
20210701,1.143,1.148,1.134,1.135,331034,376501.06
20210702,1.138,1.141,1.132,1.136,475604,539404.56
20210705,1.136,1.145,1.136,1.145,502276,573893.44
20210706,1.145,1.151,1.137,1.148,403150,460654.94
20210707,1.142,1.147,1.138,1.147,441330,504421.28
20210708,1.152,1.152,1.133,1.133,1050085,1196514.13
20210709,1.134,1.136,1.119,1.135,734230,826437.25
20210712,1.136,1.148,1.136,1.142,910114,1037072.00
20210713,1.142,1.148,1.140,1.148,471762,540323.06
20210714,1.149,1.150,1.137,1.139,483000,551071.88
20210715,1.141,1.155,1.139,1.153,648268,743898.25
20210716,1.151,1.151,1.147,1.149,383489,440338.88
20210719,1.148,1.148,1.135,1.138,416440,473417.63
20210720,1.134,1.148,1.125,1.128,813839,920366.00
20210721,1.134,1.136,1.133,1.133,213600,242470.59
20210722,1.136,1.145,1.136,1.145,435936,497443.25
20210723,1.146,1.149,1.141,1.141,241200,276618.59
20210726,1.142,1.147,1.131,1.144,539144,616046.06
20210727,1.142,1.149,1.142,1.144,426929,488853.34
20210728,1.140,1.141,1.134,1.138,251489,286025.78
20210729,1.135,1.144,1.130,1.135,4663694,5306899.50
20210730,1.147,1.147,1.126,1.136,2285611,2588728.75
20210802,1.139,1.145,1.139,1.142,1578629,1801996.63
20210803,1.144,1.154,1.138,1.154,1815604,2078638.63
20210804,1.160,1.179,1.160,1.177,2959866,3474793.75
20210805,1.169,1.176,1.169,1.174,1407313,1649432.25
20210806,1.174,1.179,1.174,1.178,651789,766905.38
20210809,1.175,1.178,1.170,1.177,488679,573588.00
20210810,1.181,1.181,1.174,1.179,564215,664104.00
20210811,1.178,1.179,1.169,1.172,241780,283412.56
20210812,1.177,1.177,1.168,1.172,530960,621339.50
20210813,1.173,1.184,1.173,1.181,803100,944754.81
20210816,1.185,1.188,1.181,1.188,302641,358972.34
20210817,1.192,1.196,1.186,1.189,1083860,1290693.38
20210818,1.192,1.196,1.189,1.196,478498,571016.06
20210819,1.194,1.194,1.166,1.173,1674398,1967137.50
20210820,1.173,1.182,1.170,1.181,649834,765463.63
20210823,1.182,1.191,1.182,1.186,1042309,1235356.38
20210824,1.186,1.192,1.185,1.188,320608,380934.09
20210825,1.189,1.194,1.188,1.191,328736,391490.41
20210826,1.192,1.192,1.185,1.189,238900,284027.41
20210827,1.186,1.190,1.184,1.190,174980,207776.23
20210830,1.203,1.211,1.191,1.211,859756,1033855.13
20210831,1.214,1.229,1.212,1.226,666708,816389.19
20210901,1.229,1.236,1.220,1.229,796820,980997.56
20210902,1.232,1.256,1.232,1.252,991501,1233966.75
20210903,1.257,1.279,1.253,1.262,998400,1259993.50
20210906,1.267,1.270,1.261,1.263,449700,569006.69
20210907,1.263,1.263,1.254,1.257,625498,787269.81
20210908,1.248,1.250,1.241,1.247,1488461,1854432.38
20210909,1.242,1.242,1.232,1.238,1117887,1381304.63
20210910,1.240,1.245,1.237,1.243,723134,896843.44
20210913,1.238,1.244,1.238,1.241,252700,313122.81
20210914,1.240,1.247,1.240,1.246,196500,244387.30
20210915,1.238,1.255,1.238,1.255,334783,418523.94
20210916,1.259,1.269,1.258,1.266,653400,825723.13
20210917,1.264,1.280,1.264,1.275,1901473,2424886.75
20210922,1.261,1.264,1.240,1.260,801675,1006219.69
20210923,1.263,1.271,1.240,1.269,601000,758597.69
20210924,1.270,1.285,1.270,1.284,1088988,1395598.88
20210927,1.289,1.311,1.288,1.291,1737866,2259456.00
20210928,1.273,1.300,1.273,1.281,1318216,1691152.13
20210929,1.276,1.276,1.256,1.266,1341266,1696895.75
20210930,1.259,1.265,1.254,1.263,625246,787077.63
20211008,1.264,1.333,1.263,1.265,1390975,1764169.38
20211011,1.253,1.275,1.253,1.271,702440,888386.44
20211012,1.251,1.274,1.251,1.262,950228,1195787.25
20211013,1.262,1.275,1.253,1.275,486451,617282.38
20211014,1.276,1.294,1.276,1.291,1228759,1579733.13
20211015,1.298,1.314,1.292,1.313,1594335,2089361.00
20211018,1.312,1.316,1.303,1.314,1247945,1635500.13
20211019,1.310,1.323,1.295,1.310,877225,1145873.75
20211020,1.307,1.307,1.289,1.290,1268569,1645452.88
20211021,1.287,1.287,1.279,1.282,1131889,1451187.00
20211022,1.272,1.288,1.272,1.280,1344238,1722437.88
20211025,1.273,1.274,1.265,1.273,1492395,1894965.00
20211026,1.271,1.271,1.261,1.264,1170133,1480021.63
20211027,1.257,1.269,1.257,1.265,1334295,1686545.38
20211028,1.259,1.263,1.230,1.248,1566766,1962550.88
20211029,1.245,1.252,1.236,1.246,2093361,2602043.25
20211101,1.240,1.255,1.235,1.249,1476580,1840944.38
20211102,1.252,1.263,1.252,1.260,2004632,2523979.75
20211103,1.261,1.274,1.261,1.274,1854120,2351749.25
20211104,1.264,1.275,1.264,1.272,1601398,2032707.00
20211105,1.272,1.276,1.262,1.267,1857400,2351472.50
20211108,1.268,1.275,1.263,1.272,1653459,2097531.00
20211109,1.273,1.277,1.266,1.267,2411231,3066538.75
20211110,1.267,1.267,1.253,1.258,2013009,2533284.50
20211111,1.256,1.257,1.246,1.253,2046719,2563049.75
20211112,1.255,1.262,1.253,1.260,1949002,2455623.00
20211115,1.270,1.271,1.268,1.270,1591088,2018717.75
20211116,1.271,1.273,1.266,1.269,815140,1034933.69
20211117,1.268,1.269,1.260,1.266,771444,976109.50
20211118,1.265,1.265,1.250,1.253,1563772,1962898.00
20211119,1.253,1.265,1.252,1.255,2205083,2768886.00
20211122,1.254,1.254,1.233,1.236,3543051,4397191.50
20211123,1.225,1.248,1.225,1.243,1228775,1516734.50
20211124,1.243,1.248,1.240,1.246,1021241,1271926.50
20211125,1.234,1.248,1.233,1.245,2120703,2626956.75
20211126,1.244,1.244,1.220,1.223,1986767,2442094.25
20211129,1.217,1.217,1.200,1.208,3327323,4011325.00
20211130,1.206,1.215,1.191,1.195,1986019,2390295.00
20211201,1.190,1.205,1.178,1.204,1502484,1804092.13
20211202,1.191,1.207,1.188,1.207,1902150,2278976.00
20211203,1.209,1.214,1.205,1.206,1479779,1789448.00
20211206,1.199,1.199,1.183,1.188,1492872,1778501.88
20211207,1.188,1.198,1.182,1.198,2330649,2776650.75
20211208,1.206,1.213,1.200,1.208,1949173,2351187.50
20211209,1.212,1.212,1.200,1.204,1199380,1444673.13
20211210,1.204,1.205,1.197,1.201,902661,1085427.63
20211213,1.205,1.212,1.203,1.205,1352499,1634073.25
20211214,1.197,1.197,1.186,1.189,1123102,1336309.13
20211215,1.183,1.188,1.176,1.176,846700,1000490.13
20211216,1.192,1.192,1.181,1.183,891422,1056031.00
20211217,1.181,1.181,1.162,1.163,2135494,2495553.75
20211220,1.161,1.166,1.134,1.136,2212151,2525856.25
20211221,1.143,1.167,1.143,1.165,2948800,3405989.75
20211222,1.165,1.169,1.160,1.165,907727,1055542.63
20211223,1.173,1.180,1.173,1.180,1272867,1496625.50
20211224,1.186,1.187,1.173,1.174,1280336,1508480.50
20211227,1.175,1.183,1.175,1.182,1440675,1696315.00
20211228,1.187,1.199,1.187,1.198,990178,1182350.50
20211229,1.198,1.201,1.187,1.198,880640,1053964.50
20211230,1.199,1.202,1.190,1.201,1028252,1233767.88
20211231,1.203,1.210,1.197,1.210,1294409,1560832.88
20220104,1.216,1.241,1.216,1.240,1874715,2303823.25
20220105,1.239,1.239,1.221,1.234,2260325,2781335.75
20220106,1.228,1.228,1.214,1.217,1505509,1834056.88
20220107,1.222,1.237,1.222,1.235,1822683,2244907.50
20220110,1.240,1.242,1.235,1.241,1167061,1446556.25
20220111,1.242,1.248,1.239,1.247,1566260,1949240.13
20220112,1.254,1.262,1.254,1.261,1855128,2336158.50
20220113,1.266,1.268,1.261,1.264,2041430,2580220.50
20220114,1.262,1.263,1.250,1.258,2985153,3751962.75
20220117,1.257,1.266,1.256,1.258,759523,956198.81
20220118,1.259,1.264,1.253,1.256,1284234,1616186.00
20220119,1.250,1.256,1.221,1.221,1979700,2451835.25
20220120,1.223,1.235,1.223,1.226,901909,1106825.50
20220121,1.220,1.220,1.205,1.212,1358713,1644175.25
20220124,1.207,1.210,1.190,1.193,811668,976194.63
20220125,1.187,1.187,1.167,1.176,2500678,2939111.25
20220126,1.177,1.190,1.175,1.183,955450,1129679.00
20220127,1.188,1.188,1.152,1.153,942080,1100003.25
20220128,1.166,1.190,1.161,1.187,2261101,2673621.75
20220207,1.198,1.198,1.188,1.190,939200,1119285.75
20220208,1.183,1.213,1.175,1.190,1027841,1213905.13
20220209,1.195,1.214,1.194,1.214,475567,575488.25
20220210,1.235,1.235,1.209,1.218,410168,500184.88
20220211,1.193,1.211,1.181,1.193,711365,852147.44
20220214,1.189,1.189,1.173,1.173,583200,687510.00
20220215,1.170,1.180,1.162,1.180,842800,985896.31
20220216,1.195,1.200,1.182,1.192,1392290,1659113.38
20220217,1.191,1.191,1.180,1.187,524860,622427.50
20220218,1.181,1.184,1.172,1.183,246954,291469.13
20220221,1.183,1.183,1.170,1.181,349800,411826.41
20220222,1.176,1.180,1.155,1.163,817708,949965.69
20220223,1.169,1.182,1.168,1.178,295226,347655.81
20220224,1.172,1.172,1.131,1.137,1411302,1621294.75
20220225,1.150,1.159,1.138,1.150,1124479,1291110.00
20220228,1.143,1.148,1.135,1.141,434335,495128.75
20220301,1.154,1.158,1.144,1.153,367817,423288.03
20220302,1.140,1.140,1.131,1.135,964254,1096869.88
20220303,1.137,1.157,1.137,1.143,1072518,1229048.50
20220304,1.136,1.136,1.118,1.122,432142,485283.50
20220307,1.115,1.115,1.078,1.087,843147,914038.25
20220308,1.079,1.080,1.045,1.048,1208175,1275875.00
20220309,1.069,1.087,1.050,1.082,1695989,1815080.50
20220310,1.109,1.134,1.109,1.126,1899166,2135890.00
20220311,1.103,1.119,1.103,1.115,482761,536351.44
20220314,1.115,1.126,1.096,1.120,662639,735381.25
20220315,1.125,1.128,1.100,1.127,915072,1025957.31
20220316,1.135,1.152,1.130,1.151,1517456,1736309.50
20220317,1.159,1.190,1.159,1.175,1819452,2138830.00
20220318,1.178,1.195,1.165,1.172,1067472,1256303.63
20220321,1.178,1.180,1.168,1.173,725300,850725.13
20220322,1.165,1.172,1.165,1.168,395802,462074.09
20220323,1.177,1.185,1.177,1.183,1404367,1659087.88
20220324,1.178,1.179,1.167,1.174,630179,738157.44
20220325,1.176,1.181,1.100,1.164,699405,817754.69
20220328,1.166,1.167,1.155,1.164,509300,591505.38
20220329,1.171,1.184,1.171,1.184,497443,585616.63
20220330,1.189,1.205,1.189,1.205,792529,950598.25
20220331,1.213,1.213,1.196,1.196,810016,974766.44
20220401,1.197,1.206,1.182,1.204,719070,860012.63
20220406,1.206,1.210,1.174,1.204,761219,915201.25
20220407,1.201,1.201,1.183,1.199,833993,992414.75
20220408,1.198,1.210,1.195,1.208,616021,738985.19
20220411,1.207,1.207,1.198,1.203,554051,665419.31
20220412,1.197,1.207,1.188,1.193,1009625,1208627.38
20220413,1.198,1.203,1.192,1.193,486131,581730.06
20220414,1.194,1.199,1.193,1.196,1090900,1304682.75
20220415,1.195,1.195,1.175,1.179,604800,714037.63
20220418,1.176,1.178,1.160,1.163,446845,520934.09
20220419,1.167,1.186,1.167,1.185,1084102,1276492.25
20220420,1.186,1.187,1.178,1.185,552750,653504.50
20220421,1.189,1.304,1.186,1.209,2497325,3016171.00
20220422,1.208,1.216,1.192,1.213,1085580,1306530.63
20220425,1.194,1.244,1.185,1.200,4815433,5893744.50
20220426,1.200,1.239,1.200,1.239,2910631,3570403.00
20220427,1.226,1.257,1.214,1.245,4841215,6021616.00
20220428,1.238,1.360,1.232,1.262,3545820,4451912.50
20220429,1.260,1.290,1.220,1.233,9133938,11458383.00
20220505,1.218,1.229,1.207,1.220,3476304,4246173.00
20220506,1.196,1.196,1.167,1.171,4086887,4813471.50
20220509,1.151,1.170,1.145,1.154,1869110,2156245.50
20220510,1.138,1.157,1.133,1.155,3488136,3981332.00
20220511,1.154,1.155,1.147,1.148,2288765,2634243.00
20220512,1.149,1.150,1.120,1.123,1831504,2070893.75
20220513,1.123,1.145,1.123,1.143,2451592,2784171.50
20220516,1.144,1.145,1.137,1.139,1968064,2247229.50
20220517,1.139,1.159,1.137,1.156,1726221,1978898.00
20220518,1.165,1.171,1.158,1.164,1437785,1671741.63
20220519,1.146,1.146,1.133,1.134,1519593,1726449.13
20220520,1.136,1.156,1.136,1.150,1660640,1905327.13
20220523,1.160,1.161,1.151,1.158,1375853,1588140.25
20220524,1.152,1.160,1.143,1.147,2003861,2305833.25
20220525,1.144,1.160,1.142,1.150,2821032,3248266.50
20220526,1.150,1.151,1.141,1.143,642083,734387.75
20220527,1.151,1.159,1.146,1.152,1276048,1471487.75
20220530,1.155,1.167,1.155,1.166,1626847,1891053.88
20220531,1.168,1.168,1.152,1.159,1320590,1530026.13
20220601,1.158,1.168,1.150,1.153,1034719,1195327.38
20220602,1.152,1.153,1.144,1.148,808912,929306.56
20220606,1.152,1.152,1.148,1.150,1642037,1887173.50
20220607,1.155,1.155,1.141,1.144,1721706,1977159.00
20220608,1.148,1.151,1.144,1.150,1246261,1432113.88
20220609,1.147,1.149,1.138,1.145,548647,627363.75
20220610,1.144,1.144,1.135,1.138,943366,1073985.88
20220613,1.118,1.118,1.111,1.111,680300,758587.00
20220614,1.101,1.117,1.100,1.117,640878,709708.38
20220615,1.107,1.120,1.107,1.114,901112,1001976.94
20220616,1.120,1.128,1.111,1.111,900900,1008184.19
20220617,1.100,1.114,1.096,1.098,999800,1100048.88
20220620,1.097,1.106,1.088,1.097,470300,513322.66
20220621,1.098,1.104,1.094,1.100,467251,513605.31
20220622,1.104,1.104,1.091,1.098,798195,875171.75
20220623,1.098,1.103,1.098,1.102,399191,439323.03
20220624,1.107,1.108,1.102,1.106,789731,873879.69
20220627,1.108,1.119,1.108,1.117,591307,659403.69
20220628,1.116,1.116,1.106,1.114,344282,382660.63
20220629,1.104,1.105,1.097,1.101,973057,1070750.25
20220630,1.105,1.105,1.096,1.100,232165,255577.33
20220701,1.098,1.098,1.084,1.091,343500,374955.94
20220704,1.091,1.096,1.089,1.093,569292,621452.75
20220705,1.093,1.107,1.093,1.103,1300296,1427341.13
20220706,1.102,1.102,1.093,1.095,713424,780335.13
20220707,1.103,1.111,1.100,1.109,1939801,2148009.25
20220708,1.116,1.119,1.093,1.114,803635,894743.63
20220711,1.114,1.114,1.105,1.112,352600,390701.00
20220712,1.114,1.114,1.101,1.105,179060,197629.63
20220713,1.105,1.110,1.102,1.109,580857,642521.63
20220714,1.105,1.110,1.100,1.101,266044,293140.28
20220715,1.100,1.105,1.098,1.098,569072,626240.25
20220718,1.106,1.123,1.105,1.123,787752,878149.38
20220719,1.123,1.127,1.114,1.127,428230,479800.56
20220720,1.133,1.147,1.133,1.144,565680,645720.44
20220721,1.147,1.147,1.133,1.139,388716,442908.22
20220722,1.149,1.149,1.140,1.143,300500,343783.94
20220725,1.135,1.147,1.128,1.128,806246,913197.19
20220726,1.129,1.134,1.128,1.130,581376,657240.75
20220727,1.130,1.134,1.129,1.133,279459,316440.63
20220728,1.138,1.150,1.135,1.148,1185212,1355436.50
20220729,1.160,1.165,1.153,1.160,1511286,1752963.75
20220801,1.166,1.171,1.164,1.171,992414,1158351.50
20220802,1.175,1.183,1.171,1.183,1574170,1852893.00
20220803,1.188,1.197,1.187,1.192,3040683,3630537.75
20220804,1.200,1.267,1.185,1.190,3156019,3780592.00
20220805,1.198,1.198,1.186,1.191,1550051,1849232.75
20220808,1.183,1.196,1.182,1.196,1803650,2143899.00
20220809,1.196,1.197,1.191,1.195,858527,1024886.81
20220810,1.195,1.195,1.189,1.192,400700,477570.00
20220811,1.207,1.213,1.202,1.211,2141915,2585825.75
20220812,1.203,1.211,1.203,1.207,756884,913637.00
20220815,1.208,1.215,1.207,1.211,701346,848558.63
20220816,1.216,1.231,1.212,1.224,1532569,1876088.25
20220817,1.223,1.244,1.223,1.241,1156285,1431862.50
20220818,1.241,1.241,1.226,1.233,920370,1134466.75
20220819,1.240,1.241,1.230,1.235,708082,874614.13
20220822,1.217,1.228,1.204,1.204,2069550,2507873.25
20220823,1.199,1.202,1.190,1.202,1381831,1652704.38
20220824,1.201,1.214,1.196,1.202,2456835,2952432.00
20220825,1.207,1.224,1.201,1.222,2376559,2885709.75
20220826,1.220,1.223,1.214,1.217,740266,900949.94
20220829,1.200,1.209,1.187,1.192,1553450,1854282.75
20220830,1.197,1.217,1.195,1.217,1021249,1234904.88
20220831,1.218,1.229,1.217,1.225,1150796,1408156.75
20220901,1.223,1.223,1.205,1.216,1124934,1364477.63
20220902,1.220,1.230,1.220,1.229,1364104,1675252.13
20220905,1.214,1.244,1.214,1.239,1262641,1550737.25
20220906,1.232,1.250,1.232,1.247,1573556,1959254.00
20220907,1.242,1.257,1.236,1.244,1813900,2265463.75
20220908,1.257,1.257,1.251,1.254,1798913,2255936.50
20220909,1.257,1.280,1.257,1.274,2617951,3333639.25
20220913,1.281,1.314,1.281,1.295,3855525,4988695.50
20220914,1.275,1.287,1.262,1.287,2477143,3161504.50
20220915,1.287,1.288,1.267,1.273,2105088,2687719.50
20220916,1.263,1.263,1.247,1.247,2070720,2599898.75
20220919,1.257,1.261,1.247,1.256,2147479,2695994.75
20220920,1.257,1.271,1.256,1.270,2912155,3686038.75
20220921,1.263,1.266,1.251,1.254,2937349,3702562.75
20220922,1.233,1.246,1.221,1.234,4496347,5537955.00
20220923,1.234,1.234,1.213,1.215,2540885,3106081.75
20220926,1.207,1.240,1.182,1.187,6628594,7907934.00
20220927,1.184,1.193,1.184,1.193,6168787,7341215.00
20220928,1.190,1.194,1.174,1.194,2820279,3338899.00
20220929,1.200,1.206,1.183,1.191,3900886,4680956.00
20220930,1.176,1.188,1.170,1.185,2473229,2915732.25
20221010,1.180,1.198,1.177,1.192,2980659,3527511.75
20221011,1.197,1.203,1.192,1.202,1592996,1910633.00
20221012,1.200,1.200,1.190,1.199,1494024,1782003.75
20221013,1.198,1.198,1.190,1.192,696800,831305.63
20221014,1.203,1.225,1.203,1.218,2300714,2792838.50
20221017,1.196,1.209,1.160,1.203,2551328,3048490.50
20221018,1.217,1.228,1.217,1.228,2147410,2622726.75
20221019,1.228,1.230,1.221,1.225,2094590,2565477.75
20221020,1.221,1.222,1.205,1.212,1076048,1305109.13
20221021,1.212,1.225,1.209,1.215,1270828,1545676.50
20221024,1.234,1.234,1.225,1.229,2097181,2575604.50
20221025,1.228,1.240,1.228,1.236,1850679,2286705.75
20221026,1.241,1.250,1.233,1.239,1893065,2349793.00
20221027,1.243,1.253,1.243,1.249,1299618,1621739.38
20221028,1.251,1.255,1.244,1.244,1471017,1835662.25
20221031,1.253,1.276,1.253,1.274,2997405,3790120.00
20221101,1.270,1.285,1.265,1.280,2295636,2924809.50
20221102,1.279,1.281,1.272,1.275,1523876,1945735.00
20221103,1.260,1.272,1.258,1.269,1652691,2092483.88
20221104,1.271,1.280,1.265,1.279,1633154,2083564.38
20221107,1.296,1.296,1.280,1.288,1233244,1589069.50
20221108,1.300,1.300,1.288,1.300,1376242,1783633.50
20221109,1.314,1.318,1.302,1.318,2136314,2801602.75
20221110,1.308,1.308,1.293,1.300,1992029,2592925.75
20221111,1.324,1.340,1.319,1.336,2959016,3940193.25
20221114,1.365,1.365,1.320,1.326,2819687,3746099.75
20221115,1.308,1.333,1.305,1.320,3724871,4901667.00
20221116,1.326,1.326,1.307,1.318,1859816,2447458.50
20221117,1.300,1.310,1.290,1.295,5058908,6565881.00
20221118,1.278,1.288,1.268,1.274,4764448,6092754.00
20221121,1.261,1.265,1.255,1.256,3613179,4552326.00
20221122,1.256,1.263,1.256,1.261,3051040,3844363.00
20221123,1.265,1.273,1.264,1.272,4393630,5571492.00
20221124,1.274,1.296,1.274,1.293,4503074,5782019.00
20221125,1.299,1.314,1.295,1.299,5707137,7446312.00
20221128,1.300,1.333,1.299,1.315,5518705,7275317.50
20221129,1.312,1.318,1.286,1.315,7730592,10108840.00
20221130,1.310,1.313,1.292,1.302,8254349,10721043.00
20221201,1.305,1.307,1.297,1.300,12721032,16552465.00
20221202,1.289,1.297,1.285,1.286,5293693,6837415.00
20221205,1.284,1.293,1.277,1.285,4362881,5604981.00
20221206,1.274,1.283,1.265,1.269,3902093,4963489.50
20221207,1.268,1.287,1.259,1.287,5823468,7438277.50
20221208,1.281,1.290,1.259,1.273,3661519,4694925.50
20221209,1.269,1.270,1.261,1.262,6038201,7628472.50
20221212,1.251,1.251,1.239,1.242,6931133,8615732.00
20221213,1.247,1.251,1.242,1.248,4279324,5332506.50
20221214,1.250,1.261,1.244,1.261,4135776,5178445.00
20221215,1.255,1.256,1.239,1.241,4720120,5882301.00
20221216,1.220,1.232,1.220,1.230,4133359,5063995.50
20221219,1.227,1.233,1.223,1.233,2316001,2841386.50
20221220,1.216,1.236,1.216,1.232,2471173,3033160.00
20221221,1.236,1.241,1.231,1.232,3289666,4069178.25
20221222,1.235,1.239,1.219,1.224,4698510,5776069.50
20221223,1.217,1.227,1.205,1.208,2886544,3506966.75
20221226,1.208,1.219,1.205,1.217,1492128,1808144.13
20221227,1.220,1.221,1.209,1.214,3657346,4435799.50
20221228,1.211,1.213,1.206,1.206,2900067,3506571.00
20221229,1.206,1.206,1.196,1.199,4013107,4815725.00
20221230,1.212,1.212,1.206,1.211,2011046,2433610.75
20230103,1.212,1.215,1.209,1.213,2985012,3617968.25
20230104,1.214,1.223,1.214,1.218,3330816,4063848.75
20230105,1.221,1.227,1.220,1.221,2692134,3293575.00
20230106,1.219,1.219,1.205,1.207,3844281,4654222.00
20230109,1.210,1.212,1.200,1.209,4085324,4923446.00
20230110,1.203,1.207,1.196,1.197,5071510,6086390.50
20230111,1.197,1.201,1.195,1.198,2276929,2725813.50
20230112,1.198,1.209,1.198,1.206,4263696,5134753.00
20230113,1.206,1.206,1.197,1.199,4554368,5459871.00
20230116,1.200,1.205,1.199,1.204,3083683,3709786.00
20230117,1.200,1.203,1.197,1.203,3469549,4163406.50
20230118,1.200,1.210,1.199,1.209,5182519,6244901.00
20230119,1.203,1.208,1.200,1.205,4456939,5368826.00
20230120,1.200,1.203,1.194,1.202,7262980,8703794.00
20230130,1.175,1.199,1.175,1.195,11002042,13063320.00
20230131,1.184,1.194,1.183,1.186,5045980,5999340.00
20230201,1.189,1.190,1.185,1.189,6154170,7305688.00
20230202,1.172,1.186,1.169,1.184,14066301,16550869.00
20230203,1.177,1.187,1.176,1.182,11597996,13691781.00
20230206,1.176,1.180,1.175,1.175,6809647,8013323.50
20230207,1.162,1.165,1.160,1.161,13508890,15687147.00
20230208,1.154,1.156,1.150,1.151,15069085,17369404.00
20230209,1.150,1.153,1.150,1.152,11719683,13492516.00
20230210,1.150,1.151,1.148,1.149,8998753,10340677.00
20230213,1.149,1.151,1.148,1.149,6075517,6985159.50
20230214,1.150,1.159,1.150,1.159,11461876,13227297.00
20230215,1.159,1.160,1.156,1.159,9901954,11472388.00
20230216,1.162,1.189,1.160,1.181,19549046,22963096.00
20230217,1.179,1.207,1.172,1.192,20833461,24841268.00
20230220,1.190,1.199,1.182,1.185,13740922,16319594.00
20230221,1.179,1.184,1.172,1.183,14848945,17487202.00
20230222,1.166,1.168,1.156,1.156,17640943,20525616.00
20230223,1.155,1.162,1.154,1.155,13473525,15599702.00
20230224,1.155,1.155,1.150,1.150,10459060,12049961.00
20230227,1.151,1.151,1.133,1.138,15696590,17896306.00
20230228,1.141,1.147,1.137,1.138,7859790,8975135.00
20230301,1.140,1.143,1.132,1.142,11299338,12846860.00
20230302,1.144,1.146,1.137,1.140,8025211,9157866.00
20230303,1.143,1.156,1.143,1.155,19091228,21986310.00
20230306,1.159,1.165,1.155,1.162,14808499,17197052.00
20230307,1.163,1.165,1.158,1.164,15527773,18034064.00
20230308,1.160,1.162,1.158,1.161,8591271,9964925.00
20230309,1.166,1.170,1.161,1.163,17318325,20194366.00
20230310,1.151,1.156,1.144,1.146,16321837,18757674.00
20230313,1.140,1.149,1.139,1.146,10457338,11959355.00
20230314,1.141,1.141,1.122,1.128,11283886,12751984.00
20230315,1.135,1.136,1.127,1.128,11633070,13164036.00
20230316,1.113,1.121,1.112,1.113,13680865,15264524.00
20230317,1.124,1.126,1.118,1.119,6573520,7376820.50
20230320,1.116,1.119,1.107,1.107,6163800,6860086.50
20230321,1.110,1.117,1.110,1.114,4867588,5428286.00
20230322,1.119,1.128,1.119,1.125,5633609,6332671.00
20230323,1.119,1.124,1.115,1.123,3922827,4393475.50
20230324,1.124,1.130,1.123,1.124,4392794,4943071.50
20230327,1.119,1.123,1.116,1.123,7451120,8340387.00
20230328,1.123,1.123,1.112,1.113,6889378,7697075.50
20230329,1.114,1.115,1.108,1.108,9497970,10559728.00
20230330,1.113,1.114,1.111,1.113,3907212,4347564.00
20230331,1.117,1.124,1.114,1.121,16436761,18396042.00
20230403,1.128,1.131,1.124,1.126,8985226,10132787.00
20230404,1.130,1.131,1.126,1.129,4602024,5193833.00
20230406,1.132,1.137,1.131,1.136,7253530,8224423.00
20230407,1.140,1.141,1.137,1.139,8643370,9841232.00
20230410,1.140,1.141,1.136,1.140,8950120,10195964.00
20230411,1.140,1.146,1.140,1.143,8653459,9893823.00
20230412,1.145,1.148,1.144,1.148,5128320,5876703.50
20230413,1.148,1.149,1.139,1.141,9979206,11408226.00
20230414,1.147,1.149,1.142,1.146,8489165,9726670.00
20230417,1.145,1.145,1.132,1.137,7720111,8784384.00
20230418,1.137,1.142,1.135,1.139,5945900,6770697.50
20230419,1.138,1.141,1.137,1.140,4281152,4875791.50
20230420,1.139,1.142,1.137,1.139,3640753,4147732.25
20230421,1.139,1.142,1.131,1.137,3768525,4284546.00
20230424,1.140,1.148,1.140,1.145,8771416,10032096.00
20230425,1.149,1.159,1.149,1.159,12455703,14382183.00
20230426,1.158,1.158,1.154,1.157,4947227,5718697.00
20230427,1.161,1.165,1.158,1.165,6349479,7371073.00
20230428,1.170,1.177,1.170,1.176,7702203,9041033.00
20230504,1.177,1.177,1.168,1.175,6788101,7952196.00
20230505,1.180,1.183,1.169,1.172,12847167,15116492.00
20230508,1.175,1.189,1.173,1.188,8456545,9984883.00
20230509,1.190,1.194,1.185,1.193,7118204,8476200.00
20230510,1.190,1.192,1.187,1.189,4598987,5469123.50
20230511,1.193,1.195,1.191,1.193,3274110,3906783.75
20230512,1.192,1.196,1.189,1.193,9178293,10935019.00
20230515,1.191,1.203,1.188,1.202,8249590,9879586.00
20230516,1.202,1.210,1.199,1.203,5325979,6411809.00
20230517,1.202,1.204,1.187,1.192,8127204,9728360.00
20230518,1.196,1.202,1.193,1.198,8101952,9695718.00
20230519,1.195,1.198,1.186,1.189,11343207,13522510.00
20230522,1.192,1.204,1.188,1.204,10727101,12810567.00
20230523,1.208,1.230,1.205,1.220,12537470,15273302.00
20230524,1.211,1.217,1.200,1.209,7727892,9331195.00
20230525,1.208,1.214,1.203,1.206,5343354,6450030.50
20230526,1.211,1.216,1.205,1.215,17931779,21673154.00
20230529,1.226,1.234,1.225,1.232,9555163,11752343.00
20230530,1.231,1.236,1.228,1.231,7032666,8656338.00
20230531,1.220,1.231,1.219,1.222,7615048,9319450.00
20230601,1.222,1.227,1.222,1.225,7412890,9075403.00
20230602,1.230,1.237,1.229,1.235,7664377,9460942.00
20230605,1.241,1.245,1.236,1.243,12645598,15692243.00
20230606,1.241,1.251,1.240,1.250,6111761,7609207.50
20230607,1.252,1.265,1.250,1.264,8484696,10682727.00
20230608,1.263,1.268,1.253,1.258,8514381,10724473.00
20230609,1.261,1.269,1.253,1.267,8181280,10334860.00
20230612,1.264,1.280,1.263,1.280,6732501,8582160.00
20230613,1.280,1.297,1.280,1.291,12549462,16152388.00
20230614,1.288,1.291,1.277,1.283,11645637,14961493.00
20230615,1.277,1.283,1.260,1.263,16599485,21120476.00
20230616,1.261,1.274,1.261,1.269,14910589,18922040.00
20230619,1.273,1.278,1.258,1.267,9406312,11961186.00
20230620,1.271,1.272,1.264,1.267,7791591,9872316.00
20230621,1.270,1.291,1.269,1.289,18160782,23341250.00
20230626,1.289,1.337,1.271,1.295,39626637,51907700.00
20230627,1.297,1.319,1.297,1.316,14684422,19260860.00
20230628,1.328,1.356,1.326,1.350,46654614,62699772.00
20230629,1.346,1.375,1.312,1.334,49107429,66130224.00
20230630,1.321,1.347,1.320,1.337,23898754,31919334.00
20230703,1.330,1.356,1.329,1.337,40200439,53987216.00
20230704,1.331,1.340,1.325,1.331,22910541,30536456.00
20230705,1.324,1.327,1.315,1.320,18970967,25070890.00
20230706,1.314,1.317,1.308,1.317,18340016,24070736.00
20230707,1.312,1.318,1.300,1.301,19109540,25014748.00
20230710,1.299,1.303,1.286,1.294,22427594,29030868.00
20230711,1.297,1.318,1.297,1.317,23322697,30528324.00
20230712,1.317,1.321,1.307,1.315,19262670,25318278.00
20230713,1.317,1.340,1.317,1.338,25654335,34184856.00
20230714,1.332,1.352,1.324,1.329,28932069,38636492.00
20230717,1.325,1.334,1.322,1.329,15048548,19973880.00
20230718,1.329,1.335,1.327,1.328,31199201,41528268.00
20230719,1.330,1.339,1.330,1.337,36692290,48986276.00
20230720,1.338,1.339,1.322,1.326,15469493,20561614.00
20230721,1.326,1.326,1.296,1.300,31193894,40844740.00
20230724,1.306,1.320,1.305,1.310,23940385,31439812.00
20230725,1.312,1.315,1.304,1.310,17624237,23059192.00
20230726,1.311,1.318,1.307,1.316,16148047,21204452.00
20230727,1.318,1.320,1.315,1.318,18707936,24641824.00
20230728,1.312,1.313,1.304,1.305,24847950,32483534.00
20230731,1.309,1.311,1.305,1.309,18179048,23789080.00
20230801,1.314,1.315,1.310,1.311,20807777,27305356.00
20230802,1.308,1.309,1.298,1.298,18494432,24089056.00
20230803,1.285,1.294,1.285,1.286,10746737,13823998.00
20230804,1.286,1.287,1.272,1.287,26608402,34057100.00
20230807,1.290,1.297,1.289,1.296,10467754,13537168.00
20230808,1.299,1.304,1.295,1.297,10217962,13286861.00
20230809,1.293,1.302,1.291,1.293,6429629,8320004.00
20230810,1.296,1.297,1.292,1.296,8514801,11025994.00
20230811,1.296,1.297,1.292,1.293,6344400,8209937.00
20230814,1.287,1.297,1.285,1.290,9822338,12666494.00
20230815,1.290,1.297,1.290,1.295,8191962,10609554.00
20230816,1.290,1.291,1.284,1.288,5594487,7200870.00
20230817,1.286,1.290,1.284,1.286,15301620,19674268.00
20230818,1.282,1.284,1.280,1.284,22661701,29050168.00
20230821,1.284,1.294,1.283,1.293,8984454,11592143.00
20230822,1.299,1.300,1.294,1.298,10153215,13164366.00
20230823,1.296,1.308,1.296,1.304,10790418,14048476.00
20230824,1.315,1.335,1.315,1.322,32275856,42704416.00
20230825,1.308,1.308,1.301,1.304,9772888,12747173.00
20230828,1.300,1.309,1.281,1.306,17065926,22197184.00
20230829,1.305,1.308,1.300,1.303,10948058,14273759.00
20230830,1.307,1.316,1.306,1.316,16037432,21036448.00
20230831,1.313,1.321,1.311,1.319,15961897,21011236.00
20230901,1.318,1.320,1.313,1.317,8458181,11129055.00
20230904,1.325,1.330,1.321,1.328,12338969,16366683.00
20230905,1.329,1.341,1.329,1.338,14102572,18844960.00
20230906,1.340,1.350,1.340,1.347,17855316,24031046.00
20230907,1.350,1.351,1.329,1.330,18122592,24220442.00
20230908,1.335,1.344,1.335,1.343,22668277,30379792.00
20230911,1.347,1.360,1.347,1.358,27976538,37893540.00
20230912,1.367,1.387,1.359,1.361,56398452,77485760.00
20230913,1.355,1.382,1.351,1.381,37207904,51009472.00
20230914,1.373,1.413,1.372,1.395,66955292,93167504.00
20230915,1.395,1.416,1.395,1.415,67006392,94351240.00
20230918,1.387,1.409,1.366,1.375,82141475,113978792.00
20230919,1.361,1.364,1.350,1.351,50775515,68912608.00
20230920,1.341,1.345,1.335,1.336,49498506,66281392.00
20230921,1.326,1.335,1.321,1.322,37504442,49767068.00
20230922,1.316,1.329,1.311,1.329,48556530,64069988.00
20230925,1.317,1.328,1.317,1.324,24113306,31911866.00
20230926,1.325,1.328,1.310,1.312,23877227,31479328.00
20230927,1.307,1.310,1.301,1.304,27910560,36428408.00
20230928,1.312,1.327,1.310,1.319,38171352,50308336.00
20231009,1.319,1.325,1.303,1.306,23928195,31480136.00
20231010,1.314,1.317,1.311,1.316,19748946,25968946.00
20231011,1.323,1.329,1.321,1.329,25650928,33956132.00
20231012,1.329,1.337,1.320,1.325,40857581,54259952.00
20231013,1.316,1.317,1.310,1.311,20948320,27516112.00
20231016,1.315,1.316,1.307,1.311,13379953,17529056.00
20231017,1.318,1.322,1.315,1.318,14373851,18961560.00
20231018,1.320,1.321,1.309,1.309,17891764,23511726.00
20231019,1.300,1.302,1.295,1.299,24189785,31415334.00
20231020,1.299,1.299,1.292,1.294,14928091,19330506.00
20231023,1.290,1.292,1.279,1.283,22086965,28363822.00
20231024,1.278,1.278,1.267,1.276,27574495,35086356.00
20231025,1.281,1.288,1.277,1.277,17738636,22747378.00
20231026,1.260,1.260,1.248,1.252,31486596,39480608.00
20231027,1.252,1.265,1.252,1.264,21074287,26568070.00
20231030,1.258,1.266,1.251,1.266,23431464,29496908.00
20231031,1.268,1.271,1.259,1.261,20103192,25395362.00
20231101,1.269,1.272,1.263,1.270,15614845,19791618.00
20231102,1.278,1.285,1.275,1.281,21564621,27644180.00
20231103,1.290,1.294,1.284,1.286,22474226,29010840.00
20231106,1.295,1.301,1.293,1.300,14747612,19134622.00
20231107,1.299,1.299,1.287,1.288,14021176,18113752.00
20231108,1.295,1.300,1.295,1.299,11497887,14920734.00
20231109,1.300,1.308,1.300,1.307,10537158,13755885.00
20231110,1.300,1.300,1.291,1.296,9020719,11677991.00
20231113,1.305,1.307,1.301,1.303,11507516,15002494.00
20231114,1.303,1.305,1.302,1.304,7447944,9707315.00
20231115,1.317,1.323,1.314,1.318,18179511,23965370.00
20231116,1.314,1.325,1.311,1.325,17480485,23058252.00
20231117,1.323,1.327,1.320,1.323,13253676,17544910.00
20231120,1.321,1.322,1.307,1.309,14563848,19139132.00
20231121,1.314,1.318,1.309,1.318,12192351,16012450.00
20231122,1.313,1.317,1.310,1.313,7639400,10033789.00
20231123,1.313,1.320,1.311,1.314,6514281,8567173.00
20231124,1.314,1.315,1.309,1.310,6582182,8628612.00
20231127,1.308,1.311,1.303,1.306,8368397,10928157.00
20231128,1.305,1.311,1.304,1.307,5866275,7667190.00
20231129,1.315,1.324,1.313,1.324,15234641,20100298.00
20231130,1.326,1.326,1.322,1.323,9034774,11960005.00
20231201,1.329,1.345,1.328,1.345,27510754,36775284.00
20231204,1.352,1.364,1.351,1.362,27025725,36740512.00
20231205,1.366,1.381,1.366,1.375,44952062,61799584.00
20231206,1.388,1.391,1.380,1.385,28643666,39686524.00
20231207,1.384,1.384,1.372,1.372,29424932,40474568.00
20231208,1.376,1.395,1.376,1.395,22779313,31570760.00
20231211,1.395,1.409,1.387,1.391,37128388,52011900.00
20231212,1.394,1.402,1.386,1.388,20011517,27894498.00
20231213,1.386,1.393,1.370,1.374,33715914,46510332.00
20231214,1.392,1.409,1.387,1.407,64541932,90275688.00
20231215,1.410,1.430,1.396,1.428,56022999,79271632.00
20231218,1.428,1.462,1.428,1.456,77938533,112948128.00
20231219,1.458,1.487,1.430,1.455,129260984,189458688.00
20231220,1.444,1.481,1.440,1.469,117778128,172952144.00
20231221,1.434,1.474,1.433,1.443,160456819,232977088.00
20231222,1.452,1.465,1.438,1.438,113734454,164997216.00
20231225,1.427,1.445,1.425,1.442,90996041,130780080.00
20231226,1.451,1.472,1.442,1.470,105888931,154304048.00
20231227,1.475,1.490,1.461,1.474,125648048,185792768.00
20231228,1.485,1.487,1.451,1.461,104438121,152983552.00
20231229,1.460,1.460,1.433,1.445,70662998,102280088.00
20240102,1.445,1.452,1.428,1.436,56497407,81293016.00
20240103,1.431,1.437,1.410,1.411,68479504,97213888.00
20240104,1.402,1.436,1.388,1.436,126603222,178634688.00
20240105,1.441,1.451,1.429,1.442,105220883,151572320.00
20240108,1.447,1.472,1.447,1.462,141364235,206714128.00
20240109,1.476,1.507,1.465,1.502,223087687,332044000.00
20240110,1.502,1.536,1.490,1.500,166691280,252517648.00
20240111,1.520,1.523,1.499,1.501,142830525,215773440.00
20240112,1.497,1.512,1.492,1.511,105755848,159237488.00
20240115,1.529,1.633,1.522,1.550,321757291,501732704.00
20240116,1.570,1.640,1.549,1.570,714109042,1148074240.00
20240117,1.609,1.644,1.491,1.536,541432319,850893888.00
20240118,1.527,1.582,1.491,1.500,410943336,627369856.00
20240119,1.520,1.534,1.503,1.530,323551627,492456416.00
20240122,1.551,1.637,1.550,1.628,583055582,928369280.00
20240123,1.666,1.720,1.629,1.666,1155928112,1937037696.00
20240124,1.645,1.708,1.571,1.605,1263087795,2110642688.00
20240125,1.609,1.648,1.492,1.506,959130177,1498935808.00
20240126,1.497,1.533,1.497,1.501,464146240,701930304.00
20240129,1.511,1.560,1.501,1.560,580750786,884631616.00
20240130,1.590,1.621,1.573,1.620,807853401,1291399040.00
20240131,1.598,1.636,1.546,1.561,1535363145,2445705984.00
20240201,1.562,1.578,1.541,1.542,702848782,1095313536.00
20240202,1.560,1.579,1.550,1.565,683456441,1068984512.00
20240205,1.566,1.585,1.555,1.567,458813753,720516224.00
20240206,1.562,1.567,1.521,1.521,455943825,701478464.00
20240207,1.521,1.536,1.490,1.499,582413166,883244992.00
20240208,1.505,1.522,1.501,1.519,284324083,430428352.00
20240219,1.525,1.583,1.525,1.571,417892111,651849536.00
20240220,1.574,1.595,1.567,1.574,264045034,416571968.00
20240221,1.574,1.583,1.544,1.564,459917069,718789248.00
20240222,1.565,1.577,1.561,1.570,297334151,466857248.00
20240223,1.591,1.594,1.575,1.577,279516642,442390464.00
20240226,1.569,1.582,1.563,1.564,155411975,244147536.00
20240227,1.565,1.570,1.552,1.557,123505633,192562512.00
20240228,1.572,1.577,1.555,1.562,208177028,326160544.00
20240229,1.552,1.563,1.546,1.552,157725152,244905552.00
20240301,1.553,1.573,1.553,1.571,192801610,301687968.00
20240304,1.581,1.604,1.581,1.601,246124871,392341728.00
20240305,1.598,1.626,1.592,1.610,271970819,438396736.00
20240306,1.610,1.624,1.604,1.614,134783566,217770720.00
20240307,1.626,1.648,1.625,1.640,215966724,353302464.00
20240308,1.653,1.673,1.644,1.648,220234093,365609152.00
20240311,1.632,1.643,1.606,1.617,159731459,259151520.00
20240312,1.620,1.646,1.615,1.639,172513349,280750912.00
20240313,1.652,1.655,1.616,1.617,163961381,268768672.00
20240314,1.609,1.632,1.602,1.625,175072464,283369568.00
20240315,1.621,1.634,1.606,1.607,122227055,198038128.00
20240318,1.607,1.618,1.605,1.612,97909016,157618752.00
20240319,1.616,1.616,1.595,1.597,79818235,128041400.00
20240320,1.595,1.605,1.593,1.600,94057036,150419504.00
20240321,1.610,1.623,1.605,1.620,130751504,211102240.00
20240322,1.628,1.638,1.621,1.630,114357549,186343104.00
20240325,1.625,1.634,1.610,1.614,74188043,120395928.00
20240326,1.616,1.619,1.604,1.609,65210181,105018416.00
20240327,1.609,1.631,1.607,1.612,134859141,218622336.00
20240328,1.614,1.627,1.613,1.620,141512982,229382880.00
20240329,1.627,1.630,1.622,1.624,58243647,94678000.00
20240401,1.628,1.629,1.620,1.625,54813302,88973864.00
20240402,1.622,1.626,1.598,1.603,70731599,113993440.00
20240403,1.598,1.598,1.574,1.577,80482618,127346696.00
20240408,1.576,1.606,1.572,1.606,92511788,147475504.00
20240409,1.606,1.621,1.594,1.607,87040849,140234064.00
20240410,1.607,1.610,1.596,1.603,53384196,85542624.00
20240411,1.600,1.608,1.594,1.596,34655855,55532808.00
20240412,1.602,1.613,1.599,1.601,54808401,87986168.00
20240415,1.589,1.589,1.562,1.580,68232139,107475840.00
20240416,1.556,1.557,1.508,1.526,140844667,215313552.00
20240417,1.525,1.545,1.518,1.533,69032115,106158440.00
20240418,1.522,1.542,1.521,1.540,66526570,102042848.00
20240419,1.512,1.519,1.491,1.504,105764562,158837584.00
20240422,1.510,1.518,1.502,1.504,75809573,114480896.00
20240423,1.515,1.537,1.509,1.537,88538815,135078208.00
20240424,1.559,1.577,1.555,1.568,87459547,136954208.00
20240425,1.545,1.566,1.545,1.553,66406658,103332232.00
20240426,1.565,1.578,1.550,1.550,76791257,120068544.00
20240429,1.556,1.557,1.531,1.541,110699137,170519152.00
20240430,1.547,1.555,1.542,1.542,87529072,135412992.00
20240506,1.533,1.534,1.523,1.526,76258824,116539864.00
20240507,1.525,1.534,1.525,1.525,50321218,76922456.00
20240508,1.516,1.530,1.516,1.529,50719707,77217040.00
20240509,1.531,1.533,1.523,1.524,41509916,63420764.00
20240510,1.517,1.525,1.517,1.521,58121009,88401736.00
20240513,1.516,1.518,1.507,1.511,46931028,70957032.00
20240514,1.507,1.510,1.506,1.508,43557247,65690544.00
20240515,1.509,1.520,1.506,1.508,86940073,131475144.00
20240516,1.511,1.518,1.508,1.512,95910180,145076576.00
20240517,1.516,1.518,1.510,1.511,66115823,100047880.00
20240520,1.513,1.515,1.506,1.508,60132728,90788904.00
20240521,1.508,1.513,1.507,1.511,51189979,77332944.00
20240522,1.513,1.514,1.508,1.512,55985251,84605496.00
20240523,1.514,1.552,1.512,1.550,190634682,291545216.00
20240524,1.549,1.549,1.530,1.535,122000316,187937792.00
20240527,1.555,1.562,1.543,1.560,133452732,207641600.00
20240528,1.551,1.568,1.551,1.556,92152432,143671520.00
20240529,1.548,1.554,1.530,1.533,82316000,126739064.00
20240530,1.519,1.522,1.510,1.510,62111602,94081024.00
20240531,1.508,1.527,1.505,1.518,90597778,137211104.00
20240603,1.534,1.569,1.534,1.559,264496093,411176416.00
20240604,1.570,1.584,1.501,1.507,449187572,691279488.00
20240605,1.516,1.534,1.509,1.525,295849182,450159712.00
20240606,1.542,1.545,1.527,1.530,219687558,337337120.00
20240607,1.530,1.552,1.524,1.546,171623506,264121360.00
20240611,1.551,1.553,1.540,1.544,111910956,173112352.00
20240612,1.544,1.552,1.536,1.546,119649826,184916112.00
20240613,1.552,1.563,1.549,1.554,112501159,174937712.00
20240614,1.552,1.559,1.550,1.552,59983654,93211352.00
20240617,1.558,1.562,1.555,1.558,58214705,90700480.00
20240618,1.564,1.590,1.562,1.588,119656080,188550160.00
20240619,1.599,1.614,1.579,1.594,179167714,286220736.00
20240620,1.602,1.610,1.589,1.610,121250702,194017904.00
20240621,1.601,1.609,1.591,1.597,97965035,156689552.00
20240624,1.597,1.598,1.583,1.595,69550927,110653320.00
20240625,1.590,1.612,1.589,1.606,114943414,184085824.00
20240626,1.604,1.645,1.604,1.639,239319952,389942688.00
20240627,1.639,1.654,1.632,1.649,172198392,283584000.00
20240628,1.655,1.672,1.643,1.643,169096342,280578304.00
20240701,1.637,1.647,1.628,1.644,141696140,232099952.00
20240702,1.646,1.656,1.636,1.637,123568206,203459248.00
20240703,1.637,1.652,1.633,1.648,153337128,251983184.00
20240704,1.653,1.683,1.653,1.679,258890771,432054976.00
20240705,1.676,1.710,1.658,1.675,349799864,589874112.00
20240708,1.691,1.703,1.684,1.699,214829518,364136096.00
20240709,1.710,1.735,1.710,1.732,220299287,379178784.00
20240710,1.736,1.742,1.699,1.702,357981819,613626816.00
20240711,1.715,1.718,1.691,1.696,220136944,375042336.00
20240712,1.679,1.715,1.668,1.707,286294441,485693824.00
20240715,1.714,1.727,1.713,1.723,149429892,257123840.00
20240716,1.723,1.729,1.714,1.717,120672662,207748464.00
20240717,1.720,1.737,1.713,1.719,160006436,275767936.00
20240718,1.707,1.708,1.689,1.697,139001007,235984160.00
20240719,1.708,1.711,1.670,1.672,131094150,221890336.00
20240722,1.639,1.653,1.629,1.635,184105099,302186720.00
20240723,1.650,1.663,1.620,1.622,186383095,307339040.00
20240724,1.634,1.639,1.601,1.605,140516471,227884768.00
20240725,1.581,1.586,1.570,1.579,137855662,217744400.00
20240726,1.592,1.644,1.584,1.636,179737452,290074432.00
20240729,1.665,1.686,1.656,1.668,248989094,416955040.00
20240730,1.661,1.688,1.654,1.686,205811456,345249344.00
20240731,1.682,1.698,1.678,1.681,156034188,262901408.00
20240801,1.690,1.698,1.673,1.677,167769769,283020768.00
20240802,1.644,1.663,1.615,1.626,195139198,320020928.00
20240805,1.580,1.580,1.506,1.511,355231939,548173440.00
20240806,1.572,1.582,1.551,1.560,287078822,450379040.00
20240807,1.556,1.591,1.554,1.577,208970642,329606656.00
20240808,1.578,1.585,1.572,1.580,133886615,211385632.00
20240809,1.605,1.610,1.594,1.599,151328887,242573520.00
20240812,1.607,1.615,1.595,1.609,167209903,268846144.00
20240813,1.609,1.613,1.603,1.604,121862813,195747424.00
20240814,1.604,1.614,1.599,1.602,113950843,182943568.00
20240815,1.602,1.610,1.600,1.603,69057933,110868752.00
20240816,1.625,1.637,1.621,1.634,170087957,276874464.00
20240819,1.640,1.644,1.622,1.625,106075171,173424816.00
20240820,1.634,1.661,1.634,1.660,191828987,316033440.00
20240821,1.650,1.673,1.646,1.664,142928466,237889760.00
20240822,1.677,1.685,1.672,1.675,111434460,186818416.00
20240823,1.665,1.675,1.658,1.663,83073731,138313632.00
20240826,1.677,1.680,1.664,1.672,96900863,162049200.00
20240827,1.674,1.674,1.661,1.666,60551768,100885952.00
20240828,1.668,1.671,1.660,1.669,60893360,101378056.00
20240829,1.659,1.659,1.640,1.648,92418619,152435312.00
20240830,1.657,1.660,1.647,1.649,79859428,131906712.00
20240902,1.651,1.656,1.650,1.652,52452081,86704008.00
20240903,1.652,1.658,1.647,1.649,54878090,90678168.00
20240904,1.610,1.616,1.604,1.608,112228368,180664352.00
20240905,1.621,1.627,1.613,1.617,70981761,114936880.00
20240906,1.609,1.615,1.602,1.604,74628452,119971008.00
20240909,1.587,1.595,1.581,1.591,93887931,149201264.00
20240910,1.603,1.608,1.597,1.607,75617942,121142408.00
20240911,1.609,1.613,1.607,1.610,47144097,75878032.00
20240912,1.622,1.632,1.614,1.624,110901766,180112672.00
20240913,1.642,1.644,1.632,1.639,84021833,137628208.00
20240918,1.639,1.641,1.632,1.634,80856887,132256008.00
20240919,1.639,1.651,1.637,1.645,119754603,197004880.00
20240920,1.652,1.661,1.648,1.660,126714182,209525152.00
20240923,1.669,1.675,1.665,1.670,91253629,152421536.00
20240924,1.671,1.677,1.645,1.649,156863040,260094784.00
20240925,1.638,1.643,1.630,1.633,129596972,211957152.00
20240926,1.643,1.648,1.634,1.638,107319006,176204112.00
20240927,1.632,1.633,1.609,1.621,184339384,298878880.00
20240930,1.580,1.619,1.579,1.596,271787072,434364992.00
20241008,1.512,1.583,1.510,1.566,439755334,682932544.00
20241009,1.589,1.607,1.569,1.603,266966959,425193376.00
20241010,1.596,1.596,1.580,1.589,184406700,293159104.00
20241011,1.585,1.600,1.585,1.591,137758803,219534528.00
20241014,1.590,1.613,1.584,1.612,187699051,299758176.00
20241015,1.615,1.630,1.615,1.628,150996086,245166432.00
20241016,1.615,1.621,1.602,1.604,127038545,204713440.00
20241017,1.606,1.610,1.587,1.590,130084814,207835632.00
20241018,1.587,1.590,1.581,1.586,115117965,182431168.00
20241021,1.586,1.588,1.575,1.575,82528018,130686640.00
20241022,1.575,1.575,1.566,1.569,89115527,139928464.00
20241023,1.560,1.569,1.552,1.557,142539458,222053088.00
20241024,1.553,1.564,1.546,1.555,97622590,151976496.00
20241025,1.555,1.563,1.542,1.543,152661011,237047040.00
20241028,1.548,1.565,1.545,1.565,170540981,264817984.00
20241029,1.557,1.566,1.546,1.556,160006797,249028816.00
20241030,1.564,1.569,1.560,1.567,163617767,255974032.00
20241031,1.556,1.556,1.540,1.541,137030485,212363440.00
20241101,1.533,1.543,1.531,1.539,80251063,123253256.00
20241104,1.540,1.546,1.515,1.520,168159895,256831792.00
20241105,1.519,1.525,1.514,1.515,115452630,175270624.00
20241106,1.529,1.555,1.526,1.552,201243202,309336544.00
20241107,1.557,1.562,1.541,1.543,158469642,245814208.00
20241108,1.542,1.545,1.532,1.535,88302852,135972176.00
20241111,1.530,1.548,1.525,1.544,115415452,177522400.00
20241112,1.539,1.549,1.537,1.542,95955413,148022128.00
20241113,1.524,1.529,1.519,1.521,122559352,186674656.00
20241114,1.512,1.521,1.509,1.511,91782600,138911568.00
20241115,1.514,1.520,1.510,1.512,63812319,96659512.00
20241118,1.508,1.511,1.504,1.509,89245096,134511728.00
20241119,1.509,1.528,1.507,1.525,154893120,235286000.00
20241120,1.519,1.521,1.514,1.517,112283074,170433056.00
20241121,1.517,1.517,1.505,1.506,104594256,158101088.00
20241122,1.509,1.538,1.509,1.534,208718672,317501088.00
20241125,1.556,1.593,1.555,1.576,408001107,641833088.00
20241126,1.567,1.575,1.549,1.558,204586759,320224480.00
20241127,1.565,1.585,1.562,1.567,221056758,347819136.00
20241128,1.571,1.579,1.556,1.561,167830168,263076000.00
20241129,1.555,1.567,1.546,1.559,169851984,264403360.00
数据来源:通达信
