512200 房地产ETF 日线 后复权
      日期	    开盘	    最高	    最低	    收盘	    成交量	    成交额
20170925,0.982,0.982,0.950,0.950,76124600,73084576.00
20170926,0.953,0.962,0.950,0.956,20895900,19954482.00
20170927,0.956,0.966,0.956,0.963,8733500,8383671.00
20170928,0.955,0.962,0.945,0.946,6940100,6628677.00
20170929,0.946,0.956,0.946,0.949,8949200,8517971.00
20171009,0.962,0.999,0.959,0.960,6424400,6209225.00
20171010,0.959,0.961,0.953,0.961,3839600,3672421.00
20171011,0.961,0.964,0.957,0.958,5830700,5596136.00
20171012,0.956,0.959,0.950,0.954,3134700,2993642.00
20171013,0.957,0.958,0.953,0.954,2570600,2454426.00
20171016,0.955,0.955,0.941,0.941,4705600,4467398.00
20171017,0.942,0.947,0.939,0.942,5663900,5333858.00
20171018,0.942,0.946,0.941,0.943,1795900,1693020.00
20171019,0.941,0.941,0.931,0.933,3076100,2874741.00
20171020,0.934,0.944,0.933,0.944,13962700,13129505.00
20171023,0.943,0.947,0.943,0.945,2839600,2684146.00
20171024,0.946,0.960,0.943,0.956,3609100,3435755.00
20171025,0.956,0.968,0.956,0.961,5109800,4919077.00
20171026,0.958,0.962,0.955,0.960,3212400,3080489.00
20171027,0.960,0.967,0.953,0.954,5818300,5587766.00
20171030,0.954,0.958,0.943,0.954,4073500,3864885.00
20171031,0.950,0.958,0.948,0.957,5978400,5689487.00
20171101,0.955,0.971,0.955,0.957,4422400,4261440.00
20171102,0.954,0.955,0.949,0.952,2363400,2249592.00
20171103,0.951,0.951,0.935,0.942,4231600,3995161.00
20171106,0.940,0.940,0.928,0.933,2091900,1948081.00
20171107,0.930,0.940,0.930,0.940,3609100,3373859.00
20171108,0.938,0.947,0.938,0.941,9678500,9111216.00
20171109,0.940,0.946,0.940,0.945,2200600,2071385.00
20171110,0.941,0.945,0.939,0.940,2046200,1924219.00
20171113,0.941,0.943,0.937,0.940,3929800,3694276.00
20171114,0.936,0.948,0.935,0.945,17555300,16525431.00
20171115,0.941,0.950,0.940,0.948,5844600,5514737.00
20171116,0.944,0.959,0.944,0.955,4214700,4023431.00
20171117,0.955,0.961,0.947,0.948,3478000,3324014.00
20171120,0.951,0.951,0.932,0.945,2974900,2782898.00
20171121,0.934,0.973,0.934,0.970,6095500,5883297.00
20171122,0.975,0.983,0.970,0.977,5102300,4991910.00
20171123,0.978,0.980,0.956,0.956,5623800,5479521.00
20171124,0.960,0.967,0.950,0.965,2651000,2542450.00
20171127,0.965,0.973,0.955,0.958,4631500,4470867.00
20171128,0.953,0.956,0.946,0.955,2474700,2357453.00
20171129,0.955,0.993,0.953,0.991,6008400,5851209.00
20171130,0.990,0.990,0.962,0.963,2272100,2219869.00
20171201,0.960,0.981,0.959,0.967,3226300,3127056.00
20171204,0.965,0.967,0.957,0.964,10422400,10018000.00
20171205,0.957,0.964,0.957,0.958,1494500,1435031.00
20171206,0.955,0.959,0.946,0.953,3957200,3785568.00
20171207,0.956,0.978,0.953,0.953,3107900,2988635.00
20171208,0.950,0.958,0.945,0.955,3869000,3683638.00
20171211,0.954,0.959,0.952,0.959,616700,589520.00
20171212,0.960,0.968,0.955,0.955,1313100,1261054.00
20171213,0.956,0.958,0.951,0.957,333900,318767.00
20171214,0.956,0.959,0.954,0.955,1081100,1035623.00
20171215,0.951,0.952,0.943,0.944,1152800,1092437.00
20171218,0.950,0.950,0.850,0.934,1857300,1725287.00
20171219,0.936,0.946,0.936,0.946,1503500,1413952.00
20171220,0.946,0.946,0.931,0.934,1576500,1472602.00
20171221,0.936,0.954,0.934,0.948,586400,553750.00
20171222,0.948,0.950,0.945,0.945,263800,250259.00
20171225,0.957,0.969,0.950,0.953,1625500,1561057.00
20171226,0.953,0.959,0.953,0.959,2025600,1938379.00
20171227,0.958,0.965,0.952,0.954,2465100,2364887.00
20171228,0.950,0.957,0.950,0.953,85400,81592.00
20171229,0.953,0.970,0.953,0.967,3821400,3683883.00
20180102,0.972,1.001,0.972,0.994,8787900,8747553.00
20180103,0.994,1.008,0.990,1.004,10867500,10907648.00
20180104,1.003,1.008,0.996,1.006,8229700,8265106.00
20180105,1.009,1.065,0.997,1.042,21453800,22138462.00
20180108,1.100,1.100,1.050,1.067,18934700,20257592.00
20180109,1.062,1.080,1.056,1.069,10749200,11505710.00
20180110,1.070,1.085,1.060,1.068,4286500,4599348.00
20180111,1.065,1.069,1.052,1.064,6694000,7097340.00
20180112,1.066,1.092,1.066,1.079,8837500,9555245.00
20180115,1.078,1.090,1.065,1.072,8615100,9311090.00
20180116,1.065,1.147,1.065,1.135,23812900,26346664.00
20180117,1.133,1.140,1.090,1.121,19399800,21784686.00
20180118,1.124,1.124,1.104,1.112,11121800,12398743.00
20180119,1.110,1.134,1.095,1.114,15165300,16993900.00
20180122,1.109,1.114,1.097,1.110,7488000,8287441.00
20180123,1.112,1.147,1.110,1.143,18459600,20836294.00
20180124,1.140,1.152,1.125,1.129,12078900,13765202.00
20180125,1.125,1.125,1.098,1.115,7151200,7958386.00
20180126,1.110,1.138,1.109,1.128,13335000,15020919.00
20180129,1.128,1.144,1.110,1.119,9356200,10566061.00
20180130,1.115,1.118,1.091,1.092,3554000,3922067.00
20180131,1.096,1.116,1.082,1.107,6688100,7366438.00
20180201,1.107,1.112,1.078,1.083,9713200,10646179.00
20180202,1.084,1.084,1.008,1.081,7141200,7651178.00
20180205,1.058,1.086,1.058,1.085,4909800,5302172.00
20180206,1.065,1.066,1.025,1.030,7000100,7335947.00
20180207,1.056,1.056,0.973,0.983,6616000,6696677.00
20180208,0.984,0.994,0.946,0.979,3260400,3194960.00
20180209,0.934,0.958,0.910,0.921,4757100,4412759.00
20180212,0.932,0.952,0.924,0.943,5175300,4847254.00
20180213,0.943,0.982,0.943,0.966,3644400,3537835.00
20180214,0.960,0.973,0.953,0.972,2864700,2761416.00
20180222,0.977,0.990,0.977,0.985,1536600,1513631.00
20180223,0.985,1.009,0.984,0.998,6036600,6015132.00
20180226,0.995,1.004,0.967,0.995,4023400,3957317.00
20180227,0.986,0.986,0.972,0.972,3467200,3392916.00
20180228,0.970,0.991,0.957,0.988,8228100,8054649.00
20180301,0.977,0.988,0.962,0.976,9813800,9630972.00
20180302,0.961,0.986,0.961,0.976,7592100,7407974.00
20180305,0.980,0.990,0.976,0.977,5797400,5706900.00
20180306,0.984,1.008,0.968,1.007,11628200,11489606.00
20180307,1.007,1.010,0.993,0.997,3475100,3481034.00
20180308,0.995,1.009,0.988,1.009,2759000,2755025.00
20180309,1.009,1.009,0.999,1.004,3501300,3514872.00
20180312,1.002,1.003,0.981,0.989,3948300,3913116.00
20180313,0.986,0.995,0.984,0.988,3492900,3457130.00
20180314,0.983,0.997,0.979,0.990,6453100,6368302.00
20180315,0.986,0.994,0.978,0.982,2194600,2158248.00
20180316,0.981,0.996,0.981,0.987,4491100,4435519.00
20180319,0.986,0.986,0.969,0.972,2567800,2497282.00
20180320,0.972,0.972,0.958,0.966,6464800,6226896.00
20180321,0.966,0.984,0.963,0.971,6281700,6129317.00
20180322,0.964,0.972,0.957,0.961,785200,755458.00
20180323,0.945,0.956,0.909,0.927,2311500,2147348.00
20180326,0.927,0.927,0.908,0.922,915000,836006.00
20180327,0.940,0.943,0.930,0.936,3341900,3128657.00
20180328,0.922,0.945,0.922,0.935,2752000,2574347.00
20180329,0.940,0.988,0.925,0.971,4957800,4751471.00
20180330,0.971,0.971,0.955,0.961,2799900,2693957.00
20180402,0.962,0.978,0.958,0.961,6476700,6270344.00
20180403,0.948,0.960,0.944,0.954,6268200,5966181.00
20180404,0.950,0.961,0.946,0.947,3208900,3067271.00
20180409,0.947,0.948,0.933,0.939,1920100,1804443.00
20180410,0.940,0.960,0.940,0.960,3019900,2870826.00
20180411,0.960,0.978,0.956,0.971,4732500,4567135.00
20180412,0.963,0.979,0.955,0.959,1555300,1497121.00
20180413,0.961,0.969,0.948,0.950,634800,609511.00
20180416,0.947,0.949,0.923,0.928,1763900,1642435.00
20180417,0.929,0.929,0.912,0.916,1880500,1728500.00
20180418,0.922,0.928,0.909,0.921,2322700,2132614.00
20180419,0.923,0.927,0.903,0.922,678100,625059.00
20180420,0.921,0.921,0.906,0.906,1352900,1233348.00
20180423,0.909,0.912,0.900,0.907,1537900,1394777.00
20180424,0.907,0.934,0.907,0.929,3190100,2967360.00
20180425,0.928,0.928,0.919,0.920,1304800,1201756.00
20180426,0.925,0.925,0.903,0.903,2502600,2285607.00
20180427,0.910,0.910,0.889,0.900,3484100,3121426.00
20180502,0.901,0.905,0.897,0.901,1194900,1077348.00
20180503,0.900,0.906,0.892,0.903,856100,768165.00
20180504,0.905,0.911,0.903,0.904,2111500,1915611.00
20180507,0.910,0.916,0.902,0.914,2579700,2350249.00
20180508,0.914,0.934,0.914,0.928,2931400,2715011.00
20180509,0.928,0.930,0.921,0.924,1368700,1269551.00
20180510,0.929,0.930,0.920,0.930,420800,389685.00
20180511,0.928,0.930,0.922,0.922,1499100,1389784.00
20180514,0.928,0.928,0.915,0.917,1168000,1074207.00
20180515,0.920,0.921,0.915,0.921,237800,218376.00
20180516,0.921,0.922,0.912,0.915,477500,437325.00
20180517,0.915,0.921,0.911,0.911,1853800,1699235.00
20180518,0.911,0.917,0.906,0.916,607400,553734.00
20180521,0.917,0.920,0.915,0.916,558600,512828.00
20180522,0.914,0.914,0.903,0.907,1062200,962048.00
20180523,0.906,0.906,0.896,0.897,712300,640716.00
20180524,0.895,0.898,0.891,0.894,757300,677530.00
20180525,0.895,0.895,0.887,0.888,1416700,1264167.00
20180528,0.888,0.890,0.881,0.883,515100,455434.00
20180529,0.885,0.890,0.862,0.870,2014100,1751580.00
20180530,0.863,0.863,0.847,0.848,1467300,1252561.00
20180531,0.851,0.865,0.842,0.860,3206900,2722230.00
20180601,0.861,0.868,0.852,0.858,2664000,2293009.00
20180604,0.862,0.874,0.858,0.871,3155900,2737692.00
20180605,0.875,0.878,0.866,0.876,1434500,1250835.00
20180606,0.875,0.878,0.870,0.872,1427800,1243687.00
20180607,0.873,0.882,0.873,0.878,1669600,1464461.00
20180608,0.872,0.873,0.860,0.866,761300,658049.00
20180611,0.861,0.879,0.861,0.874,4594700,4004563.00
20180612,0.875,0.883,0.868,0.877,1497600,1311859.00
20180613,0.876,0.887,0.873,0.873,3960700,3489443.00
20180614,0.873,0.879,0.865,0.870,684100,595665.00
20180615,0.868,0.889,0.868,0.876,3326600,2929937.00
20180619,0.871,0.871,0.823,0.832,1582400,1336047.00
20180620,0.838,0.845,0.828,0.844,1520800,1270979.00
20180621,0.845,0.862,0.840,0.847,2199000,1874733.00
20180622,0.847,0.851,0.836,0.849,1560700,1319633.00
20180625,0.860,0.860,0.826,0.827,807400,676512.00
20180626,0.825,0.825,0.785,0.805,2006600,1607720.00
20180627,0.805,0.805,0.776,0.783,1759800,1378763.00
20180628,0.782,0.787,0.772,0.772,354200,276341.00
20180629,0.778,0.793,0.772,0.793,1076400,845564.00
20180702,0.793,0.793,0.755,0.761,1950100,1508293.00
20180703,0.762,0.766,0.748,0.765,1216400,923263.00
20180704,0.761,0.764,0.751,0.752,760700,574732.00
20180705,0.755,0.755,0.738,0.739,811400,604179.00
20180706,0.739,0.743,0.721,0.741,1091400,799268.00
20180709,0.741,0.755,0.741,0.755,1427200,1072148.00
20180710,0.751,0.769,0.751,0.763,6027100,4576386.00
20180711,0.752,0.752,0.739,0.746,691300,515918.00
20180712,0.747,0.763,0.747,0.760,448200,340340.00
20180713,0.760,0.782,0.760,0.764,2792400,2150209.00
20180716,0.760,0.762,0.748,0.754,801300,604794.00
20180717,0.748,0.754,0.745,0.751,748300,560967.00
20180718,0.751,0.752,0.744,0.744,601200,450212.00
20180719,0.745,0.747,0.739,0.740,555700,413973.00
20180720,0.740,0.755,0.732,0.751,915800,681644.00
20180723,0.750,0.769,0.745,0.765,941200,716499.00
20180724,0.770,0.795,0.770,0.785,2755700,2166637.00
20180725,0.785,0.789,0.779,0.786,1524600,1195021.00
20180726,0.786,0.794,0.780,0.783,3742200,2950211.00
20180727,0.778,0.787,0.774,0.782,3026000,2357102.00
20180730,0.785,0.785,0.770,0.775,3421400,2669969.00
20180731,0.779,0.785,0.775,0.784,2006400,1565230.00
20180801,0.780,0.780,0.757,0.757,1723600,1323527.00
20180802,0.750,0.751,0.720,0.734,2320100,1702807.00
20180803,0.738,0.739,0.726,0.727,970100,709321.00
20180806,0.727,0.727,0.708,0.711,1424800,1021230.00
20180807,0.709,0.735,0.709,0.732,1895000,1377049.00
20180808,0.732,0.738,0.724,0.724,2546800,1868999.00
20180809,0.724,0.744,0.724,0.741,1258700,920674.00
20180810,0.741,0.765,0.741,0.756,1159300,876521.00
20180813,0.750,0.750,0.736,0.750,1045700,775665.00
20180814,0.741,0.744,0.736,0.736,1132800,838569.00
20180815,0.736,0.736,0.730,0.732,1282500,941022.00
20180816,0.730,0.737,0.721,0.731,277200,202141.00
20180817,0.736,0.738,0.725,0.725,206000,150512.00
20180820,0.731,0.731,0.721,0.728,211800,153410.00
20180821,0.733,0.743,0.730,0.735,355100,262514.00
20180822,0.735,0.742,0.735,0.736,141100,103819.00
20180823,0.736,0.740,0.729,0.738,128400,94319.00
20180824,0.732,0.739,0.730,0.735,406600,299495.00
20180827,0.739,0.755,0.739,0.752,457900,341272.00
20180828,0.752,0.757,0.752,0.757,487000,367409.00
20180829,0.755,0.760,0.754,0.756,284800,216077.00
20180830,0.759,0.759,0.750,0.750,397400,300175.00
20180831,0.746,0.760,0.744,0.753,1205000,908999.00
20180903,0.745,0.756,0.745,0.749,1563000,1175708.00
20180904,0.749,0.762,0.749,0.761,1075100,811254.00
20180905,0.762,0.762,0.745,0.745,738800,552550.00
20180906,0.745,0.749,0.733,0.737,3396500,2519936.00
20180907,0.739,0.746,0.733,0.741,3396900,2508420.00
20180910,0.742,0.747,0.736,0.736,1723000,1277430.00
20180911,0.736,0.740,0.729,0.732,585100,431388.00
20180912,0.732,0.734,0.727,0.729,867900,634180.00
20180913,0.739,0.739,0.728,0.736,161000,118487.00
20180914,0.745,0.745,0.730,0.737,767100,563419.00
20180917,0.732,0.733,0.724,0.728,43100,31323.00
20180918,0.726,0.737,0.723,0.734,342800,250144.00
20180919,0.734,0.766,0.734,0.762,5198300,3920835.00
20180920,0.750,0.768,0.750,0.759,2007700,1525405.00
20180921,0.762,0.784,0.758,0.781,1737600,1349941.00
20180925,0.775,0.775,0.752,0.758,1156400,877326.00
20180926,0.758,0.764,0.750,0.758,1636700,1236526.00
20180927,0.751,0.756,0.748,0.749,798400,600617.00
20180928,0.749,0.756,0.747,0.752,1827900,1375286.00
20181008,0.752,0.752,0.717,0.719,2666700,1928401.00
20181009,0.719,0.719,0.708,0.712,861500,611969.00
20181010,0.712,0.716,0.705,0.709,965100,685569.00
20181011,0.680,0.694,0.660,0.667,1199700,812003.00
20181012,0.665,0.670,0.647,0.670,2042300,1355585.00
20181015,0.669,0.671,0.656,0.658,531100,354272.00
20181016,0.659,0.664,0.638,0.640,157400,101910.00
20181017,0.650,0.650,0.640,0.648,736100,475707.00
20181018,0.641,0.642,0.633,0.633,383200,244424.00
20181019,0.631,0.654,0.602,0.654,310900,199999.00
20181022,0.656,0.689,0.656,0.679,1269300,864809.00
20181023,0.679,0.686,0.668,0.672,140700,95146.00
20181024,0.676,0.686,0.671,0.674,108000,73193.00
20181025,0.670,0.692,0.657,0.689,1060600,723904.00
20181026,0.686,0.750,0.686,0.726,2175800,1559173.00
20181029,0.715,0.715,0.684,0.690,2067200,1434798.00
20181030,0.690,0.711,0.686,0.710,2005200,1401648.00
20181031,0.709,0.717,0.697,0.714,1605900,1131156.00
20181101,0.722,0.731,0.717,0.719,955300,691738.00
20181102,0.734,0.734,0.710,0.728,1294900,934203.00
20181105,0.711,0.721,0.711,0.721,504600,361592.00
20181106,0.721,0.730,0.717,0.728,2710700,1959590.00
20181107,0.726,0.732,0.720,0.722,1965200,1423249.00
20181108,0.721,0.731,0.721,0.722,1471500,1070649.00
20181109,0.722,0.725,0.716,0.720,577700,416518.00
20181112,0.721,0.734,0.718,0.733,1180100,857717.00
20181113,0.725,0.750,0.725,0.749,4064400,2977624.00
20181114,0.749,0.758,0.745,0.747,2075800,1554095.00
20181115,0.740,0.756,0.740,0.755,467200,350749.00
20181116,0.755,0.777,0.752,0.773,735000,562324.00
20181119,0.780,0.800,0.778,0.799,5047900,4000617.00
20181120,0.799,0.799,0.773,0.773,3500900,2764320.00
20181121,0.756,0.799,0.756,0.791,3744100,2924623.00
20181122,0.791,0.791,0.771,0.779,728500,566195.00
20181123,0.779,0.779,0.745,0.751,1108300,838657.00
20181126,0.751,0.761,0.747,0.748,993500,746956.00
20181127,0.749,0.755,0.742,0.746,2456500,1844627.00
20181128,0.747,0.762,0.746,0.762,4953200,3722324.00
20181129,0.768,0.769,0.741,0.744,1852700,1408990.00
20181130,0.740,0.749,0.730,0.749,1424000,1056086.00
20181203,0.749,0.764,0.741,0.754,913600,689141.00
20181204,0.751,0.771,0.745,0.753,5581800,4189201.00
20181205,0.742,0.753,0.740,0.745,1728300,1288928.00
20181206,0.742,0.743,0.735,0.735,1071300,791349.00
20181207,0.738,0.746,0.738,0.739,1311400,974751.00
20181210,0.739,0.740,0.730,0.730,1216100,895880.00
20181211,0.732,0.751,0.732,0.751,2333400,1731234.00
20181212,0.753,0.758,0.749,0.750,7500600,5638161.00
20181213,0.751,0.771,0.751,0.769,4598300,3494529.50
20181214,0.769,0.769,0.747,0.747,1891200,1430373.00
20181217,0.745,0.780,0.739,0.749,465700,347131.00
20181218,0.746,0.746,0.726,0.733,402600,295495.00
20181219,0.740,0.742,0.728,0.731,1512600,1116069.00
20181220,0.731,0.747,0.727,0.731,5623300,4102181.00
20181221,0.724,0.724,0.708,0.716,4502600,3193371.00
20181224,0.716,0.716,0.706,0.712,1358400,961773.00
20181225,0.711,0.711,0.696,0.708,617000,432368.00
20181226,0.707,0.710,0.702,0.710,315500,222665.00
20181227,0.720,0.720,0.704,0.705,1374800,982855.00
20181228,0.705,0.710,0.701,0.706,1119400,786890.00
20190102,0.706,0.706,0.698,0.701,227000,159445.00
20190103,0.701,0.710,0.700,0.702,61700,43329.00
20190104,0.698,0.720,0.697,0.720,351200,248367.00
20190107,0.729,0.771,0.725,0.733,1668100,1221260.00
20190108,0.727,0.727,0.719,0.722,1512500,1092013.00
20190109,0.722,0.737,0.722,0.727,1866100,1366935.00
20190110,0.727,0.728,0.720,0.722,1613000,1169424.00
20190111,0.722,0.727,0.720,0.727,1457300,1055550.00
20190114,0.728,0.728,0.718,0.719,1329300,962337.00
20190115,0.717,0.727,0.709,0.727,839400,604490.00
20190116,0.727,0.739,0.723,0.734,2030800,1478199.00
20190117,0.730,0.732,0.724,0.727,659200,480745.00
20190118,0.727,0.734,0.725,0.733,2611200,1905404.00
20190121,0.733,0.737,0.726,0.732,5134500,3767698.00
20190122,0.731,0.741,0.726,0.728,2158900,1585378.00
20190123,0.727,0.727,0.722,0.726,1131100,819877.00
20190124,0.724,0.728,0.721,0.728,451500,326738.00
20190125,0.729,0.739,0.728,0.732,12456900,9153560.00
20190128,0.732,0.747,0.727,0.740,3225400,2369910.00
20190129,0.730,0.739,0.719,0.734,3265100,2381805.00
20190130,0.732,0.759,0.732,0.737,6086200,4549964.00
20190131,0.737,0.746,0.737,0.741,2703900,2000395.00
20190201,0.743,0.746,0.734,0.746,1677700,1241439.00
20190211,0.745,0.759,0.740,0.759,1441900,1080126.00
20190212,0.758,0.761,0.750,0.761,1552300,1177051.00
20190213,0.761,0.776,0.758,0.775,3085500,2362992.00
20190214,0.771,0.778,0.770,0.776,3112200,2411746.00
20190215,0.776,0.776,0.760,0.760,1698400,1302650.00
20190218,0.760,0.785,0.760,0.780,3994200,3081461.00
20190219,0.780,0.791,0.778,0.787,2320800,1826069.00
20190220,0.780,0.798,0.772,0.793,1278300,1007837.00
20190221,0.790,0.797,0.780,0.780,2174000,1721283.00
20190222,0.780,0.795,0.777,0.795,874200,685711.00
20190225,0.795,0.853,0.795,0.853,4077900,3335914.00
20190226,0.856,0.858,0.832,0.838,6380300,5382551.00
20190227,0.836,0.856,0.833,0.841,4693100,3962022.00
20190228,0.841,0.858,0.839,0.842,4969800,4233457.00
20190301,0.842,0.845,0.828,0.843,4247300,3559497.00
20190304,0.844,0.889,0.844,0.878,7944600,6894031.00
20190305,0.878,0.899,0.860,0.895,12906600,11394772.00
20190306,0.895,0.899,0.884,0.899,5658500,5041503.00
20190307,0.885,0.902,0.880,0.891,5062900,4501581.00
20190308,0.880,0.887,0.840,0.850,2788400,2421212.00
20190311,0.850,0.865,0.835,0.864,3978200,3369187.00
20190312,0.861,0.888,0.861,0.874,2325800,2042903.00
20190313,0.874,0.907,0.871,0.899,3774800,3381470.00
20190314,0.918,0.919,0.868,0.883,4233300,3762239.00
20190315,0.880,0.919,0.860,0.911,3099500,2803910.00
20190318,0.920,0.933,0.895,0.932,2912800,2657726.00
20190319,0.932,0.951,0.926,0.933,5181800,4866902.00
20190320,0.933,0.944,0.910,0.943,4181900,3902434.00
20190321,0.952,0.965,0.935,0.941,5875900,5564722.00
20190322,0.941,0.946,0.927,0.942,2960900,2765814.00
20190325,0.933,0.942,0.920,0.928,4847100,4542564.00
20190326,0.928,0.931,0.904,0.917,2223800,2033931.00
20190327,0.917,0.930,0.901,0.919,1769800,1611078.00
20190328,0.915,0.917,0.882,0.899,1856200,1674588.00
20190329,0.893,0.950,0.893,0.940,3571000,3303116.00
20190401,0.960,0.988,0.960,0.982,8429200,8255571.00
20190402,0.991,0.991,0.971,0.990,4690100,4598500.00
20190403,0.988,1.089,0.969,0.998,7013800,6992246.00
20190404,1.020,1.020,0.987,0.999,10158300,10156944.00
20190408,1.001,1.011,0.975,0.987,9245700,9206174.00
20190409,0.993,1.021,0.993,1.015,10635500,10731012.00
20190410,1.020,1.020,1.000,1.010,7472700,7535240.00
20190411,1.012,1.014,0.985,0.989,11649900,11614048.00
20190412,0.989,0.996,0.975,0.993,3550200,3497886.00
20190415,1.012,1.020,0.977,0.977,3600600,3590762.00
20190416,0.977,0.992,0.950,0.992,3424100,3317517.00
20190417,0.993,0.993,0.977,0.982,2945600,2896847.00
20190418,0.974,0.981,0.968,0.978,6487000,6312502.00
20190419,0.967,0.980,0.963,0.978,4266900,4148141.00
20190422,0.970,0.970,0.940,0.948,5381000,5123560.00
20190423,0.944,0.955,0.939,0.948,1792000,1695081.00
20190424,0.949,0.949,0.931,0.944,2586400,2430816.00
20190425,0.942,0.945,0.917,0.921,2672600,2480827.00
20190426,0.917,0.922,0.905,0.905,2616600,2386381.00
20190429,0.906,0.913,0.896,0.898,2199400,1987897.00
20190430,0.898,0.910,0.895,0.906,2228600,2015194.00
20190506,0.890,0.890,0.836,0.847,3984100,3416411.00
20190507,0.867,0.867,0.847,0.855,2581900,2208828.00
20190508,0.845,0.867,0.844,0.858,1012500,865090.00
20190509,0.850,0.857,0.836,0.837,990800,836127.00
20190510,0.850,0.869,0.831,0.867,2638900,2254575.00
20190513,0.867,0.867,0.854,0.865,541900,466308.00
20190514,0.848,0.866,0.848,0.861,2318400,1989271.00
20190515,0.865,0.875,0.863,0.874,3232500,2806988.00
20190516,0.864,0.879,0.864,0.878,398100,347174.00
20190517,0.878,0.880,0.850,0.853,769400,664785.00
20190520,0.853,0.853,0.834,0.842,940700,790790.00
20190521,0.842,0.861,0.842,0.853,963100,822957.00
20190522,0.855,0.855,0.847,0.851,114100,97170.00
20190523,0.844,0.854,0.836,0.844,3995900,3356738.00
20190524,0.844,0.844,0.834,0.838,803300,673592.00
20190527,0.835,0.853,0.833,0.847,2854200,2391716.00
20190528,0.854,0.863,0.850,0.857,2082600,1782420.00
20190529,0.857,0.859,0.851,0.854,547300,467810.00
20190530,0.848,0.848,0.841,0.848,520900,440249.00
20190531,0.850,0.854,0.846,0.850,375800,319034.00
20190603,0.849,0.855,0.838,0.849,321100,271859.00
20190604,0.850,0.850,0.831,0.834,1346000,1122384.00
20190605,0.844,0.853,0.835,0.845,2166900,1833450.00
20190606,0.845,0.845,0.830,0.837,431200,360212.00
20190610,0.843,0.850,0.838,0.845,1156900,979692.00
20190611,0.845,0.888,0.845,0.875,5350000,4601785.00
20190612,0.867,0.867,0.858,0.860,2676600,2304480.00
20190613,0.856,0.860,0.850,0.858,1327600,1137815.00
20190614,0.858,0.865,0.852,0.855,1011700,870092.00
20190617,0.844,0.861,0.844,0.861,462100,394517.00
20190618,0.854,0.854,0.844,0.848,1980300,1679140.00
20190619,0.854,0.869,0.850,0.854,3488300,2995908.00
20190620,0.854,0.872,0.853,0.869,2374600,2042710.00
20190621,0.866,0.878,0.866,0.875,1785500,1560375.00
20190624,0.875,0.875,0.864,0.872,974100,847337.00
20190625,0.872,0.872,0.856,0.867,947800,816011.00
20190626,0.857,0.868,0.857,0.865,1836400,1588531.00
20190627,0.865,0.872,0.861,0.865,3635600,3151999.00
20190628,0.865,0.866,0.858,0.865,1320600,1140183.00
20190701,0.874,0.886,0.870,0.886,1397600,1224149.00
20190702,0.880,0.886,0.875,0.885,917500,807005.00
20190703,0.885,0.899,0.880,0.896,5113500,4562755.00
20190704,0.882,0.910,0.882,0.899,53151900,47820524.00
20190705,0.898,0.898,0.880,0.885,5486100,4853054.00
20190708,0.885,0.885,0.856,0.864,3824800,3323579.00
20190709,0.866,0.873,0.861,0.864,3459400,3000678.00
20190710,0.865,0.865,0.855,0.859,576700,495540.00
20190711,0.863,0.866,0.852,0.857,3163100,2714222.00
20190712,0.857,0.866,0.852,0.864,2790200,2402351.00
20190715,0.869,0.869,0.835,0.865,2433300,2093947.00
20190716,0.864,0.875,0.860,0.873,3617700,3144903.00
20190717,0.874,0.880,0.870,0.878,2251900,1973275.00
20190718,0.875,0.875,0.866,0.866,1612100,1402631.00
20190719,0.867,0.893,0.867,0.890,6202300,5494329.00
20190722,0.890,0.896,0.880,0.887,3603400,3204761.00
20190723,0.884,0.885,0.869,0.873,3240500,2841732.00
20190724,0.875,0.879,0.872,0.875,1756900,1539137.00
20190725,0.871,0.875,0.868,0.875,1401200,1220348.00
20190726,0.873,0.878,0.870,0.876,1769700,1544477.00
20190729,0.875,0.877,0.870,0.871,560800,489125.00
20190730,0.871,0.880,0.871,0.879,2519300,2210076.00
20190731,0.874,0.877,0.854,0.857,5733300,4929849.00
20190801,0.856,0.856,0.839,0.840,2282300,1926651.00
20190802,0.826,0.829,0.820,0.828,1561100,1285326.00
20190805,0.825,0.825,0.808,0.810,1549200,1261874.00
20190806,0.805,0.805,0.784,0.798,2529500,2011372.00
20190807,0.798,0.806,0.798,0.802,2049900,1646460.00
20190808,0.807,0.807,0.800,0.802,721500,578168.00
20190809,0.804,0.804,0.789,0.794,3019800,2398318.00
20190812,0.794,0.802,0.791,0.801,760500,606815.00
20190813,0.802,0.802,0.793,0.795,583200,463229.00
20190814,0.797,0.802,0.794,0.795,886300,708084.00
20190815,0.791,0.800,0.783,0.798,1801700,1428791.00
20190816,0.798,0.805,0.798,0.799,1067100,855463.00
20190819,0.805,0.825,0.805,0.824,2424600,1977168.00
20190820,0.825,0.833,0.824,0.829,3212500,2662648.00
20190821,0.827,0.835,0.827,0.831,1495900,1246997.00
20190822,0.831,0.831,0.823,0.826,474100,391701.00
20190823,0.824,0.830,0.824,0.829,3542700,2928479.00
20190826,0.829,0.829,0.809,0.818,4724600,3841340.00
20190827,0.821,0.840,0.821,0.833,4871400,4055473.00
20190828,0.832,0.835,0.828,0.831,445700,370197.00
20190829,0.835,0.835,0.822,0.823,5024900,4161587.00
20190830,0.829,0.830,0.814,0.817,1342200,1105950.00
20190902,0.820,0.829,0.820,0.826,2160400,1781947.00
20190903,0.826,0.827,0.820,0.823,2150800,1770184.00
20190904,0.823,0.848,0.823,0.846,8615500,7238123.00
20190905,0.851,0.860,0.844,0.844,12318200,10501924.00
20190906,0.844,0.850,0.841,0.848,3508800,2962692.00
20190909,0.854,0.860,0.853,0.860,4242100,3632893.00
20190910,0.853,0.858,0.845,0.856,1750600,1489980.00
20190911,0.865,0.866,0.850,0.852,1485900,1270609.00
20190912,0.856,0.875,0.853,0.871,4611800,4002184.00
20190916,0.882,0.882,0.862,0.867,2021900,1759355.00
20190917,0.868,0.868,0.846,0.851,2326100,1987270.00
20190918,0.849,0.866,0.849,0.860,2458300,2115761.00
20190919,0.860,0.862,0.855,0.862,1655000,1419854.00
20190920,0.862,0.862,0.854,0.859,1176000,1007619.00
20190923,0.880,0.880,0.838,0.844,2050100,1740157.00
20190924,0.845,0.850,0.841,0.844,614000,518621.00
20190925,0.837,0.843,0.837,0.838,1270400,1065556.00
20190926,0.840,0.848,0.834,0.836,1566300,1320388.00
20190927,0.834,0.837,0.831,0.833,1571500,1310506.00
20190930,0.833,0.836,0.829,0.829,1220400,1017168.00
20191008,0.832,0.853,0.830,0.850,5223400,4418593.00
20191009,0.847,0.865,0.842,0.864,5125900,4401879.00
20191010,0.864,0.869,0.858,0.864,2403300,2069588.00
20191011,0.864,0.870,0.862,0.867,2631500,2278771.00
20191014,0.872,0.883,0.865,0.876,3756800,3300550.00
20191015,0.876,0.882,0.870,0.872,878700,768334.00
20191016,0.875,0.898,0.873,0.875,6843200,6050477.00
20191017,0.875,0.879,0.869,0.871,4157200,3635299.00
20191018,0.875,0.876,0.851,0.855,5872900,5081369.00
20191021,0.855,0.872,0.855,0.869,3278400,2824723.00
20191022,0.869,0.877,0.862,0.870,830000,719220.00
20191023,0.868,0.868,0.857,0.861,1913900,1652206.00
20191024,0.860,0.865,0.860,0.863,833500,718527.00
20191025,0.865,0.872,0.856,0.872,752800,653328.00
20191028,0.872,0.872,0.860,0.868,2229400,1931368.00
20191029,0.865,0.865,0.860,0.860,1627800,1402558.00
20191030,0.861,0.861,0.849,0.851,1897100,1616678.00
20191031,0.855,0.855,0.842,0.845,1136200,961668.00
20191101,0.849,0.861,0.840,0.861,965400,821885.00
20191104,0.861,0.862,0.854,0.858,1829200,1568870.00
20191105,0.858,0.868,0.854,0.862,1908600,1644613.00
20191106,0.865,0.865,0.853,0.863,1698900,1456814.00
20191107,0.859,0.862,0.856,0.857,2028500,1742236.00
20191108,0.860,0.863,0.851,0.852,642900,551333.00
20191111,0.850,0.850,0.832,0.837,2307900,1936002.00
20191112,0.837,0.837,0.830,0.834,1002200,836159.00
20191113,0.831,0.832,0.822,0.824,1977700,1634953.00
20191114,0.831,0.831,0.823,0.825,790100,652428.00
20191115,0.832,0.832,0.818,0.819,1180000,970560.00
20191118,0.818,0.827,0.815,0.825,894100,735738.00
20191119,0.825,0.835,0.824,0.834,925200,769080.00
20191120,0.834,0.837,0.829,0.830,1543200,1287585.00
20191121,0.831,0.831,0.824,0.829,1065300,883346.00
20191122,0.827,0.838,0.822,0.827,1057100,873621.00
20191125,0.828,0.851,0.828,0.850,8227700,6956341.00
20191126,0.851,0.852,0.841,0.843,6081000,5138903.00
20191127,0.845,0.851,0.841,0.841,2851300,2417119.00
20191128,0.847,0.847,0.833,0.835,973900,815521.00
20191129,0.834,0.838,0.831,0.833,2767200,2312372.00
20191202,0.836,0.848,0.836,0.848,2697400,2278027.00
20191203,0.837,0.850,0.837,0.847,3241600,2744207.00
20191204,0.840,0.845,0.838,0.840,599800,504789.00
20191205,0.840,0.845,0.840,0.845,1955900,1648473.00
20191206,0.845,0.848,0.841,0.848,1875900,1581848.00
20191209,0.849,0.864,0.848,0.864,7027000,6030156.00
20191210,0.864,0.864,0.857,0.861,3219300,2766050.00
20191211,0.863,0.874,0.863,0.866,6609500,5729890.00
20191212,0.865,0.866,0.860,0.862,5240100,4514746.00
20191213,0.864,0.873,0.864,0.873,5567100,4836840.00
20191216,0.875,0.882,0.867,0.882,4310400,3768617.00
20191217,0.884,0.913,0.878,0.898,13156100,11730590.00
20191218,0.897,0.907,0.894,0.899,8484300,7636191.00
20191219,0.899,0.904,0.894,0.899,12520300,11253277.00
20191220,0.899,0.914,0.899,0.906,14069300,12768075.00
20191223,0.903,0.912,0.882,0.884,11144200,10012146.00
20191224,0.886,0.888,0.873,0.883,8076200,7108274.00
20191225,0.877,0.885,0.877,0.884,5474700,4817044.00
20191226,0.884,0.906,0.884,0.903,18865300,16941252.00
20191227,0.902,0.908,0.894,0.898,14069000,12684038.00
20191230,0.897,0.915,0.897,0.910,59515400,54136940.00
20191231,0.910,0.922,0.907,0.920,19421400,17742152.00
20200102,0.938,0.947,0.927,0.928,20599700,19255128.00
20200103,0.928,0.928,0.915,0.923,18820800,17330056.00
20200106,0.916,0.919,0.908,0.916,19619500,17906150.00
20200107,0.916,0.921,0.913,0.921,14215100,13029376.00
20200108,0.918,0.918,0.901,0.902,19347800,17588744.00
20200109,0.913,0.923,0.912,0.921,16019200,14704359.00
20200110,0.923,0.927,0.910,0.914,10869900,9944630.00
20200113,0.910,0.921,0.908,0.920,10077200,9208308.00
20200114,0.924,0.925,0.917,0.917,13984100,12877219.00
20200115,0.916,0.917,0.905,0.908,9807300,8920451.00
20200116,0.907,0.911,0.902,0.903,10017400,9071688.00
20200117,0.907,0.909,0.899,0.902,10228700,9241782.00
20200120,0.903,0.903,0.893,0.900,15326600,13745813.00
20200121,0.895,0.900,0.880,0.883,22794200,20193912.00
20200122,0.880,0.895,0.873,0.893,32691900,28982930.00
20200123,0.886,0.886,0.854,0.861,51387500,44970368.00
20200203,0.775,0.802,0.775,0.775,27351700,21351508.00
20200204,0.763,0.785,0.761,0.778,25985300,20090484.00
20200205,0.779,0.795,0.775,0.785,10946000,8592898.00
20200206,0.790,0.802,0.779,0.796,34964500,27508812.00
20200207,0.794,0.794,0.782,0.794,22414000,17637078.00
20200210,0.793,0.813,0.785,0.811,40940300,32919808.00
20200211,0.814,0.824,0.808,0.816,33118000,27097998.00
20200212,0.816,0.820,0.811,0.820,16262600,13257337.00
20200213,0.816,0.845,0.816,0.829,38573200,32250860.00
20200214,0.829,0.858,0.829,0.856,88865200,75323704.00
20200217,0.857,0.874,0.848,0.870,66509400,57028680.00
20200218,0.866,0.866,0.848,0.856,39898600,34140936.00
20200219,0.852,0.867,0.852,0.861,48404400,41641308.00
20200220,0.851,0.870,0.849,0.870,39888700,34312576.00
20200221,0.870,0.871,0.859,0.863,33023800,28506708.00
20200224,0.855,0.856,0.842,0.850,37394000,31734368.00
20200225,0.835,0.852,0.830,0.847,36226700,30561466.00
20200226,0.840,0.888,0.836,0.867,135534400,118286264.00
20200227,0.873,0.875,0.855,0.858,60176000,51945084.00
20200228,0.840,0.861,0.820,0.834,64768700,54822272.00
20200302,0.839,0.891,0.839,0.879,107433800,93495680.00
20200303,0.887,0.895,0.868,0.880,83046700,72768776.00
20200304,0.877,0.913,0.872,0.912,204148300,182566896.00
20200305,0.900,0.919,0.896,0.916,148700800,135196128.00
20200306,0.900,0.905,0.888,0.895,83575600,74756448.00
20200309,0.871,0.877,0.865,0.866,75679600,65866160.00
20200310,0.852,0.879,0.851,0.878,46599600,40471316.00
20200311,0.879,0.889,0.873,0.873,42567400,37477008.00
20200312,0.860,0.870,0.853,0.860,29769200,25637252.00
20200313,0.830,0.856,0.817,0.851,48054000,40197824.00
20200316,0.853,0.860,0.822,0.827,43282200,36571436.00
20200317,0.831,0.839,0.793,0.816,32525800,26467164.00
20200318,0.817,0.823,0.786,0.787,42025700,33989116.00
20200319,0.785,0.787,0.752,0.773,45805500,35241648.00
20200320,0.783,0.795,0.775,0.795,38422500,30238876.00
20200323,0.771,0.775,0.759,0.760,22805400,17478878.00
20200324,0.767,0.779,0.760,0.776,22144300,17024324.00
20200325,0.788,0.814,0.786,0.811,66697000,53481124.00
20200326,0.806,0.810,0.797,0.803,29247200,23538804.00
20200327,0.808,0.826,0.806,0.810,58210400,47391148.00
20200330,0.798,0.804,0.793,0.799,34065500,27198368.00
20200331,0.802,0.808,0.788,0.793,17713400,14107417.00
20200401,0.791,0.807,0.791,0.795,18957900,15188357.00
20200402,0.791,0.805,0.790,0.804,15243600,12148436.00
20200403,0.805,0.807,0.797,0.802,14622700,11739955.00
20200407,0.812,0.816,0.809,0.814,15747500,12799281.00
20200408,0.808,0.812,0.804,0.810,14362100,11619001.00
20200409,0.810,0.815,0.808,0.810,10128400,8213260.00
20200410,0.810,0.823,0.801,0.806,42049600,34081560.00
20200413,0.801,0.805,0.797,0.802,12879100,10326846.00
20200414,0.798,0.818,0.798,0.816,22561100,18339876.00
20200415,0.813,0.816,0.804,0.806,10417600,8437534.00
20200416,0.801,0.809,0.801,0.807,12017400,9686024.00
20200417,0.811,0.817,0.809,0.811,16717400,13575723.00
20200420,0.817,0.817,0.800,0.812,47630800,38471260.00
20200421,0.810,0.811,0.796,0.802,16741200,13423327.00
20200422,0.795,0.806,0.793,0.806,15164000,12152787.00
20200423,0.807,0.809,0.802,0.805,12837300,10350012.00
20200424,0.803,0.804,0.796,0.799,13773900,11012438.00
20200427,0.799,0.811,0.799,0.804,22343300,17972832.00
20200428,0.811,0.811,0.791,0.804,22335800,17938792.00
20200429,0.803,0.819,0.801,0.819,25518100,20734816.00
20200430,0.819,0.829,0.815,0.828,19866700,16364113.00
20200506,0.816,0.822,0.814,0.822,16388800,13404893.00
20200507,0.822,0.822,0.814,0.815,12292700,10044012.00
20200508,0.820,0.827,0.815,0.827,30971800,25490510.00
20200511,0.827,0.829,0.821,0.826,17962900,14826592.00
20200512,0.824,0.824,0.814,0.818,11508600,9411916.00
20200513,0.818,0.819,0.812,0.818,9527900,7765532.00
20200514,0.816,0.816,0.808,0.809,13311600,10796992.00
20200515,0.808,0.815,0.808,0.812,11052200,8978086.00
20200518,0.813,0.820,0.811,0.816,14043000,11480437.00
20200519,0.816,0.824,0.814,0.817,14873600,12155215.00
20200520,0.815,0.815,0.808,0.810,10183000,8248993.00
20200521,0.810,0.814,0.804,0.804,21394800,17327474.00
20200522,0.804,0.805,0.791,0.792,11612600,9270001.00
20200525,0.792,0.802,0.790,0.798,13851700,11047302.00
20200526,0.801,0.807,0.799,0.807,6581100,5279296.00
20200527,0.808,0.813,0.804,0.809,14072200,11388249.00
20200528,0.811,0.823,0.808,0.814,24177100,19779780.00
20200529,0.811,0.813,0.806,0.809,30021900,24274718.00
20200601,0.810,0.831,0.810,0.830,24869700,20507076.00
20200602,0.835,0.848,0.832,0.844,32117600,27043346.00
20200603,0.846,0.857,0.840,0.840,23941500,20334214.00
20200604,0.840,0.847,0.836,0.839,13919500,11676717.00
20200605,0.839,0.840,0.830,0.837,10057600,8385357.00
20200608,0.840,0.848,0.839,0.844,17968800,15168339.00
20200609,0.844,0.849,0.840,0.844,11040900,9313153.00
20200610,0.844,0.847,0.835,0.838,11593000,9749037.00
20200611,0.838,0.843,0.830,0.835,6284900,5260282.00
20200612,0.820,0.834,0.819,0.830,6683600,5532339.00
20200615,0.825,0.839,0.824,0.827,7387100,6153907.00
20200616,0.835,0.840,0.832,0.840,7368800,6161749.00
20200617,0.840,0.840,0.832,0.838,8498000,7099067.00
20200618,0.838,0.847,0.836,0.843,11085600,9343554.00
20200619,0.830,0.850,0.830,0.842,34389600,28899456.00
20200622,0.839,0.848,0.839,0.843,20597600,17405788.00
20200623,0.840,0.844,0.835,0.841,19303700,16214411.00
20200624,0.842,0.858,0.841,0.857,50031000,42558920.00
20200629,0.855,0.856,0.838,0.841,26795500,22596616.00
20200630,0.845,0.861,0.842,0.859,60187900,51245376.00
20200701,0.863,0.915,0.858,0.910,101312800,90275360.00
20200702,0.909,0.941,0.902,0.937,155332900,143868080.00
20200703,0.940,0.953,0.924,0.952,141834000,133050944.00
20200706,0.982,1.047,0.968,1.047,471237800,472135328.00
20200707,1.100,1.114,1.007,1.015,400461100,412811456.00
20200708,1.000,1.030,0.991,1.028,316862389,318841728.00
20200709,1.018,1.037,1.005,1.029,248698500,254000592.00
20200710,1.015,1.032,1.008,1.016,197535877,201336960.00
20200713,1.015,1.034,1.001,1.030,167779500,171446096.00
20200714,1.028,1.045,1.000,1.017,171315700,174284784.00
20200715,1.017,1.026,0.982,0.988,174500200,173934640.00
20200716,0.982,1.001,0.954,0.956,81468200,80022160.00
20200717,0.969,0.971,0.939,0.951,95149097,90494088.00
20200720,0.955,0.988,0.954,0.987,126854407,124029680.00
20200721,0.993,0.997,0.981,0.987,62290207,61458872.00
20200722,0.987,1.002,0.978,0.990,77038000,76283504.00
20200723,0.984,0.984,0.955,0.974,75252400,72948496.00
20200724,0.964,0.983,0.938,0.944,152357300,145495920.00
20200727,0.945,0.947,0.921,0.927,106905700,99363640.00
20200728,0.928,0.936,0.925,0.933,103017600,95733544.00
20200729,0.930,0.950,0.921,0.950,132160700,124251816.00
20200730,0.946,0.949,0.938,0.945,110786600,104480816.00
20200731,0.940,0.956,0.935,0.946,118797500,112400600.00
20200803,0.952,0.969,0.951,0.967,100511250,96544656.00
20200804,0.979,0.985,0.963,0.982,124491050,121119992.00
20200805,0.975,0.975,0.956,0.965,81984600,78996024.00
20200806,0.965,0.975,0.956,0.970,79643200,76932464.00
20200807,0.965,0.967,0.950,0.959,92862300,89165760.00
20200810,0.954,0.987,0.954,0.980,140458200,136789264.00
20200811,0.980,0.991,0.968,0.971,137854400,135471888.00
20200812,0.965,0.981,0.957,0.980,100641800,97534728.00
20200813,0.982,0.984,0.973,0.978,68014900,66533280.00
20200814,0.979,0.996,0.972,0.996,90416000,89115584.00
20200817,1.005,1.022,0.992,1.012,139642400,141093824.00
20200818,1.013,1.015,1.003,1.010,98479400,99183488.00
20200819,1.010,1.010,0.993,0.995,127707700,127901872.00
20200820,0.992,0.993,0.980,0.985,63286000,62454368.00
20200821,0.986,0.995,0.980,0.989,62134700,61431920.00
20200824,0.988,0.996,0.984,0.987,62091500,61475016.00
20200825,0.987,0.997,0.981,0.984,53130400,52450480.00
20200826,0.980,0.987,0.967,0.974,78379500,76763504.00
20200827,0.971,0.974,0.957,0.969,55266600,53232860.00
20200828,0.969,0.982,0.965,0.981,76342900,74501928.00
20200831,0.980,0.993,0.972,0.974,83302200,82072320.00
20200901,0.969,0.974,0.965,0.971,41503600,40189916.00
20200902,0.972,0.973,0.960,0.969,78376600,75670144.00
20200903,0.967,0.973,0.960,0.963,85796800,82891968.00
20200904,0.953,0.966,0.949,0.964,53389500,51229200.00
20200907,0.961,0.982,0.955,0.960,102010800,99202496.00
20200908,0.960,0.970,0.956,0.963,62120800,59866680.00
20200909,0.950,0.964,0.946,0.950,55611000,53217604.00
20200910,0.957,0.978,0.951,0.952,67944700,65725256.00
20200911,0.950,0.954,0.943,0.949,37548500,35605296.00
20200914,0.954,0.955,0.943,0.948,31368600,29689032.00
20200915,0.948,0.956,0.944,0.956,37864800,36010640.00
20200916,0.954,0.968,0.948,0.964,58710100,56210680.00
20200917,0.960,0.964,0.953,0.958,53369500,51171916.00
20200918,0.955,0.985,0.954,0.984,90713600,88235728.00
20200921,0.984,0.988,0.976,0.978,42717900,41921804.00
20200922,0.972,0.980,0.962,0.965,26770200,25976634.00
20200923,0.967,0.970,0.957,0.961,28193600,27117326.00
20200924,0.956,0.958,0.940,0.942,39429200,37303848.00
20200925,0.940,0.947,0.921,0.924,68011000,63346208.00
20200928,0.923,0.933,0.923,0.928,47277800,43897696.00
20200929,0.926,0.932,0.925,0.925,37099300,34439336.00
20200930,0.929,0.932,0.913,0.919,39607474,36506572.00
20201009,0.924,0.931,0.924,0.928,23349300,21678284.00
20201012,0.935,0.954,0.933,0.951,48616200,45866160.00
20201013,0.948,0.950,0.940,0.943,29625700,27929684.00
20201014,0.942,0.942,0.929,0.930,28969700,27028312.00
20201015,0.930,0.934,0.926,0.928,26655100,24797100.00
20201016,0.928,0.932,0.924,0.929,37142100,34493584.00
20201019,0.932,0.948,0.924,0.926,76595000,71607760.00
20201020,0.920,0.926,0.914,0.923,41871800,38428336.00
20201021,0.922,0.923,0.912,0.920,36893500,33827212.00
20201022,0.919,0.920,0.915,0.918,42457900,38939640.00
20201023,0.920,0.922,0.915,0.917,69604200,63961344.00
20201026,0.914,0.918,0.903,0.904,43005100,39104664.00
20201027,0.903,0.905,0.894,0.896,35534200,31922548.00
20201028,0.897,0.898,0.884,0.891,32931500,29272572.00
20201029,0.882,0.891,0.879,0.889,40993900,36261668.00
20201030,0.889,0.900,0.874,0.875,46284500,41033932.00
20201102,0.873,0.879,0.870,0.873,69279800,60466688.00
20201103,0.875,0.887,0.869,0.886,37178000,32743048.00
20201104,0.886,0.886,0.878,0.884,35217363,31079456.00
20201105,0.890,0.906,0.888,0.903,92387637,83077344.00
20201106,0.904,0.908,0.900,0.906,63064863,57007156.00
20201109,0.907,0.917,0.907,0.914,69797668,63682544.00
20201110,0.925,0.925,0.906,0.909,48500300,44415360.00
20201111,0.905,0.924,0.905,0.917,70008300,64177276.00
20201112,0.913,0.917,0.906,0.911,35705300,32531220.00
20201113,0.911,0.911,0.892,0.894,34120668,30557264.00
20201116,0.894,0.906,0.894,0.906,21483400,19337346.00
20201117,0.905,0.925,0.903,0.921,111257000,101919840.00
20201118,0.920,0.936,0.913,0.928,89627400,83034608.00
20201119,0.922,0.932,0.922,0.930,81375800,75470896.00
20201120,0.927,0.928,0.917,0.925,33501611,30893694.00
20201123,0.925,0.933,0.918,0.930,86932200,80517640.00
20201124,0.931,0.932,0.920,0.923,64084000,59305768.00
20201125,0.926,0.931,0.915,0.915,73365200,67821696.00
20201126,0.911,0.915,0.904,0.912,48778800,44359340.00
20201127,0.912,0.932,0.912,0.929,78237900,72408320.00
20201130,0.930,0.951,0.922,0.926,133858395,125675584.00
20201201,0.923,0.930,0.908,0.929,103280900,94939744.00
20201202,0.929,0.946,0.924,0.935,152229300,142647392.00
20201203,0.936,0.936,0.925,0.931,66955600,62260788.00
20201204,0.928,0.929,0.915,0.918,182074600,167371968.00
20201207,0.919,0.919,0.906,0.908,63147100,57533448.00
20201208,0.907,0.909,0.902,0.904,45559289,41224096.00
20201209,0.904,0.905,0.889,0.890,86438100,77533184.00
20201210,0.890,0.892,0.885,0.889,47364500,42068404.00
20201211,0.890,0.892,0.872,0.878,133972800,117554984.00
20201214,0.882,0.887,0.879,0.886,53626500,47332536.00
20201215,0.883,0.886,0.875,0.881,56686100,49800864.00
20201216,0.879,0.880,0.871,0.876,37812800,33089130.00
20201217,0.875,0.882,0.866,0.882,88487300,77356576.00
20201218,0.882,0.884,0.873,0.875,50754900,44565492.00
20201221,0.873,0.876,0.864,0.874,52245759,45477604.00
20201222,0.871,0.875,0.860,0.861,99982000,86728240.00
20201223,0.862,0.863,0.854,0.859,55218400,47389124.00
20201224,0.858,0.862,0.845,0.848,50870800,43310688.00
20201225,0.847,0.852,0.840,0.847,75900800,64244140.00
20201228,0.847,0.848,0.838,0.841,88837600,74912144.00
20201229,0.843,0.852,0.843,0.848,94286343,79951808.00
20201230,0.848,0.848,0.841,0.845,100017600,84354824.00
20201231,0.844,0.859,0.843,0.859,88875000,75695032.00
20210104,0.851,0.853,0.835,0.840,156501200,131483216.00
20210105,0.838,0.838,0.821,0.838,178605900,147901952.00
20210106,0.837,0.841,0.833,0.839,129576400,108485032.00
20210107,0.840,0.845,0.820,0.826,174861300,145167328.00
20210108,0.824,0.836,0.818,0.832,235128086,195111904.00
20210111,0.832,0.841,0.828,0.830,216158757,180381920.00
20210112,0.830,0.834,0.822,0.833,200007214,165359376.00
20210113,0.835,0.837,0.824,0.832,378500300,314112384.00
20210114,0.834,0.849,0.830,0.842,346754940,291145376.00
20210115,0.842,0.854,0.839,0.843,365718403,309949600.00
20210118,0.846,0.858,0.838,0.858,396942663,336273184.00
20210119,0.855,0.889,0.847,0.874,601770228,522005152.00
20210120,0.870,0.870,0.858,0.863,363561230,313455840.00
20210121,0.861,0.863,0.855,0.857,277963471,238643728.00
20210122,0.853,0.856,0.833,0.834,335110300,281787072.00
20210125,0.830,0.836,0.823,0.828,278082914,230100768.00
20210126,0.826,0.835,0.824,0.824,227217590,188358496.00
20210127,0.824,0.830,0.819,0.821,208131036,171522688.00
20210128,0.812,0.818,0.805,0.807,206474165,167182128.00
20210129,0.808,0.811,0.789,0.793,179817000,143617472.00
20210201,0.789,0.799,0.788,0.798,130321200,103458080.00
20210202,0.798,0.806,0.795,0.801,109593200,87769720.00
20210203,0.800,0.801,0.788,0.791,120742567,95597960.00
20210204,0.789,0.790,0.775,0.781,132376900,103507224.00
20210205,0.779,0.801,0.779,0.794,177050195,140166288.00
20210208,0.796,0.801,0.790,0.793,132806000,105691264.00
20210209,0.792,0.796,0.784,0.796,120350100,95116024.00
20210210,0.793,0.799,0.790,0.796,111310900,88498384.00
20210218,0.803,0.817,0.800,0.816,193945801,157117568.00
20210219,0.812,0.834,0.809,0.832,204374774,168341008.00
20210222,0.832,0.850,0.829,0.837,293522699,246813504.00
20210223,0.834,0.843,0.830,0.832,147757575,123347400.00
20210224,0.834,0.849,0.830,0.838,157652001,132525912.00
20210225,0.842,0.909,0.842,0.890,606637083,537981248.00
20210226,0.870,0.881,0.860,0.863,290300983,252514272.00
20210301,0.862,0.878,0.854,0.871,212269900,183825680.00
20210302,0.876,0.890,0.861,0.864,184179005,160922032.00
20210303,0.859,0.876,0.856,0.872,107664039,93291416.00
20210304,0.868,0.881,0.859,0.862,122921300,106980392.00
20210305,0.854,0.863,0.840,0.852,107017600,91125528.00
20210308,0.853,0.863,0.840,0.842,108793600,92561896.00
20210309,0.842,0.846,0.821,0.830,99767800,83203816.00
20210310,0.831,0.833,0.817,0.819,71587000,58945720.00
20210311,0.823,0.834,0.821,0.832,67247700,55665056.00
20210312,0.832,0.855,0.825,0.847,98383200,82754440.00
20210315,0.845,0.851,0.838,0.844,107741400,90942200.00
20210316,0.844,0.870,0.842,0.867,199562900,171115920.00
20210317,0.863,0.873,0.860,0.863,144193900,124722400.00
20210318,0.864,0.870,0.862,0.864,79740300,68985832.00
20210319,0.860,0.860,0.842,0.845,82610000,70336832.00
20210322,0.844,0.858,0.843,0.857,74480900,63436444.00
20210323,0.854,0.857,0.843,0.848,57538400,48803684.00
20210324,0.845,0.845,0.831,0.834,62961000,52618936.00
20210325,0.830,0.836,0.828,0.832,47914200,39860512.00
20210326,0.834,0.838,0.833,0.834,50844200,42478652.00
20210329,0.831,0.841,0.827,0.838,67191300,56098456.00
20210330,0.836,0.845,0.833,0.840,56261038,47184624.00
20210331,0.836,0.839,0.832,0.838,48578100,40606396.00
20210401,0.839,0.841,0.834,0.839,60373800,50525800.00
20210402,0.839,0.845,0.836,0.845,72941800,61328056.00
20210406,0.845,0.847,0.842,0.844,37505600,31657976.00
20210407,0.841,0.853,0.841,0.852,88881000,75419624.00
20210408,0.849,0.850,0.840,0.841,59303700,50024060.00
20210409,0.839,0.842,0.836,0.841,44735563,37540824.00
20210412,0.840,0.847,0.839,0.841,62631400,52819708.00
20210413,0.841,0.844,0.832,0.835,53436200,44740296.00
20210414,0.832,0.843,0.832,0.842,36666529,30793144.00
20210415,0.842,0.845,0.834,0.839,40756500,34170560.00
20210416,0.841,0.857,0.839,0.857,81319800,69242608.00
20210419,0.856,0.856,0.850,0.854,51246971,43696636.00
20210420,0.851,0.854,0.845,0.848,45675200,38809372.00
20210421,0.844,0.850,0.841,0.849,46074200,39047160.00
20210422,0.848,0.858,0.847,0.849,48591000,41432824.00
20210423,0.847,0.848,0.834,0.839,64438737,54011048.00
20210426,0.839,0.841,0.830,0.832,57535100,48074408.00
20210427,0.831,0.834,0.829,0.833,37032700,30783080.00
20210428,0.833,0.837,0.831,0.836,43781600,36548256.00
20210429,0.837,0.843,0.834,0.842,49628700,41728300.00
20210430,0.840,0.842,0.827,0.830,75268200,62599568.00
20210506,0.830,0.834,0.826,0.830,41470200,34424736.00
20210507,0.829,0.829,0.820,0.822,42935200,35410696.00
20210510,0.822,0.822,0.807,0.813,46905000,38062616.00
20210511,0.812,0.825,0.806,0.824,40654400,33203094.00
20210512,0.820,0.822,0.816,0.821,32454700,26584708.00
20210513,0.816,0.828,0.816,0.826,37314399,30719904.00
20210514,0.825,0.836,0.825,0.834,55943000,46531480.00
20210517,0.836,0.840,0.832,0.835,65566400,54800660.00
20210518,0.834,0.844,0.833,0.842,52328188,43944924.00
20210519,0.842,0.843,0.834,0.835,59881200,50195600.00
20210520,0.835,0.835,0.830,0.834,36348500,30258804.00
20210521,0.834,0.835,0.829,0.830,27748700,23088368.00
20210524,0.827,0.837,0.827,0.837,33228900,27712448.00
20210525,0.837,0.845,0.833,0.845,53129300,44642244.00
20210526,0.845,0.862,0.844,0.855,109918300,93809280.00
20210527,0.850,0.858,0.848,0.856,62343300,53312124.00
20210528,0.856,0.863,0.851,0.853,63644400,54410764.00
20210531,0.854,0.855,0.847,0.853,54822900,46667028.00
20210601,0.854,0.856,0.845,0.849,57960000,49220576.00
20210602,0.851,0.856,0.844,0.849,87807217,74750560.00
20210603,0.848,0.862,0.847,0.855,101086200,86314496.00
20210604,0.855,0.857,0.845,0.848,65281500,55488028.00
20210607,0.845,0.845,0.831,0.834,82421400,68747832.00
20210608,0.835,0.843,0.835,0.837,55241900,46314768.00
20210609,0.836,0.838,0.831,0.834,57425300,47872592.00
20210610,0.834,0.834,0.828,0.829,63205300,52531736.00
20210611,0.828,0.830,0.821,0.823,60353100,49774576.00
20210615,0.822,0.823,0.808,0.810,65727400,53427604.00
20210616,0.806,0.816,0.805,0.809,53296600,43133736.00
20210617,0.807,0.813,0.805,0.810,46673300,37772124.00
20210618,0.810,0.811,0.802,0.810,48474444,39092368.00
20210621,0.806,0.808,0.802,0.808,47240400,38035032.00
20210622,0.808,0.810,0.803,0.807,53284500,43014684.00
20210623,0.805,0.811,0.804,0.811,45570100,36773860.00
20210624,0.810,0.812,0.804,0.805,42282600,34124896.00
20210625,0.806,0.811,0.804,0.810,51874000,41915872.00
20210628,0.810,0.811,0.800,0.802,73818100,59393056.00
20210629,0.802,0.804,0.796,0.797,140134800,112014648.00
20210630,0.796,0.800,0.795,0.798,85911100,68452880.00
20210701,0.798,0.821,0.796,0.817,177968744,144148016.00
20210702,0.809,0.811,0.795,0.799,126207365,101226104.00
20210705,0.797,0.800,0.791,0.794,54701200,43456256.00
20210706,0.794,0.810,0.794,0.807,125986635,101153696.00
20210707,0.801,0.808,0.797,0.803,64907900,51990848.00
20210708,0.804,0.804,0.793,0.796,59685762,47512208.00
20210709,0.795,0.801,0.792,0.799,68481600,54561204.00
20210712,0.801,0.804,0.793,0.795,75664999,60332932.00
20210713,0.794,0.802,0.792,0.800,67756300,54092204.00
20210714,0.799,0.799,0.789,0.790,72290700,57261744.00
20210715,0.791,0.791,0.784,0.791,64680800,50964184.00
20210716,0.790,0.793,0.788,0.790,43191901,34144544.00
20210719,0.787,0.787,0.774,0.779,83749500,65120700.00
20210720,0.775,0.776,0.769,0.774,83565800,64557232.00
20210721,0.773,0.777,0.766,0.768,108222200,83304328.00
20210722,0.769,0.776,0.768,0.775,133238000,102680488.00
20210723,0.775,0.776,0.767,0.770,46582300,35910888.00
20210726,0.766,0.766,0.733,0.740,166481000,123896840.00
20210727,0.736,0.739,0.713,0.713,156977800,113837696.00
20210728,0.712,0.715,0.702,0.707,111432000,78943592.00
20210729,0.713,0.715,0.705,0.710,59323800,42093136.00
20210730,0.706,0.712,0.699,0.709,54394100,38429976.00
20210802,0.707,0.723,0.698,0.720,104210000,74243760.00
20210803,0.716,0.722,0.715,0.716,85225200,61226376.00
20210804,0.714,0.717,0.710,0.713,63347200,45125976.00
20210805,0.714,0.738,0.714,0.722,117944800,85862600.00
20210806,0.716,0.723,0.712,0.721,75403700,54069304.00
20210809,0.720,0.754,0.718,0.747,151043000,111827680.00
20210810,0.742,0.751,0.734,0.746,98026000,72462176.00
20210811,0.752,0.785,0.752,0.769,212014000,164597456.00
20210812,0.771,0.774,0.759,0.763,155303100,118730600.00
20210813,0.760,0.765,0.753,0.760,56085400,42606276.00
20210816,0.765,0.776,0.759,0.770,82371300,63415176.00
20210817,0.770,0.781,0.762,0.762,92721300,71547528.00
20210818,0.762,0.776,0.755,0.775,89770700,68955040.00
20210819,0.771,0.772,0.760,0.763,76818200,58674056.00
20210820,0.761,0.767,0.755,0.766,93752504,71394200.00
20210823,0.765,0.768,0.762,0.764,52019200,39743740.00
20210824,0.761,0.771,0.761,0.770,56847300,43591816.00
20210825,0.770,0.772,0.765,0.768,31506900,24218026.00
20210826,0.767,0.772,0.758,0.761,46963500,35898908.00
20210827,0.757,0.760,0.752,0.756,61903000,46783484.00
20210830,0.754,0.754,0.742,0.745,80239900,59971772.00
20210831,0.742,0.765,0.741,0.765,62340500,46982548.00
20210901,0.763,0.789,0.761,0.788,102152100,79684840.00
20210902,0.787,0.801,0.782,0.798,80365000,63836964.00
20210903,0.801,0.808,0.792,0.798,107725800,86347120.00
20210906,0.801,0.801,0.790,0.792,71674189,56879456.00
20210907,0.792,0.799,0.786,0.798,67667000,53637464.00
20210908,0.795,0.801,0.794,0.799,43844900,34947548.00
20210909,0.799,0.802,0.793,0.800,44323700,35347632.00
20210910,0.800,0.812,0.797,0.804,72590700,58487020.00
20210913,0.803,0.820,0.797,0.819,95030506,77383432.00
20210914,0.820,0.824,0.797,0.799,101541797,82135928.00
20210915,0.793,0.799,0.784,0.789,55033000,43525136.00
20210916,0.789,0.793,0.769,0.770,50321700,39182220.00
20210917,0.768,0.779,0.767,0.776,54556800,42120292.00
20210922,0.763,0.794,0.759,0.793,81701703,63989360.00
20210923,0.793,0.823,0.793,0.812,99107000,80498384.00
20210924,0.812,0.817,0.799,0.800,54004996,43526964.00
20210927,0.800,0.803,0.772,0.777,70270766,54993148.00
20210928,0.786,0.807,0.785,0.803,119471443,95781488.00
20210929,0.799,0.806,0.792,0.793,67621934,53983696.00
20210930,0.802,0.812,0.797,0.806,101619100,81752344.00
20211008,0.807,0.813,0.796,0.802,63668700,51021776.00
20211011,0.801,0.817,0.798,0.807,55983100,45254060.00
20211012,0.802,0.824,0.800,0.811,103742500,84464208.00
20211013,0.810,0.812,0.796,0.808,113067400,91103968.00
20211014,0.803,0.804,0.789,0.790,81957800,65025596.00
20211015,0.786,0.794,0.784,0.787,61494000,48516312.00
20211018,0.785,0.787,0.767,0.783,102511300,79541288.00
20211019,0.779,0.782,0.769,0.781,101656000,78813680.00
20211020,0.776,0.777,0.766,0.769,80599000,62043920.00
20211021,0.774,0.787,0.769,0.783,194380915,151889936.00
20211022,0.789,0.816,0.788,0.799,259124700,207918096.00
20211025,0.780,0.794,0.773,0.780,139165500,108569224.00
20211026,0.777,0.784,0.764,0.767,106406067,82101144.00
20211027,0.764,0.767,0.752,0.755,73647500,55735076.00
20211028,0.755,0.756,0.739,0.739,77507500,57777292.00
20211029,0.740,0.745,0.728,0.735,138618200,101379096.00
20211101,0.733,0.737,0.726,0.729,118307992,86260104.00
20211102,0.729,0.732,0.706,0.712,161883000,116084200.00
20211103,0.713,0.724,0.711,0.722,202289000,145905248.00
20211104,0.723,0.723,0.712,0.718,133642500,95810736.00
20211105,0.714,0.718,0.704,0.706,173196400,122584728.00
20211108,0.707,0.714,0.704,0.712,163771800,116553408.00
20211109,0.710,0.716,0.710,0.716,95910599,68418200.00
20211110,0.716,0.735,0.706,0.732,295847539,213480592.00
20211111,0.732,0.781,0.732,0.780,389875366,296781760.00
20211112,0.773,0.773,0.755,0.765,239014833,182863280.00
20211115,0.765,0.766,0.753,0.763,116937433,88721792.00
20211116,0.761,0.767,0.754,0.757,127916400,97250600.00
20211117,0.758,0.760,0.749,0.758,95760600,72155744.00
20211118,0.756,0.758,0.744,0.747,87564200,65652144.00
20211119,0.744,0.775,0.742,0.771,234175183,178346560.00
20211122,0.770,0.770,0.753,0.759,130080039,98655528.00
20211123,0.759,0.769,0.757,0.764,161700680,123421856.00
20211124,0.761,0.777,0.760,0.769,115825000,89265816.00
20211125,0.770,0.776,0.765,0.767,73373000,56372288.00
20211126,0.766,0.767,0.758,0.761,53426100,40630212.00
20211129,0.752,0.755,0.749,0.753,53128000,39955368.00
20211130,0.754,0.758,0.745,0.751,69309100,52061472.00
20211201,0.748,0.763,0.748,0.759,104676200,79345328.00
20211202,0.756,0.766,0.752,0.762,100811600,76703256.00
20211203,0.763,0.773,0.758,0.771,95230100,73031544.00
20211206,0.783,0.794,0.771,0.771,142262400,111203888.00
20211207,0.786,0.794,0.778,0.791,220251600,173025184.00
20211208,0.785,0.785,0.770,0.783,153625600,119316744.00
20211209,0.780,0.799,0.778,0.797,208126300,164654912.00
20211210,0.791,0.794,0.785,0.788,129373100,102090608.00
20211213,0.788,0.793,0.780,0.784,100294500,78792136.00
20211214,0.786,0.787,0.771,0.774,143364993,110939248.00
20211215,0.774,0.785,0.772,0.779,131098368,102379560.00
20211216,0.776,0.787,0.774,0.785,88652400,69377640.00
20211217,0.785,0.793,0.780,0.784,115270440,90615624.00
20211220,0.786,0.800,0.784,0.790,177049000,140481888.00
20211221,0.792,0.831,0.790,0.829,332923029,272446560.00
20211222,0.829,0.835,0.812,0.819,239429800,196339136.00
20211223,0.811,0.816,0.799,0.805,162556500,130671000.00
20211224,0.804,0.804,0.788,0.793,183170500,145508080.00
20211227,0.795,0.810,0.795,0.799,157873300,126711152.00
20211228,0.793,0.798,0.787,0.797,139370800,110321448.00
20211229,0.794,0.798,0.791,0.793,76483900,60743244.00
20211230,0.791,0.796,0.789,0.793,128946205,102239168.00
20211231,0.795,0.811,0.792,0.804,154520700,124011888.00
20220104,0.799,0.817,0.793,0.816,179694595,145169088.00
20220105,0.813,0.832,0.813,0.819,305071100,250740288.00
20220106,0.818,0.832,0.814,0.820,151815000,124852576.00
20220107,0.823,0.847,0.821,0.835,194001800,162638960.00
20220110,0.834,0.850,0.829,0.847,212814400,178487968.00
20220111,0.845,0.867,0.841,0.848,233333500,199172512.00
20220112,0.842,0.845,0.829,0.843,177552900,148559712.00
20220113,0.844,0.853,0.830,0.832,172391700,145121312.00
20220114,0.828,0.828,0.807,0.811,148713900,121145456.00
20220117,0.807,0.824,0.807,0.821,112401490,92119448.00
20220118,0.820,0.844,0.816,0.833,166895799,138820432.00
20220119,0.836,0.849,0.831,0.838,173430299,145702016.00
20220120,0.842,0.855,0.831,0.833,373248300,315166432.00
20220121,0.828,0.836,0.820,0.826,259207606,214470112.00
20220124,0.822,0.844,0.813,0.837,142461200,118453664.00
20220125,0.833,0.833,0.803,0.804,249865200,203558592.00
20220126,0.806,0.813,0.799,0.808,156655900,126221776.00
20220127,0.803,0.809,0.793,0.794,172513700,138061680.00
20220128,0.796,0.803,0.788,0.792,115211800,91471088.00
20220207,0.790,0.807,0.784,0.807,146895600,116724816.00
20220208,0.800,0.817,0.799,0.815,143606251,115881776.00
20220209,0.811,0.830,0.810,0.815,149454700,122689200.00
20220210,0.809,0.828,0.798,0.823,159518000,130511760.00
20220211,0.829,0.841,0.821,0.823,183017700,152067776.00
20220214,0.815,0.815,0.797,0.803,187570500,150745136.00
20220215,0.798,0.801,0.786,0.794,138022500,109437528.00
20220216,0.794,0.805,0.790,0.800,119695300,95553696.00
20220217,0.800,0.801,0.788,0.791,96040600,76074464.00
20220218,0.787,0.818,0.787,0.817,195605819,157711392.00
20220221,0.814,0.828,0.807,0.826,227963784,186092592.00
20220222,0.820,0.833,0.816,0.820,171643139,141468928.00
20220223,0.819,0.822,0.808,0.813,140299700,114091392.00
20220224,0.808,0.815,0.786,0.796,207511900,166332960.00
20220225,0.797,0.805,0.788,0.793,102519599,81484344.00
20220228,0.791,0.791,0.776,0.784,321691039,251172432.00
20220301,0.781,0.795,0.781,0.795,116549039,91930664.00
20220302,0.797,0.810,0.793,0.800,188470139,150903520.00
20220303,0.802,0.816,0.800,0.816,149597100,121541048.00
20220304,0.813,0.813,0.796,0.804,254406265,204502992.00
20220307,0.803,0.815,0.801,0.804,186889239,151101696.00
20220308,0.804,0.804,0.776,0.777,135948600,107127544.00
20220309,0.778,0.783,0.726,0.751,238933770,181494272.00
20220310,0.760,0.770,0.751,0.760,120173699,91550296.00
20220311,0.751,0.767,0.740,0.766,110675099,83435992.00
20220314,0.754,0.776,0.750,0.754,109705079,83826216.00
20220315,0.745,0.745,0.687,0.689,149548770,107311552.00
20220316,0.705,0.721,0.680,0.716,165157500,115030168.00
20220317,0.751,0.780,0.740,0.749,203319000,152188912.00
20220318,0.737,0.790,0.712,0.787,258865800,198178992.00
20220321,0.780,0.785,0.765,0.780,225708700,175258336.00
20220322,0.775,0.818,0.764,0.811,329692356,262878272.00
20220323,0.806,0.839,0.798,0.827,285814390,233566752.00
20220324,0.813,0.828,0.809,0.812,203682425,166917216.00
20220325,0.807,0.830,0.799,0.814,270259236,220696272.00
20220328,0.810,0.841,0.804,0.833,256188436,212005456.00
20220329,0.824,0.833,0.810,0.815,383877700,314412896.00
20220330,0.815,0.875,0.815,0.864,389492900,331131648.00
20220331,0.860,0.897,0.857,0.873,464468764,406238880.00
20220401,0.861,0.905,0.858,0.899,393314300,344418656.00
20220406,0.914,0.940,0.897,0.927,396116600,364048736.00
20220407,0.909,0.923,0.888,0.891,436983796,393868992.00
20220408,0.883,0.925,0.870,0.913,540380948,483220096.00
20220411,0.897,0.905,0.874,0.880,537714300,476660128.00
20220412,0.869,0.888,0.854,0.858,421095041,366626464.00
20220413,0.845,0.868,0.831,0.847,423600158,359389440.00
20220414,0.849,0.891,0.845,0.880,547426894,474738336.00
20220415,0.866,0.908,0.866,0.880,571201000,508540640.00
20220418,0.864,0.885,0.847,0.851,387930900,335537152.00
20220419,0.840,0.862,0.828,0.854,457736562,387264736.00
20220420,0.851,0.854,0.806,0.813,458113755,377899264.00
20220421,0.804,0.815,0.787,0.792,519023802,416988832.00
20220422,0.781,0.805,0.772,0.796,393976002,313013728.00
20220425,0.784,0.803,0.750,0.752,405331650,316005088.00
20220426,0.755,0.778,0.749,0.753,332443450,252692736.00
20220427,0.748,0.757,0.721,0.742,503633700,371170944.00
20220428,0.735,0.770,0.735,0.763,665504725,500950016.00
20220429,0.765,0.796,0.756,0.794,628417803,488342048.00
20220505,0.798,0.802,0.769,0.786,635056966,497456672.00
20220506,0.765,0.769,0.739,0.745,612723747,462579392.00
20220509,0.738,0.763,0.738,0.754,305997781,230591568.00
20220510,0.743,0.766,0.733,0.760,387489000,290562144.00
20220511,0.757,0.769,0.750,0.756,336105300,254962784.00
20220512,0.748,0.756,0.730,0.741,423358400,314145824.00
20220513,0.741,0.780,0.738,0.779,510612605,387772320.00
20220516,0.805,0.806,0.773,0.790,534506608,420411776.00
20220517,0.783,0.788,0.766,0.778,371093599,288075520.00
20220518,0.776,0.782,0.764,0.772,270985300,209305936.00
20220519,0.760,0.791,0.758,0.791,435632499,340441856.00
20220520,0.792,0.799,0.775,0.781,740219300,579474752.00
20220523,0.778,0.781,0.762,0.766,551348100,424187680.00
20220524,0.765,0.767,0.745,0.746,599383700,453569664.00
20220525,0.746,0.754,0.738,0.752,340665213,254715760.00
20220526,0.751,0.766,0.750,0.759,376835100,285705280.00
20220527,0.759,0.761,0.750,0.755,332322263,250752736.00
20220530,0.754,0.760,0.743,0.748,360898864,270673504.00
20220531,0.746,0.749,0.737,0.748,497818153,370695680.00
20220601,0.747,0.755,0.741,0.750,494508787,370171232.00
20220602,0.747,0.749,0.737,0.739,517349555,383274944.00
20220606,0.736,0.739,0.719,0.735,729902674,529703808.00
20220607,0.731,0.744,0.730,0.744,495064789,365152736.00
20220608,0.741,0.743,0.727,0.736,566177583,416536640.00
20220609,0.732,0.747,0.732,0.738,544072100,403547712.00
20220610,0.733,0.741,0.731,0.739,422234900,311015392.00
20220613,0.733,0.735,0.715,0.718,508227400,367300384.00
20220614,0.712,0.730,0.712,0.729,601996583,434394624.00
20220615,0.730,0.761,0.727,0.750,977023300,731641216.00
20220616,0.751,0.756,0.740,0.744,600812297,448825856.00
20220617,0.740,0.745,0.731,0.740,351678000,259632272.00
20220620,0.741,0.758,0.740,0.755,633089002,476319456.00
20220621,0.755,0.774,0.752,0.757,622429868,475524416.00
20220622,0.758,0.761,0.744,0.745,370279200,278162240.00
20220623,0.744,0.760,0.739,0.759,418641300,314233920.00
20220624,0.759,0.760,0.747,0.752,618359900,464738688.00
20220627,0.753,0.761,0.748,0.756,734881120,554546496.00
20220628,0.752,0.756,0.746,0.751,651621600,488385600.00
20220629,0.750,0.783,0.750,0.775,1009226720,778951232.00
20220630,0.777,0.791,0.769,0.783,1112523461,867140480.00
20220701,0.783,0.792,0.778,0.778,480216514,376700672.00
20220704,0.776,0.780,0.767,0.775,559536943,432004896.00
20220705,0.773,0.776,0.758,0.766,635142780,486986208.00
20220706,0.760,0.766,0.743,0.750,790088276,594663744.00
20220707,0.749,0.759,0.747,0.750,467676674,351502976.00
20220708,0.750,0.759,0.746,0.752,429413629,323134464.00
20220711,0.748,0.753,0.737,0.741,448397356,333200672.00
20220712,0.740,0.751,0.738,0.745,323896904,241228960.00
20220713,0.744,0.764,0.744,0.751,492810267,371759456.00
20220714,0.745,0.748,0.733,0.740,578301853,427974464.00
20220715,0.736,0.737,0.705,0.707,841639748,601778624.00
20220718,0.704,0.729,0.703,0.727,586810248,422655360.00
20220719,0.723,0.731,0.720,0.730,275457200,200239632.00
20220720,0.730,0.735,0.728,0.731,203585053,148796032.00
20220721,0.727,0.730,0.718,0.722,400944684,289551136.00
20220722,0.723,0.726,0.712,0.719,325185458,233820512.00
20220725,0.719,0.735,0.718,0.725,387253982,281831968.00
20220726,0.726,0.757,0.724,0.755,529795401,395163008.00
20220727,0.752,0.756,0.743,0.752,536691984,403409664.00
20220728,0.751,0.765,0.747,0.755,417092302,314557600.00
20220729,0.753,0.754,0.740,0.741,531874296,396034272.00
20220801,0.740,0.742,0.728,0.735,382116345,280763392.00
20220802,0.730,0.769,0.704,0.712,475980582,340154016.00
20220803,0.712,0.720,0.694,0.696,360355900,254565472.00
20220804,0.698,0.704,0.691,0.701,294512500,205598912.00
20220805,0.702,0.713,0.700,0.713,419572000,297027904.00
20220808,0.715,0.730,0.711,0.716,279349000,200520208.00
20220809,0.714,0.721,0.706,0.713,268091300,191100624.00
20220810,0.712,0.716,0.706,0.709,222543900,157959216.00
20220811,0.711,0.720,0.711,0.720,235336700,168614016.00
20220812,0.718,0.728,0.714,0.723,273591000,197635872.00
20220815,0.723,0.732,0.719,0.722,252900200,183188336.00
20220816,0.724,0.737,0.724,0.734,296393000,216677840.00
20220817,0.732,0.750,0.728,0.744,279329200,206784480.00
20220818,0.741,0.743,0.731,0.736,199156486,146549904.00
20220819,0.736,0.755,0.734,0.744,421028840,313976288.00
20220822,0.745,0.754,0.738,0.750,256449900,191714608.00
20220823,0.749,0.752,0.739,0.744,200819400,149276368.00
20220824,0.742,0.744,0.728,0.731,297147100,218959360.00
20220825,0.735,0.742,0.729,0.739,360288800,265476224.00
20220826,0.738,0.741,0.731,0.733,254206871,186902288.00
20220829,0.727,0.734,0.720,0.734,173659200,125996408.00
20220830,0.732,0.743,0.731,0.740,256881489,189844480.00
20220831,0.741,0.752,0.738,0.738,230440970,171555600.00
20220901,0.737,0.762,0.736,0.748,326555272,245373472.00
20220902,0.746,0.748,0.739,0.746,140023100,103957256.00
20220905,0.744,0.758,0.740,0.757,353851800,264807056.00
20220906,0.755,0.776,0.753,0.772,531491466,408724608.00
20220907,0.769,0.778,0.762,0.772,304764068,235405216.00
20220908,0.773,0.779,0.764,0.772,222599866,171569712.00
20220909,0.770,0.800,0.770,0.798,604643489,479125216.00
20220913,0.793,0.798,0.776,0.780,410488048,322296128.00
20220914,0.772,0.792,0.771,0.779,461071999,360567584.00
20220915,0.781,0.802,0.779,0.796,621560201,492955136.00
20220916,0.789,0.795,0.763,0.765,334713974,260421136.00
20220919,0.759,0.768,0.749,0.766,338032200,257629808.00
20220920,0.763,0.776,0.750,0.754,295210343,224521088.00
20220921,0.750,0.771,0.741,0.764,487238127,370483424.00
20220922,0.759,0.765,0.747,0.752,214032800,161125152.00
20220923,0.746,0.768,0.744,0.745,399868441,301705376.00
20220926,0.746,0.759,0.735,0.736,250907796,187348624.00
20220927,0.737,0.747,0.724,0.746,218629700,160516224.00
20220928,0.740,0.742,0.726,0.727,256687000,188730512.00
20220929,0.732,0.732,0.709,0.714,237354600,170987760.00
20220930,0.720,0.735,0.711,0.722,405739299,293133184.00
20221010,0.724,0.745,0.723,0.724,401449300,293642176.00
20221011,0.723,0.726,0.706,0.710,329753100,234522944.00
20221012,0.708,0.725,0.702,0.722,396206399,282719904.00
20221013,0.717,0.717,0.699,0.713,271110900,191253264.00
20221014,0.711,0.728,0.711,0.716,399665100,286465888.00
20221017,0.713,0.717,0.692,0.716,416162300,293523840.00
20221018,0.716,0.719,0.702,0.707,379701396,269479200.00
20221019,0.706,0.713,0.702,0.703,301162796,212597504.00
20221020,0.698,0.703,0.693,0.699,356298214,248317840.00
20221021,0.704,0.708,0.696,0.698,348900976,245228256.00
20221024,0.695,0.696,0.670,0.672,342820711,233704784.00
20221025,0.670,0.674,0.660,0.665,251593670,167425760.00
20221026,0.667,0.670,0.654,0.662,348167218,229872320.00
20221027,0.662,0.671,0.659,0.666,249827919,166294272.00
20221028,0.662,0.666,0.639,0.641,262511926,171163200.00
20221031,0.633,0.633,0.615,0.622,353610441,220666544.00
20221101,0.622,0.637,0.615,0.635,429397880,267264224.00
20221102,0.628,0.646,0.626,0.642,317719600,202520768.00
20221103,0.635,0.644,0.632,0.636,184743800,117874848.00
20221104,0.637,0.655,0.635,0.654,251181000,162584496.00
20221107,0.649,0.662,0.647,0.658,285034941,186541024.00
20221108,0.660,0.668,0.655,0.661,183920824,121687496.00
20221109,0.666,0.686,0.666,0.674,236666671,160320784.00
20221110,0.668,0.677,0.660,0.672,185017700,123819552.00
20221111,0.686,0.737,0.686,0.724,797928262,566717504.00
20221114,0.750,0.750,0.718,0.727,1090499395,798938560.00
20221115,0.722,0.745,0.720,0.734,479126820,350600544.00
20221116,0.730,0.734,0.715,0.722,375074265,271174752.00
20221117,0.718,0.728,0.712,0.723,309154102,223178944.00
20221118,0.723,0.729,0.715,0.717,605001422,437276032.00
20221121,0.716,0.716,0.696,0.713,265651504,186973584.00
20221122,0.719,0.726,0.703,0.706,198808436,141655808.00
20221123,0.703,0.710,0.700,0.706,188681071,132972472.00
20221124,0.720,0.727,0.710,0.718,283136427,203277568.00
20221125,0.722,0.752,0.721,0.751,476950494,353870944.00
20221128,0.731,0.752,0.726,0.751,439368594,325043776.00
20221129,0.794,0.826,0.768,0.826,1273150101,1018080832.00
20221130,0.808,0.826,0.788,0.796,810076476,654071424.00
20221201,0.790,0.804,0.783,0.793,478490969,380098656.00
20221202,0.781,0.784,0.762,0.774,563591500,434189024.00
20221205,0.777,0.792,0.777,0.779,458847656,360018592.00
20221206,0.773,0.782,0.768,0.780,299913310,232700032.00
20221207,0.773,0.775,0.756,0.764,451349800,345564480.00
20221208,0.762,0.782,0.760,0.777,376865429,291410400.00
20221209,0.778,0.802,0.778,0.795,339599174,268855584.00
20221212,0.785,0.785,0.766,0.767,264697134,205200320.00
20221213,0.764,0.778,0.759,0.774,236129342,181852336.00
20221214,0.771,0.772,0.761,0.765,510661026,390733344.00
20221215,0.763,0.779,0.749,0.777,293712300,222926144.00
20221216,0.771,0.787,0.765,0.777,286129624,222358576.00
20221219,0.780,0.794,0.762,0.775,275829124,213867664.00
20221220,0.761,0.761,0.742,0.742,292217855,218984048.00
20221221,0.739,0.750,0.735,0.740,197253114,146680416.00
20221222,0.748,0.754,0.734,0.737,217860000,162076736.00
20221223,0.737,0.743,0.732,0.734,155423400,114602048.00
20221226,0.731,0.734,0.723,0.726,190600400,138734496.00
20221227,0.729,0.741,0.726,0.732,173952050,127616496.00
20221228,0.728,0.738,0.723,0.734,201166962,147077472.00
20221229,0.727,0.729,0.713,0.716,211382004,152100928.00
20221230,0.716,0.720,0.710,0.720,180291986,128940216.00
20230103,0.715,0.731,0.715,0.726,337677486,244616048.00
20230104,0.724,0.759,0.721,0.755,422653052,315582112.00
20230105,0.750,0.757,0.743,0.756,388606409,291840480.00
20230106,0.761,0.765,0.743,0.744,342637887,256760768.00
20230109,0.745,0.748,0.736,0.738,304997241,225965632.00
20230110,0.739,0.739,0.731,0.737,245430400,180603184.00
20230111,0.738,0.753,0.736,0.742,334844414,249307440.00
20230112,0.742,0.742,0.724,0.728,315083443,229997952.00
20230113,0.727,0.734,0.723,0.734,342759508,249632144.00
20230116,0.730,0.737,0.725,0.736,455310314,333623904.00
20230117,0.736,0.738,0.728,0.734,478384300,351081696.00
20230118,0.737,0.740,0.728,0.729,356346600,260715712.00
20230119,0.728,0.735,0.722,0.734,242665669,176551376.00
20230120,0.733,0.739,0.730,0.737,399365435,293512640.00
20230130,0.744,0.749,0.731,0.732,523286772,385937376.00
20230131,0.731,0.746,0.725,0.746,465134364,343219488.00
20230201,0.743,0.745,0.733,0.742,681812700,503068800.00
20230202,0.742,0.749,0.735,0.744,557185200,413160000.00
20230203,0.742,0.745,0.729,0.734,375160233,275546112.00
20230206,0.727,0.731,0.719,0.721,583023252,421636768.00
20230207,0.721,0.735,0.721,0.732,450548153,329258336.00
20230208,0.730,0.740,0.730,0.731,272499688,200472768.00
20230209,0.730,0.740,0.729,0.738,258013762,189975744.00
20230210,0.737,0.748,0.734,0.744,309030967,229237296.00
20230213,0.741,0.748,0.736,0.746,341285200,253168368.00
20230214,0.747,0.754,0.741,0.746,265053510,198220784.00
20230215,0.745,0.746,0.732,0.732,424837482,312425952.00
20230216,0.733,0.743,0.719,0.724,406096322,298871392.00
20230217,0.724,0.731,0.721,0.722,240580367,174548128.00
20230220,0.723,0.734,0.719,0.733,264613100,192284288.00
20230221,0.742,0.746,0.731,0.739,398235293,294764480.00
20230222,0.732,0.736,0.730,0.733,187400700,137402992.00
20230223,0.734,0.742,0.732,0.737,281066600,207216800.00
20230224,0.737,0.737,0.723,0.728,220165200,160261616.00
20230227,0.727,0.734,0.726,0.727,227178800,165756272.00
20230228,0.727,0.733,0.722,0.733,209508400,152005440.00
20230301,0.730,0.739,0.729,0.738,248073346,182070960.00
20230302,0.735,0.737,0.731,0.732,153652158,112707720.00
20230303,0.733,0.735,0.728,0.735,170088110,124541832.00
20230306,0.732,0.735,0.721,0.724,289609045,209883104.00
20230307,0.723,0.725,0.708,0.709,319331300,228586848.00
20230308,0.707,0.712,0.705,0.712,162586500,115192168.00
20230309,0.712,0.714,0.708,0.711,135217300,96140320.00
20230310,0.706,0.707,0.696,0.699,232145357,162472160.00
20230313,0.697,0.701,0.690,0.695,171552600,119072568.00
20230314,0.693,0.698,0.682,0.690,198086500,136992752.00
20230315,0.692,0.701,0.691,0.699,193141652,134587408.00
20230316,0.697,0.701,0.691,0.693,112846600,78583968.00
20230317,0.696,0.703,0.693,0.700,288843000,201888704.00
20230320,0.702,0.706,0.692,0.692,170283190,118876840.00
20230321,0.692,0.697,0.689,0.695,119411300,82679848.00
20230322,0.694,0.701,0.693,0.701,174110700,121554112.00
20230323,0.698,0.701,0.693,0.699,211114300,146987104.00
20230324,0.697,0.704,0.691,0.700,266247678,185510560.00
20230327,0.697,0.697,0.685,0.688,212969700,146855248.00
20230328,0.687,0.691,0.679,0.680,256514700,175375712.00
20230329,0.679,0.685,0.675,0.678,255351500,173352384.00
20230330,0.678,0.681,0.670,0.681,278528210,188374960.00
20230331,0.680,0.684,0.676,0.678,219132914,148992688.00
20230403,0.679,0.695,0.677,0.692,375511814,259086224.00
20230404,0.693,0.695,0.686,0.688,178836400,123319704.00
20230406,0.688,0.692,0.683,0.686,247488900,169881312.00
20230407,0.686,0.720,0.686,0.711,589087239,416397824.00
20230410,0.707,0.710,0.703,0.705,396039300,279703520.00
20230411,0.705,0.714,0.698,0.713,538750100,382162432.00
20230412,0.713,0.718,0.705,0.712,361406410,257077632.00
20230413,0.710,0.714,0.706,0.711,238792200,169586224.00
20230414,0.712,0.714,0.706,0.709,281917600,199826112.00
20230417,0.709,0.709,0.701,0.708,327351400,230603776.00
20230418,0.709,0.711,0.701,0.703,369969040,261031024.00
20230419,0.700,0.701,0.687,0.689,350903100,243187440.00
20230420,0.686,0.689,0.679,0.683,252686627,172435920.00
20230421,0.684,0.692,0.670,0.671,475825600,324313120.00
20230424,0.670,0.672,0.655,0.661,525870638,347905088.00
20230425,0.662,0.662,0.645,0.652,358632546,233553264.00
20230426,0.647,0.653,0.641,0.650,266463100,172850416.00
20230427,0.650,0.655,0.645,0.652,311761300,202923168.00
20230428,0.652,0.659,0.650,0.659,238528200,155992832.00
20230504,0.653,0.659,0.650,0.655,264775100,173236288.00
20230505,0.653,0.675,0.652,0.675,448350100,298653952.00
20230508,0.667,0.674,0.655,0.673,371502324,246504848.00
20230509,0.668,0.688,0.666,0.671,555529257,376864160.00
20230510,0.669,0.674,0.660,0.665,193838702,129132808.00
20230511,0.665,0.670,0.663,0.665,243444700,162116144.00
20230512,0.664,0.672,0.659,0.660,184700000,122575728.00
20230515,0.657,0.660,0.646,0.658,293800425,191591808.00
20230516,0.658,0.659,0.649,0.651,157101400,102660688.00
20230517,0.650,0.654,0.645,0.649,229832799,149084912.00
20230518,0.650,0.652,0.642,0.644,186550899,120516520.00
20230519,0.641,0.643,0.633,0.635,382021357,242937168.00
20230522,0.633,0.636,0.627,0.634,232973300,146814640.00
20230523,0.632,0.636,0.626,0.627,274039563,172968688.00
20230524,0.625,0.627,0.610,0.610,377800910,232652464.00
20230525,0.607,0.611,0.602,0.611,339578900,206193504.00
20230526,0.608,0.615,0.601,0.613,358697200,218153728.00
20230529,0.611,0.614,0.605,0.606,218579200,133031200.00
20230530,0.606,0.617,0.594,0.616,495366500,299199168.00
20230531,0.612,0.620,0.608,0.611,227885000,139628384.00
20230601,0.610,0.611,0.602,0.607,213380900,129490760.00
20230602,0.608,0.632,0.608,0.632,502528610,312990880.00
20230605,0.622,0.628,0.618,0.626,307851320,191897760.00
20230606,0.623,0.640,0.622,0.626,401587482,253808592.00
20230607,0.625,0.643,0.625,0.634,351277378,222849888.00
20230608,0.631,0.649,0.627,0.644,538670564,345649280.00
20230609,0.644,0.646,0.636,0.641,266781700,170686256.00
20230612,0.637,0.644,0.631,0.637,225359400,143726304.00
20230613,0.636,0.647,0.636,0.636,381512140,244585136.00
20230614,0.639,0.643,0.630,0.632,391441537,248715248.00
20230615,0.632,0.641,0.631,0.640,268708780,171010496.00
20230616,0.641,0.645,0.637,0.641,260799580,167070768.00
20230619,0.641,0.641,0.625,0.626,459355633,288912992.00
20230620,0.625,0.626,0.613,0.614,373396732,230805280.00
20230621,0.612,0.618,0.607,0.607,255321900,156481040.00
20230626,0.603,0.605,0.593,0.597,275053738,164555248.00
20230627,0.596,0.622,0.595,0.621,482868850,295699968.00
20230628,0.618,0.620,0.611,0.617,278906100,171586784.00
20230629,0.616,0.618,0.607,0.607,204003000,124575784.00
20230630,0.609,0.620,0.608,0.613,184844300,113629056.00
20230703,0.612,0.620,0.612,0.617,262952500,162316640.00
20230704,0.616,0.616,0.606,0.611,235463009,143558368.00
20230705,0.609,0.616,0.607,0.611,146982500,89867992.00
20230706,0.609,0.619,0.605,0.616,269173600,164769312.00
20230707,0.612,0.620,0.610,0.614,198431420,122020320.00
20230710,0.614,0.614,0.609,0.611,175549200,107258704.00
20230711,0.617,0.621,0.609,0.611,225433378,138319632.00
20230712,0.611,0.611,0.598,0.598,356051100,214451968.00
20230713,0.600,0.604,0.599,0.604,249297093,149945952.00
20230714,0.602,0.606,0.598,0.601,250768000,150848160.00
20230717,0.600,0.601,0.594,0.599,190358450,113584128.00
20230718,0.598,0.607,0.595,0.603,275331800,165555264.00
20230719,0.601,0.614,0.600,0.614,486377907,296458560.00
20230720,0.611,0.621,0.610,0.613,500626500,308121472.00
20230721,0.614,0.626,0.611,0.624,392396568,243792336.00
20230724,0.628,0.629,0.611,0.619,396866700,245592064.00
20230725,0.631,0.660,0.627,0.660,821699507,533271168.00
20230726,0.658,0.675,0.656,0.669,832325535,555230720.00
20230727,0.663,0.678,0.651,0.666,580971245,387868608.00
20230728,0.667,0.691,0.664,0.688,930163627,632273664.00
20230731,0.693,0.714,0.693,0.705,694880125,490291232.00
20230801,0.701,0.712,0.691,0.696,430270600,301986880.00
20230802,0.695,0.715,0.694,0.705,541416738,381996064.00
20230803,0.703,0.718,0.690,0.718,601143330,424753216.00
20230804,0.729,0.735,0.707,0.711,803662268,575977728.00
20230807,0.697,0.701,0.682,0.689,697726440,480341504.00
20230808,0.683,0.690,0.673,0.675,527467964,358172544.00
20230809,0.673,0.687,0.671,0.676,450313004,305526752.00
20230810,0.675,0.685,0.672,0.679,305858800,207094272.00
20230811,0.684,0.692,0.670,0.677,505955900,343804128.00
20230814,0.660,0.671,0.651,0.666,427061245,282358016.00
20230815,0.664,0.670,0.656,0.664,476785000,315650304.00
20230816,0.659,0.688,0.658,0.677,479144914,322654976.00
20230817,0.671,0.680,0.667,0.676,318976833,214627760.00
20230818,0.674,0.684,0.660,0.660,472028700,317278080.00
20230821,0.658,0.663,0.647,0.648,307503417,201610256.00
20230822,0.648,0.655,0.642,0.652,210572852,136555920.00
20230823,0.651,0.651,0.637,0.639,221033200,142347200.00
20230824,0.637,0.642,0.627,0.633,407005000,257956336.00
20230825,0.631,0.655,0.631,0.642,881289161,566580544.00
20230828,0.703,0.704,0.666,0.672,1142366761,778077440.00
20230829,0.666,0.699,0.664,0.697,827563952,562737280.00
20230830,0.689,0.696,0.683,0.688,978862116,674645696.00
20230831,0.686,0.689,0.650,0.651,1184936146,783930176.00
20230901,0.662,0.665,0.651,0.655,657834973,432183104.00
20230904,0.661,0.669,0.655,0.657,491987132,325311840.00
20230905,0.655,0.657,0.638,0.641,345515179,222273504.00
20230906,0.638,0.658,0.634,0.657,620705810,402829248.00
20230907,0.654,0.665,0.649,0.650,332774463,218679808.00
20230908,0.646,0.650,0.641,0.649,264874000,170999152.00
20230911,0.648,0.648,0.636,0.643,385582800,247248000.00
20230912,0.642,0.644,0.637,0.640,225137300,144201600.00
20230913,0.640,0.647,0.635,0.640,216662600,138751520.00
20230914,0.639,0.640,0.630,0.634,308442540,195393200.00
20230915,0.636,0.640,0.631,0.636,259118700,164846304.00
20230918,0.633,0.634,0.625,0.630,279264500,175624784.00
20230919,0.629,0.632,0.625,0.628,212269500,133393032.00
20230920,0.627,0.630,0.623,0.627,141920900,89036424.00
20230921,0.626,0.634,0.624,0.625,154772700,97181424.00
20230922,0.622,0.632,0.621,0.631,173935800,109017176.00
20230925,0.629,0.629,0.617,0.618,207255200,128455312.00
20230926,0.617,0.619,0.614,0.616,145527500,89662848.00
20230927,0.615,0.619,0.613,0.615,161149900,99201744.00
20230928,0.615,0.618,0.613,0.616,150980988,92943104.00
20231009,0.614,0.614,0.599,0.601,279191454,168242992.00
20231010,0.600,0.606,0.597,0.599,234970566,141125616.00
20231011,0.600,0.602,0.594,0.600,279300630,167035760.00
20231012,0.603,0.604,0.596,0.601,305728000,183392976.00
20231013,0.596,0.600,0.594,0.596,188412860,112312488.00
20231016,0.596,0.599,0.584,0.586,217773900,128218656.00
20231017,0.586,0.586,0.578,0.581,217009900,126094576.00
20231018,0.580,0.581,0.572,0.572,275021806,158172416.00
20231019,0.570,0.576,0.567,0.568,233668106,133377472.00
20231020,0.566,0.578,0.561,0.571,233634406,133366752.00
20231023,0.568,0.570,0.557,0.559,184178949,103666128.00
20231024,0.562,0.574,0.560,0.573,261076800,148414048.00
20231025,0.581,0.584,0.571,0.573,337574166,194401232.00
20231026,0.570,0.571,0.562,0.567,215079600,121592152.00
20231027,0.565,0.575,0.565,0.574,237209847,135393952.00
20231030,0.571,0.576,0.566,0.575,373850447,213220336.00
20231031,0.571,0.575,0.562,0.573,327704900,186426464.00
20231101,0.570,0.572,0.566,0.567,206776600,117479136.00
20231102,0.566,0.569,0.561,0.563,226432215,127881664.00
20231103,0.562,0.565,0.559,0.562,259520633,145769440.00
20231106,0.564,0.579,0.563,0.577,470015324,269314080.00
20231107,0.577,0.582,0.574,0.577,404282979,233356640.00
20231108,0.575,0.586,0.574,0.583,481927200,280529632.00
20231109,0.584,0.590,0.579,0.582,500470800,292303616.00
20231110,0.579,0.579,0.569,0.573,407374100,233021088.00
20231113,0.574,0.576,0.569,0.573,238197143,136160224.00
20231114,0.573,0.582,0.573,0.582,249222387,144163744.00
20231115,0.587,0.588,0.577,0.578,395974600,230364960.00
20231116,0.576,0.579,0.570,0.576,249592194,143291312.00
20231117,0.574,0.576,0.569,0.573,177995700,101789096.00
20231120,0.576,0.579,0.571,0.574,199018200,114206352.00
20231121,0.577,0.594,0.576,0.587,530911076,312117824.00
20231122,0.583,0.596,0.582,0.583,367078882,216500880.00
20231123,0.584,0.600,0.577,0.599,532156911,314651232.00
20231124,0.598,0.604,0.594,0.598,399111036,239251088.00
20231127,0.595,0.596,0.581,0.585,319845817,187048368.00
20231128,0.584,0.585,0.576,0.579,233456300,135375456.00
20231129,0.580,0.581,0.562,0.564,362078766,205475616.00
20231130,0.562,0.565,0.558,0.562,227034300,127393912.00
20231201,0.561,0.567,0.558,0.566,196267862,110595080.00
20231204,0.563,0.565,0.556,0.557,198471315,110802352.00
20231205,0.555,0.557,0.544,0.545,229993259,126819144.00
20231206,0.544,0.556,0.544,0.552,321664460,176989680.00
20231207,0.551,0.558,0.548,0.555,189959765,105020480.00
20231208,0.554,0.555,0.544,0.545,194909900,106843384.00
20231211,0.540,0.543,0.533,0.541,213598529,114658848.00
20231212,0.545,0.558,0.543,0.557,465567083,256941840.00
20231213,0.551,0.553,0.544,0.545,322480600,176737792.00
20231214,0.548,0.553,0.543,0.543,165915600,90829384.00
20231215,0.550,0.558,0.548,0.551,276980600,153150064.00
20231218,0.547,0.556,0.541,0.542,239126064,131054600.00
20231219,0.540,0.544,0.531,0.536,250497100,134399040.00
20231220,0.535,0.536,0.526,0.526,146848600,78018240.00
20231221,0.524,0.534,0.523,0.533,174623100,92286072.00
20231222,0.532,0.533,0.524,0.527,248949700,131406480.00
20231225,0.525,0.526,0.519,0.522,179650957,93704112.00
20231226,0.521,0.521,0.512,0.513,212260171,109229224.00
20231227,0.512,0.517,0.509,0.514,187325571,96052144.00
20231228,0.511,0.529,0.510,0.527,263055100,136872656.00
20231229,0.525,0.530,0.522,0.526,173229200,90963288.00
20240102,0.526,0.526,0.514,0.516,194559600,100695504.00
20240103,0.516,0.522,0.514,0.517,213899900,110826304.00
20240104,0.516,0.517,0.507,0.511,174249700,88888664.00
20240105,0.508,0.517,0.506,0.508,179177600,91678632.00
20240108,0.511,0.513,0.499,0.500,135736450,68594528.00
20240109,0.499,0.507,0.496,0.503,151472800,75954968.00
20240110,0.502,0.505,0.496,0.501,200071000,100246584.00
20240111,0.500,0.506,0.497,0.505,211844370,106233256.00
20240112,0.503,0.511,0.502,0.504,187480115,94882816.00
20240115,0.502,0.509,0.496,0.507,166955156,83965776.00
20240116,0.504,0.508,0.495,0.502,156896956,78597888.00
20240117,0.498,0.499,0.486,0.487,150077100,73988512.00
20240118,0.484,0.487,0.473,0.486,212241000,102236000.00
20240119,0.484,0.492,0.483,0.485,273981448,133537584.00
20240122,0.483,0.484,0.460,0.463,196968188,93286712.00
20240123,0.461,0.473,0.458,0.471,189039947,88013280.00
20240124,0.471,0.489,0.470,0.488,330159300,158148544.00
20240125,0.489,0.517,0.488,0.517,352009025,177650096.00
20240126,0.517,0.539,0.515,0.532,559337339,296213504.00
20240129,0.538,0.538,0.519,0.519,459203539,243409024.00
20240130,0.515,0.519,0.497,0.498,304081393,154592704.00
20240131,0.497,0.500,0.481,0.483,276956600,135646384.00
20240201,0.477,0.483,0.467,0.473,224238331,106402072.00
20240202,0.473,0.490,0.455,0.469,250164600,118742328.00
20240205,0.465,0.465,0.435,0.441,232155200,103460240.00
20240206,0.436,0.461,0.425,0.457,298852200,132427432.00
20240207,0.456,0.462,0.449,0.458,424246600,192925584.00
20240208,0.459,0.482,0.459,0.482,314731800,148751856.00
20240219,0.482,0.484,0.471,0.481,237256400,113148288.00
20240220,0.483,0.487,0.478,0.486,315326400,152608192.00
20240221,0.483,0.507,0.477,0.495,639926058,318105440.00
20240222,0.491,0.498,0.488,0.496,238860642,117700888.00
20240223,0.495,0.500,0.492,0.499,189287100,93948176.00
20240226,0.497,0.501,0.490,0.494,366169600,180501456.00
20240227,0.492,0.504,0.490,0.504,286378390,142612160.00
20240228,0.504,0.510,0.488,0.489,363023200,182676880.00
20240229,0.486,0.499,0.485,0.498,255793541,126175568.00
20240301,0.498,0.501,0.493,0.498,208676558,103755496.00
20240304,0.495,0.495,0.479,0.484,440984383,213097712.00
20240305,0.482,0.486,0.474,0.482,272795071,130898456.00
20240306,0.478,0.484,0.475,0.479,156599000,74993032.00
20240307,0.478,0.484,0.475,0.476,192991700,92422640.00
20240308,0.474,0.477,0.468,0.472,136764500,64545472.00
20240311,0.473,0.484,0.472,0.484,215403985,102958064.00
20240312,0.484,0.508,0.482,0.504,515123956,254962000.00
20240313,0.497,0.501,0.490,0.492,259248600,128031680.00
20240314,0.491,0.500,0.490,0.495,349223400,172826688.00
20240315,0.493,0.498,0.489,0.494,154458000,76074056.00
20240318,0.494,0.495,0.489,0.495,186956229,91928752.00
20240319,0.494,0.495,0.489,0.489,238216500,117306840.00
20240320,0.488,0.493,0.486,0.490,185066400,90652928.00
20240321,0.490,0.498,0.490,0.495,217845609,107662760.00
20240322,0.493,0.493,0.481,0.485,248802900,120859680.00
20240325,0.486,0.500,0.482,0.490,360634900,177648096.00
20240326,0.490,0.498,0.486,0.497,410141300,202113776.00
20240327,0.496,0.496,0.480,0.482,302546300,147067936.00
20240328,0.480,0.488,0.479,0.483,273804600,132672656.00
20240329,0.479,0.482,0.475,0.477,181133600,86472800.00
20240401,0.478,0.486,0.477,0.484,193917400,93408712.00
20240402,0.483,0.484,0.476,0.478,210848300,100910960.00
20240403,0.476,0.478,0.471,0.471,129136600,61142124.00
20240408,0.470,0.474,0.463,0.464,173768000,81553232.00
20240409,0.464,0.467,0.462,0.466,135448000,62975304.00
20240410,0.466,0.467,0.449,0.452,202665300,92354528.00
20240411,0.450,0.455,0.446,0.452,157850400,71123568.00
20240412,0.451,0.452,0.440,0.441,144166400,64107172.00
20240415,0.440,0.444,0.428,0.436,175563300,76682912.00
20240416,0.432,0.437,0.423,0.427,235921700,101169024.00
20240417,0.425,0.439,0.425,0.437,195500185,84948264.00
20240418,0.436,0.440,0.431,0.434,159605200,69543864.00
20240419,0.432,0.437,0.428,0.429,171788600,74038944.00
20240422,0.429,0.434,0.425,0.428,148868200,63745528.00
20240423,0.428,0.429,0.422,0.423,157258400,66885704.00
20240424,0.425,0.425,0.417,0.424,189779000,79828152.00
20240425,0.422,0.429,0.420,0.426,183353500,78032320.00
20240426,0.426,0.445,0.422,0.442,662005371,289520928.00
20240429,0.440,0.479,0.440,0.478,1464710500,684468736.00
20240430,0.474,0.474,0.459,0.462,866592100,402660352.00
20240506,0.474,0.479,0.464,0.466,724380971,341807488.00
20240507,0.461,0.475,0.460,0.472,568385700,265468336.00
20240508,0.467,0.468,0.456,0.458,491144461,225963008.00
20240509,0.460,0.472,0.457,0.466,616107900,286885728.00
20240510,0.467,0.486,0.464,0.483,897766957,426654688.00
20240513,0.475,0.481,0.471,0.475,857667300,408270336.00
20240514,0.475,0.483,0.472,0.477,545433500,260315440.00
20240515,0.476,0.499,0.474,0.486,1373440300,671390848.00
20240516,0.486,0.511,0.484,0.504,1220097700,611920768.00
20240517,0.511,0.548,0.501,0.547,1934663360,1010970240.00
20240520,0.538,0.548,0.526,0.534,1933830916,1035735808.00
20240521,0.527,0.540,0.527,0.533,993283200,530268864.00
20240522,0.533,0.559,0.533,0.540,1644083951,897137600.00
20240523,0.530,0.539,0.520,0.527,1134479946,597866432.00
20240524,0.522,0.523,0.508,0.509,751746046,387038432.00
20240527,0.508,0.515,0.497,0.514,671328547,338428864.00
20240528,0.517,0.519,0.496,0.498,831102200,420065664.00
20240529,0.498,0.509,0.496,0.500,578497400,290088832.00
20240530,0.495,0.496,0.486,0.488,504001100,246879648.00
20240531,0.489,0.493,0.485,0.489,448766900,219276704.00
20240603,0.484,0.486,0.475,0.478,530205300,254028896.00
20240604,0.477,0.491,0.472,0.487,844428800,408311808.00
20240605,0.485,0.485,0.474,0.474,719229600,344417152.00
20240606,0.476,0.479,0.463,0.466,619869799,290412256.00
20240607,0.468,0.479,0.466,0.477,536623395,254662416.00
20240611,0.475,0.479,0.467,0.473,403749900,191331296.00
20240612,0.470,0.474,0.466,0.470,356630000,167861376.00
20240613,0.474,0.475,0.460,0.463,577432700,268264448.00
20240614,0.460,0.475,0.458,0.470,713596400,334088512.00
20240617,0.464,0.466,0.459,0.461,453769400,209615792.00
20240618,0.460,0.464,0.458,0.460,387147600,178402624.00
20240619,0.459,0.462,0.455,0.457,333363823,152677424.00
20240620,0.455,0.456,0.442,0.442,436196600,194599376.00
20240621,0.444,0.448,0.442,0.444,305554417,135823264.00
20240624,0.441,0.442,0.427,0.428,422515600,182329120.00
20240625,0.427,0.441,0.426,0.434,453412900,196691792.00
20240626,0.431,0.438,0.428,0.437,396787400,171586560.00
20240627,0.437,0.439,0.427,0.428,307258500,132692312.00
20240628,0.424,0.432,0.419,0.422,503764600,214519824.00
20240701,0.420,0.442,0.420,0.441,659189900,286511488.00
20240702,0.436,0.448,0.436,0.438,453417800,200665664.00
20240703,0.436,0.449,0.431,0.443,537124100,237749136.00
20240704,0.440,0.442,0.426,0.428,319321700,138013072.00
20240705,0.427,0.431,0.422,0.428,308503900,131559080.00
20240708,0.425,0.426,0.411,0.412,506489515,210579056.00
20240709,0.411,0.418,0.405,0.416,316592600,130462280.00
20240710,0.411,0.417,0.405,0.411,298622700,122719496.00
20240711,0.414,0.422,0.411,0.420,342123800,142714944.00
20240712,0.422,0.440,0.421,0.431,563224800,243180704.00
20240715,0.427,0.428,0.422,0.424,318446200,135211920.00
20240716,0.423,0.430,0.420,0.426,329491400,140058400.00
20240717,0.424,0.437,0.424,0.433,362772300,157165776.00
20240718,0.431,0.437,0.427,0.436,267853300,115683728.00
20240719,0.432,0.433,0.425,0.430,401479200,171592576.00
20240722,0.430,0.430,0.423,0.426,302122000,128623288.00
20240723,0.426,0.430,0.419,0.420,297966400,126745712.00
20240724,0.419,0.422,0.409,0.410,329301900,136389184.00
20240725,0.409,0.416,0.408,0.412,332693500,137345664.00
20240726,0.412,0.422,0.412,0.416,295731800,123172848.00
20240729,0.416,0.417,0.409,0.412,203449000,83842880.00
20240730,0.411,0.422,0.411,0.421,331803800,138600512.00
20240731,0.420,0.438,0.417,0.437,417203100,178939328.00
20240801,0.436,0.440,0.428,0.430,289481402,124813368.00
20240802,0.426,0.433,0.425,0.428,282332902,120940376.00
20240805,0.423,0.435,0.422,0.423,346669000,148914384.00
20240806,0.425,0.433,0.423,0.431,381086900,163074848.00
20240807,0.430,0.431,0.424,0.428,250679800,107037440.00
20240808,0.430,0.443,0.426,0.435,447945300,194634176.00
20240809,0.431,0.451,0.430,0.441,694817802,308718144.00
20240812,0.439,0.440,0.425,0.426,123927009,148994208.00
20240813,0.426,0.427,0.421,0.425,99797558,118087288.00
20240814,0.426,0.427,0.421,0.421,94189363,111404816.00
20240815,0.421,0.431,0.419,0.429,133704727,159100672.00
20240816,0.427,0.430,0.423,0.423,91995666,109297128.00
20240819,0.421,0.427,0.419,0.422,112796274,133168984.00
20240820,0.424,0.424,0.414,0.415,92520436,107867240.00
20240821,0.414,0.417,0.411,0.414,122877468,142083680.00
20240822,0.415,0.420,0.411,0.412,97020980,112594176.00
20240823,0.410,0.412,0.407,0.410,84536611,96655624.00
20240826,0.408,0.417,0.406,0.414,96033090,110645856.00
20240827,0.413,0.414,0.400,0.402,102860447,116389480.00
20240828,0.401,0.402,0.396,0.397,95525919,106515256.00
20240829,0.396,0.401,0.395,0.400,89543161,99656952.00
20240830,0.399,0.430,0.399,0.420,259488799,302167328.00
20240902,0.414,0.418,0.407,0.407,131725193,151579296.00
20240903,0.406,0.416,0.404,0.412,115699161,132811136.00
20240904,0.409,0.419,0.408,0.409,98377364,113455880.00
20240905,0.413,0.419,0.410,0.417,115812751,134164952.00
20240906,0.413,0.416,0.410,0.411,95075063,109511488.00
20240909,0.408,0.411,0.403,0.407,74260939,84331728.00
20240910,0.408,0.409,0.398,0.404,105613925,118852840.00
20240911,0.401,0.406,0.399,0.405,82155826,92558640.00
20240912,0.404,0.410,0.404,0.405,88193881,100209528.00
20240913,0.406,0.411,0.405,0.409,122278030,139573008.00
20240918,0.409,0.423,0.406,0.419,202428144,233903520.00
20240919,0.421,0.436,0.419,0.429,265558477,317286304.00
20240920,0.423,0.438,0.422,0.436,221085175,266142896.00
20240923,0.433,0.439,0.429,0.435,147891255,179848240.00
20240924,0.445,0.448,0.433,0.447,271434530,334684992.00
20240925,0.450,0.474,0.449,0.454,297325944,385390528.00
20240926,0.449,0.500,0.449,0.500,491101876,659698176.00
20240927,0.525,0.550,0.507,0.549,463579405,676512384.00
20240930,0.604,0.604,0.546,0.604,1457540407,2360585728.00
20241008,0.664,0.665,0.558,0.591,1696606879,2890708480.00
20241009,0.558,0.558,0.532,0.532,883100660,1327030400.00
20241010,0.512,0.543,0.510,0.527,648134896,950055296.00
20241011,0.522,0.535,0.516,0.526,402920139,590944064.00
20241014,0.543,0.549,0.530,0.544,625028806,940323904.00
20241015,0.535,0.552,0.531,0.535,404539424,612574592.00
20241016,0.542,0.568,0.540,0.566,755538995,1174869376.00
20241017,0.570,0.570,0.528,0.530,759408446,1156939904.00
20241018,0.520,0.550,0.512,0.540,750636092,1101944704.00
20241021,0.536,0.546,0.532,0.541,352906550,531847584.00
20241022,0.537,0.547,0.537,0.546,235819622,357876288.00
20241023,0.545,0.554,0.542,0.547,230693037,353778688.00
20241024,0.542,0.551,0.541,0.545,186183392,284167936.00
20241025,0.547,0.560,0.545,0.555,241790366,374880832.00
20241028,0.556,0.575,0.556,0.575,434564194,691534656.00
20241029,0.576,0.583,0.563,0.563,233278465,372231552.00
20241030,0.563,0.580,0.562,0.572,232263885,370245088.00
20241031,0.568,0.610,0.567,0.592,483018082,799737856.00
20241101,0.593,0.606,0.581,0.589,320637714,531301280.00
20241104,0.590,0.590,0.575,0.590,238221233,388075680.00
20241105,0.588,0.618,0.587,0.617,365220666,621580480.00
20241106,0.617,0.641,0.602,0.630,442360260,767772416.00
20241107,0.622,0.659,0.619,0.656,496088421,891380928.00
20241108,0.666,0.668,0.629,0.632,495162145,887005824.00
20241111,0.626,0.630,0.613,0.622,400762948,693611456.00
20241112,0.622,0.631,0.613,0.619,255030393,443651968.00
20241113,0.613,0.624,0.605,0.613,206769223,354067392.00
20241114,0.629,0.629,0.589,0.590,350042624,589518336.00
20241115,0.585,0.591,0.570,0.571,251397537,407827840.00
20241118,0.576,0.591,0.574,0.577,254765296,414130016.00
20241119,0.577,0.580,0.561,0.580,333993440,530515296.00
20241120,0.576,0.584,0.572,0.583,161758004,261121696.00
20241121,0.580,0.584,0.576,0.581,108841888,176251952.00
20241122,0.581,0.588,0.566,0.567,165161440,267280288.00
20241125,0.565,0.570,0.556,0.565,194404355,304867168.00
20241126,0.562,0.575,0.562,0.568,145598617,230965472.00
20241127,0.565,0.578,0.554,0.578,173858159,274425984.00
20241128,0.577,0.591,0.576,0.585,165176335,269512800.00
20241129,0.580,0.593,0.576,0.587,190119664,310807648.00
数据来源:通达信
