512400 有色金属ETF 日线 后复权
      日期	    开盘	    最高	    最低	    收盘	    成交量	    成交额
20170901,1.015,1.053,1.015,1.036,323168700,331559104.00
20170904,1.048,1.065,1.043,1.056,68143900,71743576.00
20170905,1.052,1.059,1.031,1.055,26435900,27697910.00
20170906,1.039,1.090,1.039,1.064,57910700,61897496.00
20170907,1.064,1.064,1.045,1.046,26759700,28244442.00
20170908,1.047,1.070,1.047,1.058,43312200,45988864.00
20170911,1.051,1.093,1.051,1.091,38845200,41760784.00
20170912,1.095,1.126,1.075,1.092,49598300,54629848.00
20170913,1.078,1.089,1.071,1.088,25859600,27945072.00
20170914,1.083,1.085,1.066,1.070,19455800,20901008.00
20170915,1.067,1.070,1.040,1.043,36289900,38039816.00
20170918,1.044,1.055,1.036,1.048,25305700,26513276.00
20170919,1.048,1.053,1.037,1.042,26052000,27200460.00
20170920,1.041,1.068,1.040,1.067,31343800,33186196.00
20170921,1.068,1.068,1.038,1.039,14487500,15158872.00
20170922,1.037,1.037,1.017,1.022,33896000,34808128.00
20170925,1.023,1.030,1.003,1.003,14380500,14574108.00
20170926,1.013,1.020,1.006,1.013,13390700,13567542.00
20170927,1.010,1.034,1.009,1.029,13690500,14067995.00
20170928,1.029,1.034,1.019,1.021,4539600,4664499.00
20170929,1.021,1.034,1.014,1.024,4697700,4811775.00
20171009,1.030,1.037,1.026,1.029,5564000,5732599.00
20171010,1.029,1.029,1.010,1.018,6016300,6107854.00
20171011,1.017,1.017,0.993,1.002,28453200,28512296.00
20171012,1.003,1.003,0.982,0.995,21209900,21077592.00
20171013,0.996,1.003,0.996,0.998,17472700,17468548.00
20171016,0.999,1.012,0.992,1.007,24543700,24702404.00
20171017,1.004,1.004,0.984,0.986,13437200,13350771.00
20171018,0.987,0.987,0.970,0.971,8354300,8168359.00
20171019,0.966,0.977,0.965,0.969,7470600,7245418.00
20171020,0.969,0.988,0.967,0.987,10172700,9977828.00
20171023,0.985,0.985,0.976,0.985,2159500,2118408.00
20171024,0.985,0.993,0.982,0.989,3692600,3648815.00
20171025,0.989,0.989,0.980,0.986,3144600,3095627.00
20171026,0.986,0.997,0.981,0.996,5211400,5163942.00
20171027,0.994,0.994,0.981,0.982,2823900,2788137.00
20171030,0.980,0.980,0.952,0.963,6013000,5789375.00
20171031,0.966,0.977,0.961,0.975,8604100,8329043.00
20171101,0.981,0.986,0.973,0.978,11633900,11403678.00
20171102,0.970,0.983,0.966,0.970,3458100,3374162.00
20171103,0.965,0.970,0.950,0.954,5618100,5375614.00
20171106,0.951,0.958,0.945,0.955,4926000,4689125.00
20171107,0.957,0.966,0.948,0.962,3018900,2896919.00
20171108,0.960,0.973,0.954,0.966,9795900,9468765.00
20171109,0.968,0.973,0.960,0.964,5996500,5783240.00
20171110,0.963,0.964,0.958,0.960,3169400,3043193.00
20171113,0.962,0.963,0.950,0.958,7135100,6817208.00
20171114,0.958,0.961,0.945,0.949,4844100,4624766.00
20171115,0.946,0.946,0.919,0.919,14605400,13532642.00
20171116,0.920,0.923,0.910,0.910,4948000,4533557.00
20171117,0.911,0.917,0.891,0.893,5346900,4836314.00
20171120,0.893,0.903,0.880,0.902,4448800,3974711.00
20171121,0.902,0.902,0.891,0.898,4459700,3994021.00
20171122,0.899,0.907,0.897,0.905,3332600,3008536.00
20171123,0.907,0.924,0.899,0.900,13764600,12605634.00
20171124,0.901,0.924,0.891,0.919,7013900,6392528.00
20171127,0.920,0.925,0.898,0.899,11178000,10237566.00
20171128,0.890,0.913,0.890,0.912,4080000,3693480.00
20171129,0.912,0.934,0.907,0.931,22885700,21139348.00
20171130,0.938,0.938,0.918,0.923,7887900,7316642.00
20171201,0.923,0.928,0.915,0.920,6892300,6343198.00
20171204,0.930,0.930,0.919,0.920,5587200,5179107.00
20171205,0.916,0.916,0.885,0.890,9519200,8524586.00
20171206,0.881,0.888,0.870,0.886,8057200,7075545.00
20171207,0.885,0.893,0.883,0.886,3931300,3496895.00
20171208,0.886,0.894,0.882,0.892,3550100,3157022.00
20171211,0.894,0.905,0.889,0.905,4045200,3630009.00
20171212,0.903,0.915,0.901,0.902,11148100,10119945.00
20171213,0.900,0.904,0.895,0.903,2195900,1973706.00
20171214,0.902,0.912,0.898,0.901,3859400,3495405.00
20171215,0.904,0.904,0.892,0.897,2947900,2646885.00
20171218,0.896,0.900,0.891,0.899,2166900,1937739.00
20171219,0.897,0.899,0.894,0.898,2048500,1835652.00
20171220,0.896,0.897,0.879,0.884,3052800,2708836.00
20171221,0.884,0.894,0.881,0.890,2622400,2329660.00
20171222,0.887,0.907,0.887,0.901,5369300,4837232.00
20171225,0.902,0.907,0.896,0.896,4565000,4113453.00
20171226,0.900,0.902,0.889,0.902,2428500,2176746.00
20171227,0.901,0.923,0.901,0.911,9613400,8783923.00
20171228,0.914,0.950,0.911,0.946,21071700,19703608.00
20171229,0.950,0.950,0.932,0.942,16961000,15897203.00
20180102,0.945,0.948,0.937,0.948,3621709,3414750.00
20180103,0.948,0.968,0.943,0.958,9086700,8723792.00
20180104,0.956,0.972,0.949,0.972,5155900,4954038.00
20180105,0.968,0.973,0.961,0.964,5236000,5061015.00
20180108,0.960,0.990,0.959,0.985,12373800,12090094.00
20180109,0.985,0.994,0.977,0.985,6500100,6408517.00
20180110,0.980,0.991,0.966,0.973,5770391,5635975.00
20180111,0.970,0.987,0.970,0.978,7446900,7285201.00
20180112,0.980,0.981,0.966,0.972,6761200,6571310.00
20180115,0.972,0.972,0.930,0.936,7923500,7497096.00
20180116,0.936,0.944,0.932,0.944,5787900,5429281.00
20180117,0.944,0.944,0.915,0.929,6520500,6022715.00
20180118,0.929,0.936,0.923,0.930,7019400,6525916.00
20180119,0.930,0.939,0.925,0.935,4829300,4502258.00
20180122,0.930,0.946,0.930,0.946,6349300,5954285.00
20180123,0.951,0.961,0.944,0.959,10282500,9819685.00
20180124,0.958,0.958,0.944,0.953,8752500,8306584.00
20180125,0.964,0.972,0.959,0.964,18560600,17939466.00
20180126,0.960,0.960,0.946,0.954,7966900,7605019.00
20180129,0.949,0.967,0.949,0.954,10272900,9844359.00
20180130,0.954,0.969,0.947,0.949,12835500,12295320.00
20180131,0.947,0.950,0.934,0.941,5927900,5569868.00
20180201,0.939,0.946,0.907,0.909,6307900,5848258.00
20180202,0.909,0.940,0.886,0.933,9115200,8354157.00
20180205,0.917,0.937,0.914,0.927,4169900,3864413.00
20180206,0.901,0.931,0.887,0.890,10784100,9855664.00
20180207,0.900,0.913,0.882,0.890,6397400,5761564.00
20180208,0.880,0.895,0.870,0.879,3851400,3382961.00
20180209,0.870,0.884,0.821,0.835,4127200,3488553.00
20180212,0.837,0.868,0.836,0.865,18581500,15815835.00
20180213,0.865,0.882,0.865,0.876,2656000,2332555.00
20180214,0.878,0.888,0.872,0.887,1872100,1647440.00
20180222,0.890,0.926,0.890,0.917,9537500,8659831.00
20180223,0.918,0.925,0.908,0.925,5417000,4979013.00
20180226,0.924,0.938,0.915,0.932,13489300,12478688.00
20180227,0.932,0.932,0.911,0.912,2429900,2227069.00
20180228,0.902,0.926,0.895,0.920,3729800,3391095.00
20180301,0.915,0.925,0.907,0.923,3067300,2815382.00
20180302,0.917,0.934,0.913,0.918,7188000,6664504.00
20180305,0.920,0.930,0.912,0.917,4896300,4511372.00
20180306,0.924,0.930,0.908,0.929,5738800,5302369.00
20180307,0.924,0.928,0.912,0.912,3832600,3529003.00
20180308,0.917,0.928,0.913,0.915,8269400,7613792.00
20180309,0.912,0.918,0.910,0.917,2119500,1935115.00
20180312,0.916,0.949,0.916,0.946,10642200,9948490.00
20180313,0.947,0.947,0.937,0.942,4540300,4276812.00
20180314,0.942,0.963,0.937,0.947,10773600,10282281.00
20180315,0.948,0.951,0.936,0.944,4497900,4235960.00
20180316,0.944,0.944,0.929,0.930,1245500,1165433.00
20180319,0.924,0.932,0.917,0.927,3161600,2919013.00
20180320,0.917,0.925,0.914,0.921,1108700,1019728.00
20180321,0.922,0.928,0.907,0.911,5575300,5118630.00
20180322,0.917,0.924,0.911,0.912,5000300,4597939.00
20180323,0.897,0.897,0.850,0.867,5427700,4764921.00
20180326,0.860,0.886,0.855,0.886,4252600,3733564.00
20180327,0.890,0.912,0.890,0.912,1985000,1789351.00
20180328,0.903,0.903,0.889,0.892,682300,610855.00
20180329,0.896,0.897,0.885,0.896,605400,540663.00
20180330,0.893,0.897,0.891,0.893,759700,679005.00
20180402,0.895,0.901,0.892,0.893,1020900,914205.00
20180403,0.888,0.888,0.877,0.881,756700,667117.00
20180404,0.881,0.888,0.875,0.876,683700,602547.00
20180409,0.874,0.886,0.874,0.879,3930900,3462958.00
20180410,0.880,0.899,0.880,0.899,3515400,3125512.00
20180411,0.908,0.912,0.897,0.906,3350900,3023943.00
20180412,0.911,0.911,0.894,0.895,1493400,1341596.00
20180413,0.898,0.899,0.885,0.889,1183100,1055363.00
20180416,0.887,0.891,0.877,0.880,1079400,953994.00
20180417,0.883,0.884,0.855,0.856,2732100,2369729.00
20180418,0.860,0.863,0.838,0.860,3450400,2931574.00
20180419,0.867,0.887,0.866,0.881,8087200,7086561.00
20180420,0.873,0.875,0.859,0.862,2463500,2137350.00
20180423,0.862,0.862,0.845,0.854,1736400,1483760.00
20180424,0.854,0.866,0.840,0.863,3869700,3311426.00
20180425,0.859,0.866,0.855,0.858,2875900,2472746.00
20180426,0.857,0.858,0.841,0.844,1508300,1273367.00
20180427,0.851,0.856,0.838,0.843,2218300,1865777.00
20180502,0.845,0.847,0.839,0.839,882731,743613.00
20180503,0.840,0.844,0.828,0.843,2533616,2116135.00
20180504,0.843,0.846,0.838,0.840,1060600,893405.00
20180507,0.844,0.858,0.842,0.856,3726700,3186774.00
20180508,0.857,0.865,0.856,0.865,1865300,1605666.00
20180509,0.858,0.865,0.856,0.863,1235100,1064328.00
20180510,0.865,0.869,0.861,0.863,2120700,1834290.00
20180511,0.864,0.884,0.864,0.876,4906000,4290881.00
20180514,0.876,0.898,0.875,0.879,3386200,2995080.00
20180515,0.880,0.882,0.872,0.882,950200,832943.00
20180516,0.881,0.881,0.865,0.867,947300,827990.00
20180517,0.867,0.877,0.864,0.867,3623600,3161166.00
20180518,0.869,0.874,0.861,0.871,1592300,1381395.00
20180521,0.872,0.884,0.872,0.876,1136700,998065.00
20180522,0.881,0.881,0.866,0.876,3522200,3071636.00
20180523,0.872,0.875,0.858,0.859,1173500,1012699.00
20180524,0.853,0.864,0.853,0.858,1641600,1412941.00
20180525,0.856,0.860,0.844,0.848,886500,754957.00
20180528,0.848,0.849,0.840,0.842,910800,768202.00
20180529,0.842,0.845,0.838,0.841,2501300,2105834.00
20180530,0.829,0.832,0.817,0.817,2585800,2135718.00
20180531,0.822,0.825,0.815,0.822,1259200,1032086.00
20180601,0.821,0.831,0.818,0.823,2542600,2094888.00
20180604,0.824,0.824,0.812,0.813,1795400,1463054.00
20180605,0.820,0.823,0.811,0.822,1847900,1513403.00
20180606,0.833,0.838,0.824,0.835,2971000,2476763.00
20180607,0.836,0.843,0.832,0.833,5634000,4720508.00
20180608,0.832,0.832,0.815,0.818,2017800,1658540.00
20180611,0.818,0.829,0.818,0.824,3846100,3172529.00
20180612,0.824,0.826,0.813,0.826,1636100,1342773.00
20180613,0.823,0.823,0.815,0.816,733900,600639.00
20180614,0.817,0.820,0.812,0.814,1367400,1113661.00
20180615,0.813,0.815,0.795,0.802,5548000,4436065.00
20180619,0.793,0.793,0.740,0.749,3292900,2512305.00
20180620,0.749,0.754,0.738,0.752,903900,674699.00
20180621,0.750,0.756,0.727,0.729,1960900,1449510.00
20180622,0.727,0.743,0.710,0.741,1638100,1193006.00
20180625,0.742,0.751,0.735,0.736,2375600,1773870.00
20180626,0.732,0.743,0.725,0.739,1908300,1394191.00
20180627,0.739,0.742,0.732,0.734,419900,309320.00
20180628,0.735,0.744,0.729,0.730,1092900,806212.00
20180629,0.730,0.750,0.726,0.748,2715800,2012142.00
20180702,0.750,0.750,0.725,0.731,2460800,1805774.00
20180703,0.731,0.734,0.712,0.733,2116100,1532563.00
20180704,0.732,0.735,0.723,0.726,555900,404732.00
20180705,0.724,0.724,0.702,0.703,1107000,788992.00
20180706,0.702,0.716,0.692,0.708,1086900,765527.00
20180709,0.709,0.723,0.708,0.722,1788000,1282928.00
20180710,0.720,0.737,0.720,0.733,5428400,3963414.00
20180711,0.725,0.733,0.711,0.724,953700,685634.00
20180712,0.721,0.737,0.719,0.735,1919100,1400986.00
20180713,0.735,0.746,0.731,0.743,2503000,1849774.00
20180716,0.744,0.744,0.732,0.739,2214400,1631456.00
20180717,0.736,0.739,0.730,0.737,1369900,1005448.00
20180718,0.737,0.740,0.730,0.730,1163900,856728.00
20180719,0.733,0.735,0.720,0.721,831800,602831.00
20180720,0.722,0.730,0.717,0.727,1999800,1448910.00
20180723,0.727,0.744,0.726,0.742,2237100,1643363.00
20180724,0.745,0.762,0.742,0.758,3484800,2620846.00
20180725,0.763,0.766,0.750,0.753,2037500,1537547.00
20180726,0.755,0.760,0.744,0.746,1450300,1082372.00
20180727,0.745,0.746,0.739,0.741,853600,632890.00
20180730,0.741,0.749,0.735,0.739,2591000,1922377.00
20180731,0.739,0.741,0.732,0.734,1485200,1089353.00
20180801,0.734,0.740,0.719,0.720,1330500,971971.00
20180802,0.720,0.720,0.688,0.707,2582400,1819765.00
20180803,0.707,0.707,0.692,0.696,1431200,997999.00
20180806,0.697,0.697,0.667,0.669,2234600,1515442.00
20180807,0.669,0.683,0.655,0.682,3791000,2537714.00
20180808,0.678,0.684,0.669,0.671,677400,456376.00
20180809,0.672,0.690,0.672,0.685,3824200,2625249.00
20180810,0.685,0.689,0.681,0.686,361400,247792.00
20180813,0.682,0.689,0.676,0.688,1091100,744307.00
20180814,0.686,0.690,0.680,0.688,902000,618025.00
20180815,0.687,0.687,0.669,0.669,1177100,792583.00
20180816,0.666,0.670,0.655,0.662,1009600,670619.00
20180817,0.665,0.678,0.652,0.652,788600,518995.00
20180820,0.655,0.662,0.651,0.662,477400,313694.00
20180821,0.662,0.673,0.662,0.670,640700,427842.00
20180822,0.670,0.670,0.660,0.663,589500,391410.00
20180823,0.662,0.667,0.659,0.665,320700,212377.00
20180824,0.660,0.666,0.659,0.663,518800,343547.00
20180827,0.665,0.675,0.663,0.673,1008600,676107.00
20180828,0.675,0.685,0.670,0.680,2406600,1634223.00
20180829,0.680,0.680,0.671,0.674,1112200,749334.00
20180830,0.670,0.677,0.666,0.667,909000,608199.00
20180831,0.666,0.666,0.654,0.657,1797300,1184493.00
20180903,0.659,0.659,0.649,0.657,1645900,1071967.00
20180904,0.656,0.662,0.652,0.660,1615900,1060494.00
20180905,0.657,0.658,0.645,0.647,1794300,1167242.00
20180906,0.645,0.651,0.639,0.643,1846300,1192563.00
20180907,0.643,0.649,0.640,0.641,1078400,693703.00
20180910,0.641,0.641,0.626,0.627,1353500,857671.00
20180911,0.629,0.629,0.620,0.625,2652000,1657025.00
20180912,0.625,0.632,0.624,0.628,384700,241611.00
20180913,0.631,0.640,0.631,0.637,2902900,1851178.00
20180914,0.638,0.648,0.638,0.642,2795600,1793097.00
20180917,0.636,0.636,0.624,0.626,785400,492174.00
20180918,0.625,0.637,0.623,0.637,1017800,640624.00
20180919,0.637,0.648,0.635,0.644,1486800,952154.00
20180920,0.644,0.653,0.644,0.645,2369000,1534292.00
20180921,0.650,0.664,0.641,0.660,2448900,1602959.00
20180925,0.660,0.663,0.655,0.659,1527500,1008296.00
20180926,0.660,0.666,0.658,0.662,1157300,766215.00
20180927,0.660,0.664,0.655,0.655,944600,622728.00
20180928,0.655,0.663,0.651,0.663,1429100,937782.00
20181008,0.658,0.662,0.644,0.646,3934200,2573074.00
20181009,0.643,0.657,0.643,0.653,1068900,696547.00
20181010,0.656,0.660,0.644,0.650,562100,366675.00
20181011,0.630,0.639,0.589,0.596,1693400,1039581.00
20181012,0.600,0.605,0.583,0.601,2076900,1240167.00
20181015,0.600,0.601,0.590,0.591,466100,277535.00
20181016,0.591,0.594,0.572,0.572,1071200,620257.00
20181017,0.584,0.589,0.559,0.571,1444400,821756.00
20181018,0.576,0.576,0.550,0.551,1211600,671970.00
20181019,0.551,0.564,0.540,0.561,906100,502793.00
20181022,0.567,0.599,0.563,0.593,2480400,1448991.00
20181023,0.585,0.589,0.576,0.577,2158000,1258745.00
20181024,0.578,0.635,0.574,0.586,2354600,1402034.00
20181025,0.583,0.592,0.567,0.586,1273500,737426.00
20181026,0.592,0.603,0.586,0.590,3043100,1808509.00
20181029,0.587,0.590,0.573,0.577,1654400,958344.00
20181030,0.572,0.587,0.569,0.584,1862300,1077804.00
20181031,0.587,0.606,0.577,0.602,4588500,2726916.00
20181101,0.606,0.610,0.592,0.603,3497200,2103074.00
20181102,0.612,0.626,0.605,0.619,4377900,2687370.00
20181105,0.617,0.621,0.609,0.613,1925300,1183517.00
20181106,0.607,0.612,0.603,0.607,1378300,838106.00
20181107,0.610,0.633,0.610,0.622,4661800,2912408.00
20181108,0.622,0.625,0.605,0.607,2500900,1536709.00
20181109,0.607,0.610,0.595,0.598,1435200,863426.00
20181112,0.598,0.609,0.592,0.608,2035400,1223832.00
20181113,0.604,0.618,0.600,0.617,3286900,2006881.00
20181114,0.615,0.621,0.610,0.613,1808400,1115366.00
20181115,0.613,0.622,0.611,0.621,1361000,839070.00
20181116,0.623,0.627,0.618,0.621,1524200,949793.00
20181119,0.621,0.626,0.616,0.623,2052500,1274667.00
20181120,0.619,0.627,0.614,0.615,3306800,2051852.00
20181121,0.612,0.614,0.606,0.613,1564300,952623.00
20181122,0.615,0.617,0.609,0.611,810400,496699.00
20181123,0.608,0.608,0.581,0.581,4940800,2922371.00
20181126,0.578,0.584,0.574,0.577,2444800,1417023.00
20181127,0.584,0.585,0.578,0.582,1657700,962015.00
20181128,0.577,0.587,0.574,0.587,2134500,1240828.00
20181129,0.590,0.601,0.585,0.585,8096500,4806816.00
20181130,0.582,0.591,0.580,0.591,2329300,1364332.00
20181203,0.601,0.608,0.597,0.606,3483900,2101173.00
20181204,0.604,0.608,0.603,0.608,1962900,1190465.00
20181205,0.600,0.616,0.598,0.608,3836700,2342981.00
20181206,0.605,0.609,0.601,0.603,2742500,1653869.00
20181207,0.601,0.605,0.598,0.600,1020100,612719.00
20181210,0.598,0.601,0.594,0.596,1431600,853693.00
20181211,0.596,0.601,0.596,0.601,736100,440875.00
20181212,0.604,0.604,0.599,0.601,946500,570111.00
20181213,0.600,0.607,0.596,0.604,2550000,1538865.88
20181214,0.601,0.607,0.586,0.586,2081000,1235462.00
20181217,0.584,0.592,0.583,0.591,1813200,1065075.00
20181218,0.588,0.593,0.586,0.592,1935800,1141791.00
20181219,0.592,0.592,0.585,0.585,995000,584882.00
20181220,0.585,0.588,0.580,0.584,806800,470720.00
20181221,0.584,0.585,0.574,0.577,1099800,635430.00
20181224,0.576,0.579,0.574,0.578,210100,121320.00
20181225,0.575,0.575,0.560,0.569,945400,535521.00
20181226,0.568,0.570,0.566,0.568,355200,202000.00
20181227,0.571,0.576,0.561,0.561,775100,442234.00
20181228,0.562,0.568,0.561,0.567,200600,113306.00
20190102,0.568,0.568,0.557,0.557,525200,293561.00
20190103,0.557,0.567,0.556,0.564,1892400,1065597.00
20190104,0.564,0.580,0.563,0.579,1999900,1145402.00
20190107,0.585,0.591,0.576,0.590,2429400,1411617.00
20190108,0.588,0.590,0.577,0.581,2664800,1546206.00
20190109,0.584,0.584,0.577,0.578,6186700,3592126.00
20190110,0.576,0.581,0.573,0.576,2921900,1685303.00
20190111,0.576,0.581,0.574,0.581,4740600,2736051.00
20190114,0.579,0.583,0.576,0.578,2105400,1222502.00
20190115,0.577,0.585,0.576,0.583,1853100,1074305.00
20190116,0.582,0.583,0.577,0.580,2102300,1218973.00
20190117,0.581,0.584,0.574,0.576,3746200,2167212.00
20190118,0.576,0.591,0.575,0.590,4744000,2775546.00
20190121,0.593,0.593,0.586,0.590,4540500,2668786.00
20190122,0.588,0.588,0.576,0.581,3399500,1979793.00
20190123,0.578,0.584,0.576,0.582,2655000,1543535.00
20190124,0.582,0.582,0.576,0.580,3402100,1969608.00
20190125,0.577,0.580,0.576,0.578,4552300,2628060.00
20190128,0.582,0.583,0.574,0.576,4715300,2726871.00
20190129,0.574,0.574,0.557,0.565,4871600,2754866.00
20190130,0.565,0.567,0.560,0.561,1725600,971383.00
20190131,0.560,0.566,0.550,0.553,3597400,2006892.00
20190201,0.554,0.565,0.554,0.565,3909100,2187821.00
20190211,0.565,0.583,0.565,0.583,7452500,4273347.00
20190212,0.583,0.587,0.578,0.585,7505400,4368979.00
20190213,0.585,0.606,0.583,0.601,12868800,7663773.00
20190214,0.602,0.604,0.594,0.599,7346500,4399434.00
20190215,0.598,0.608,0.594,0.598,6550200,3953104.00
20190218,0.604,0.617,0.600,0.617,6017300,3666022.00
20190219,0.615,0.622,0.611,0.619,6791100,4185208.00
20190220,0.621,0.640,0.620,0.630,9180900,5801227.00
20190221,0.630,0.636,0.624,0.629,7841900,4934743.00
20190222,0.625,0.636,0.618,0.634,7132300,4472932.00
20190225,0.667,0.697,0.640,0.697,43376000,28823804.00
20190226,0.716,0.717,0.670,0.689,54819600,37955048.00
20190227,0.679,0.694,0.670,0.676,21983800,15016712.00
20190228,0.676,0.682,0.669,0.673,16522200,11160939.00
20190301,0.675,0.677,0.665,0.677,11385500,7637077.00
20190304,0.683,0.701,0.677,0.689,25905600,17806032.00
20190305,0.683,0.697,0.678,0.695,25515400,17525244.00
20190306,0.696,0.719,0.695,0.718,30447200,21576912.00
20190307,0.723,0.750,0.704,0.735,29499100,21576000.00
20190308,0.705,0.724,0.685,0.686,29617700,20899652.00
20190311,0.684,0.706,0.684,0.701,17122300,11893819.00
20190312,0.708,0.713,0.695,0.703,23244100,16413168.00
20190313,0.705,0.712,0.696,0.700,17071700,12028726.00
20190314,0.695,0.720,0.688,0.694,19958300,14029982.00
20190315,0.697,0.703,0.687,0.700,13281100,9224898.00
20190318,0.702,0.720,0.702,0.720,22563600,16075633.00
20190319,0.720,0.721,0.710,0.716,8773122,6273387.00
20190320,0.714,0.715,0.697,0.706,16775778,11849980.00
20190321,0.713,0.721,0.709,0.715,18315422,13115260.00
20190322,0.709,0.716,0.700,0.710,12990000,9204246.00
20190325,0.701,0.705,0.695,0.695,9504300,6654655.00
20190326,0.699,0.702,0.683,0.687,7822600,5424438.00
20190327,0.685,0.689,0.673,0.679,10503700,7129984.00
20190328,0.675,0.678,0.668,0.672,6088200,4101588.00
20190329,0.675,0.690,0.665,0.689,24017200,16316162.00
20190401,0.698,0.725,0.696,0.724,34647900,24723362.00
20190402,0.740,0.748,0.713,0.738,44133800,32102216.00
20190403,0.739,0.742,0.724,0.738,21999100,16179818.00
20190404,0.742,0.757,0.738,0.747,38221100,28563506.00
20190408,0.758,0.769,0.742,0.760,45553400,34430008.00
20190409,0.753,0.753,0.732,0.739,29111400,21575636.00
20190410,0.739,0.739,0.724,0.734,20838800,15213559.00
20190411,0.734,0.740,0.719,0.720,19403700,14152134.00
20190412,0.714,0.722,0.708,0.714,14519300,10368869.00
20190415,0.728,0.733,0.709,0.710,21241800,15375829.00
20190416,0.701,0.734,0.699,0.733,42269300,30608000.00
20190417,0.730,0.736,0.725,0.729,24073200,17571118.00
20190418,0.733,0.734,0.717,0.719,17962800,13043762.00
20190419,0.716,0.726,0.711,0.725,16997300,12213914.00
20190422,0.725,0.726,0.706,0.710,17684600,12634036.00
20190423,0.710,0.710,0.696,0.702,20275200,14236703.00
20190424,0.702,0.706,0.694,0.706,12096900,8461524.00
20190425,0.702,0.705,0.682,0.683,18124600,12563956.00
20190426,0.680,0.685,0.669,0.669,20405600,13769157.00
20190429,0.670,0.672,0.637,0.638,35178400,22807298.00
20190430,0.638,0.646,0.634,0.645,21249600,13629493.00
20190506,0.620,0.627,0.593,0.596,25620800,15686789.00
20190507,0.601,0.608,0.596,0.604,17787200,10750986.00
20190508,0.599,0.610,0.588,0.604,10489400,6313807.00
20190509,0.606,0.607,0.598,0.601,12777400,7697651.00
20190510,0.605,0.617,0.594,0.616,29132600,17724068.00
20190513,0.605,0.612,0.603,0.606,15093000,9165966.00
20190514,0.601,0.614,0.601,0.607,14081100,8569179.00
20190515,0.611,0.615,0.608,0.614,9819300,6011142.00
20190516,0.611,0.642,0.611,0.641,33210800,21059270.00
20190517,0.642,0.645,0.608,0.611,93427600,58787656.00
20190520,0.614,0.619,0.595,0.619,15941100,9685040.00
20190521,0.621,0.646,0.612,0.642,36495100,23243074.00
20190522,0.642,0.643,0.628,0.630,35633700,22621508.00
20190523,0.628,0.631,0.616,0.618,15123900,9434904.00
20190524,0.618,0.627,0.609,0.612,20283900,12549104.00
20190527,0.615,0.629,0.609,0.629,11480500,7131662.00
20190528,0.627,0.630,0.621,0.624,16060300,10051917.00
20190529,0.625,0.642,0.625,0.636,89800800,56888220.00
20190530,0.630,0.644,0.627,0.642,22186200,14146690.00
20190531,0.641,0.656,0.637,0.651,25341900,16413325.00
20190603,0.648,0.650,0.636,0.637,27780200,17842388.00
20190604,0.637,0.645,0.624,0.628,8889300,5635271.00
20190605,0.632,0.638,0.631,0.634,6413900,4070461.00
20190606,0.632,0.637,0.626,0.630,6305800,3981770.00
20190610,0.631,0.637,0.620,0.636,8117700,5120476.00
20190611,0.636,0.656,0.631,0.653,27566100,17867496.00
20190612,0.654,0.677,0.652,0.661,33497600,22295848.00
20190613,0.659,0.665,0.652,0.660,11441300,7540869.00
20190614,0.660,0.670,0.654,0.655,16143500,10659112.00
20190617,0.650,0.668,0.650,0.662,8591600,5660898.00
20190618,0.658,0.658,0.644,0.651,31203600,20299392.00
20190619,0.660,0.662,0.651,0.652,29647600,19445812.00
20190620,0.656,0.666,0.648,0.664,37710600,24853230.00
20190621,0.664,0.683,0.661,0.675,35951700,24141442.00
20190624,0.675,0.683,0.673,0.679,21297600,14418779.00
20190625,0.681,0.685,0.671,0.682,18733700,12715798.00
20190626,0.675,0.675,0.663,0.665,21633400,14425790.00
20190627,0.663,0.669,0.663,0.668,11651600,7769164.00
20190628,0.668,0.673,0.660,0.663,9825100,6561950.00
20190701,0.666,0.673,0.660,0.673,20918100,13939320.00
20190702,0.669,0.677,0.667,0.676,16674200,11210517.00
20190703,0.682,0.684,0.671,0.672,10849400,7330050.00
20190704,0.672,0.675,0.660,0.663,13076000,8746227.00
20190705,0.663,0.667,0.660,0.665,7835700,5198947.00
20190708,0.659,0.664,0.636,0.641,16040200,10344890.00
20190709,0.635,0.642,0.635,0.642,3938700,2517225.00
20190710,0.642,0.642,0.630,0.632,10224900,6496226.00
20190711,0.639,0.648,0.638,0.643,13058800,8392807.00
20190712,0.643,0.643,0.636,0.638,7570700,4833484.00
20190715,0.638,0.649,0.631,0.642,256550000,164575824.00
20190716,0.642,0.646,0.639,0.643,26527000,17056100.00
20190717,0.642,0.644,0.632,0.642,17857700,11457223.00
20190718,0.644,0.651,0.640,0.640,38266500,24723772.00
20190719,0.646,0.657,0.645,0.653,25773200,16822522.00
20190722,0.651,0.652,0.627,0.638,33866800,21568724.00
20190723,0.634,0.638,0.632,0.637,35818000,22720620.00
20190724,0.638,0.647,0.638,0.644,27160800,17457312.00
20190725,0.644,0.644,0.639,0.642,19920600,12764739.00
20190726,0.640,0.641,0.634,0.638,17225100,10973299.00
20190729,0.639,0.640,0.636,0.637,12720500,8103769.00
20190730,0.637,0.646,0.637,0.644,24983000,16061007.00
20190731,0.644,0.648,0.637,0.646,15511100,9961375.00
20190801,0.639,0.647,0.635,0.641,24477000,15706653.00
20190802,0.637,0.647,0.637,0.644,24759900,15935601.00
20190805,0.642,0.658,0.642,0.654,68198800,44452780.00
20190806,0.649,0.654,0.633,0.636,60139400,38525708.00
20190807,0.644,0.666,0.644,0.662,30334600,19928612.00
20190808,0.669,0.675,0.658,0.661,16973000,11265729.00
20190809,0.660,0.669,0.655,0.656,11325200,7505808.00
20190812,0.655,0.655,0.645,0.651,24466500,15861654.00
20190813,0.653,0.664,0.652,0.662,21230000,13965645.00
20190814,0.653,0.660,0.650,0.658,111925299,73285240.00
20190815,0.650,0.656,0.648,0.654,38709399,25231528.00
20190816,0.655,0.662,0.652,0.657,60744299,39908744.00
20190819,0.658,0.665,0.650,0.664,27896100,18398074.00
20190820,0.662,0.674,0.658,0.671,35276599,23574350.00
20190821,0.669,0.669,0.662,0.663,17038700,11311651.00
20190822,0.661,0.662,0.653,0.662,24204200,15921969.00
20190823,0.659,0.662,0.656,0.659,14518700,9563168.00
20190826,0.661,0.666,0.660,0.663,17645100,11688840.00
20190827,0.658,0.668,0.658,0.668,17249900,11460707.00
20190828,0.666,0.669,0.662,0.664,11013400,7334929.00
20190829,0.664,0.668,0.660,0.666,11768600,7810780.00
20190830,0.662,0.669,0.661,0.666,13222500,8780041.00
20190902,0.668,0.675,0.666,0.674,19762800,13252764.00
20190903,0.675,0.675,0.671,0.675,12033200,8098962.00
20190904,0.677,0.685,0.676,0.683,21224500,14436523.00
20190905,0.694,0.700,0.684,0.690,40908100,28297132.00
20190906,0.686,0.688,0.680,0.682,20015300,13675202.00
20190909,0.684,0.693,0.681,0.693,15693800,10777063.00
20190910,0.691,0.701,0.687,0.693,25757800,17865076.00
20190911,0.697,0.697,0.688,0.689,17145100,11851093.00
20190912,0.690,0.692,0.685,0.690,10879200,7485120.00
20190916,0.693,0.694,0.688,0.694,12376400,8552187.00
20190917,0.691,0.691,0.675,0.676,17762100,12109788.00
20190918,0.677,0.679,0.672,0.673,7546500,5090247.00
20190919,0.672,0.682,0.671,0.681,9049400,6122618.00
20190920,0.681,0.682,0.678,0.682,7854700,5334407.00
20190923,0.681,0.681,0.672,0.675,6377700,4312483.00
20190924,0.676,0.679,0.672,0.679,6395800,4323629.00
20190925,0.679,0.680,0.668,0.674,7275800,4896799.00
20190926,0.673,0.674,0.651,0.653,16023500,10574783.00
20190927,0.654,0.656,0.647,0.651,10303300,6715433.00
20190930,0.651,0.653,0.643,0.643,5939100,3849141.00
20191008,0.645,0.646,0.640,0.642,4745500,3050264.00
20191009,0.642,0.649,0.640,0.649,6084200,3930563.00
20191010,0.649,0.652,0.647,0.651,3156600,2051265.00
20191011,0.650,0.650,0.643,0.648,8623400,5575647.00
20191014,0.649,0.653,0.646,0.650,14963500,9732252.00
20191015,0.649,0.650,0.638,0.638,14960600,9602331.00
20191016,0.640,0.641,0.630,0.633,12690100,8071462.00
20191017,0.633,0.635,0.630,0.633,8728700,5516366.00
20191018,0.634,0.635,0.621,0.623,11220800,7036472.00
20191021,0.623,0.625,0.615,0.620,7214400,4465379.00
20191022,0.622,0.625,0.620,0.624,5578800,3471089.00
20191023,0.625,0.625,0.618,0.621,6671200,4142809.00
20191024,0.621,0.621,0.615,0.618,7954900,4916518.00
20191025,0.619,0.623,0.616,0.621,5953500,3688203.00
20191028,0.620,0.632,0.620,0.631,13739300,8608312.00
20191029,0.629,0.630,0.621,0.621,9850600,6155111.00
20191030,0.623,0.623,0.615,0.616,7621800,4707267.00
20191031,0.617,0.619,0.613,0.613,8388500,5162661.00
20191101,0.614,0.620,0.613,0.620,6136500,3788403.00
20191104,0.620,0.625,0.619,0.623,7364800,4582903.00
20191105,0.623,0.631,0.619,0.628,16607200,10398932.00
20191106,0.626,0.635,0.623,0.628,17156100,10806320.00
20191107,0.627,0.628,0.622,0.625,8043400,5025648.00
20191108,0.627,0.630,0.621,0.622,8128700,5077716.00
20191111,0.619,0.621,0.607,0.608,14919200,9157702.00
20191112,0.608,0.611,0.600,0.603,10501600,6340864.00
20191113,0.605,0.607,0.603,0.606,6920500,4185602.00
20191114,0.605,0.605,0.601,0.605,4400800,2655537.00
20191115,0.602,0.610,0.601,0.602,4892500,2959166.00
20191118,0.601,0.606,0.598,0.605,5290600,3187876.00
20191119,0.604,0.617,0.604,0.616,13556134,8306494.00
20191120,0.616,0.623,0.614,0.620,14450511,8946490.00
20191121,0.619,0.621,0.615,0.619,7552611,4670906.00
20191122,0.619,0.627,0.618,0.623,17108266,10645936.00
20191125,0.626,0.634,0.615,0.634,19529800,12278926.00
20191126,0.635,0.635,0.624,0.632,19562677,12291081.00
20191127,0.632,0.640,0.626,0.637,17403254,11045746.00
20191128,0.638,0.638,0.629,0.630,4754500,3007820.00
20191129,0.630,0.630,0.623,0.626,9188700,5737257.00
20191202,0.625,0.629,0.623,0.627,6985977,4373326.00
20191203,0.624,0.634,0.623,0.632,6719800,4226650.00
20191204,0.630,0.646,0.630,0.644,16599200,10638497.00
20191205,0.645,0.647,0.638,0.646,14222677,9132898.00
20191206,0.644,0.646,0.642,0.644,9135800,5882910.00
20191209,0.644,0.648,0.641,0.644,8152900,5254569.00
20191210,0.644,0.655,0.643,0.650,16944800,11016771.00
20191211,0.650,0.651,0.643,0.646,11875489,7674902.00
20191212,0.649,0.652,0.645,0.645,13689589,8883217.00
20191213,0.646,0.654,0.646,0.654,13223489,8587522.00
20191216,0.655,0.657,0.648,0.656,20106700,13129699.00
20191217,0.656,0.673,0.655,0.673,35941700,24031592.00
20191218,0.673,0.674,0.667,0.673,32275600,21661648.00
20191219,0.670,0.675,0.669,0.675,16300200,10949531.00
20191220,0.672,0.677,0.663,0.666,17559000,11776176.00
20191223,0.665,0.671,0.657,0.661,25716600,17098604.00
20191224,0.661,0.694,0.661,0.692,57860900,39357632.00
20191225,0.693,0.693,0.685,0.691,31005500,21372636.00
20191226,0.689,0.700,0.689,0.698,37091300,25844624.00
20191227,0.704,0.742,0.701,0.719,135993700,98421144.00
20191230,0.716,0.727,0.708,0.726,123453900,88823360.00
20191231,0.721,0.731,0.719,0.726,85030900,61589932.00
20200102,0.738,0.741,0.727,0.736,75047900,55164688.00
20200103,0.738,0.755,0.732,0.748,147440300,110167984.00
20200106,0.755,0.777,0.755,0.775,145840077,111938464.00
20200107,0.767,0.770,0.758,0.765,115490677,88171600.00
20200108,0.775,0.788,0.760,0.765,130111900,100090224.00
20200109,0.757,0.764,0.751,0.756,104383900,79102424.00
20200110,0.754,0.756,0.745,0.752,58545234,43945624.00
20200113,0.751,0.760,0.744,0.758,86224400,65037616.00
20200114,0.760,0.785,0.760,0.776,142122200,110450040.00
20200115,0.769,0.772,0.753,0.759,72846634,55338636.00
20200116,0.755,0.765,0.751,0.755,39005700,29562728.00
20200117,0.759,0.760,0.746,0.753,44619600,33592544.00
20200120,0.751,0.758,0.744,0.757,63879200,48093576.00
20200121,0.758,0.758,0.734,0.739,73396000,54386332.00
20200122,0.732,0.751,0.722,0.744,114621200,84757104.00
20200123,0.738,0.747,0.710,0.722,92491677,67697856.00
20200203,0.650,0.671,0.650,0.650,36220377,23685228.00
20200204,0.648,0.715,0.644,0.663,66170711,43446900.00
20200205,0.664,0.693,0.660,0.682,63649500,43368432.00
20200206,0.682,0.692,0.669,0.691,68889900,46812608.00
20200207,0.682,0.689,0.672,0.684,48370500,32951620.00
20200210,0.678,0.716,0.678,0.715,74137077,51701028.00
20200211,0.715,0.723,0.703,0.711,72508977,51747788.00
20200212,0.707,0.749,0.706,0.748,88841877,65138768.00
20200213,0.749,0.764,0.740,0.747,126454583,95169488.00
20200214,0.746,0.777,0.746,0.765,120267877,91727808.00
20200217,0.769,0.783,0.759,0.781,105438200,81045352.00
20200218,0.785,0.789,0.772,0.784,87452000,68382096.00
20200219,0.780,0.780,0.763,0.766,101191894,77807976.00
20200220,0.764,0.770,0.756,0.770,76691694,58613820.00
20200221,0.772,0.786,0.771,0.783,121129800,94497432.00
20200224,0.786,0.792,0.762,0.779,89748200,69362016.00
20200225,0.760,0.786,0.756,0.784,96186500,74016880.00
20200226,0.765,0.775,0.753,0.756,87090000,66650100.00
20200227,0.757,0.763,0.749,0.754,43834100,33088336.00
20200228,0.729,0.739,0.703,0.705,89167700,64164688.00
20200302,0.709,0.729,0.706,0.726,47327600,33965984.00
20200303,0.742,0.748,0.728,0.734,64397300,47630532.00
20200304,0.734,0.746,0.730,0.745,60320500,44580996.00
20200305,0.753,0.753,0.739,0.751,98620700,73668616.00
20200306,0.746,0.759,0.743,0.750,59917300,45010576.00
20200309,0.738,0.743,0.710,0.712,101504000,73431808.00
20200310,0.701,0.722,0.690,0.722,71950300,50927780.00
20200311,0.724,0.724,0.711,0.712,38969400,27965848.00
20200312,0.703,0.703,0.686,0.693,48698500,33759128.00
20200313,0.661,0.687,0.651,0.679,74994700,49732936.00
20200316,0.679,0.685,0.648,0.650,57125734,38243928.00
20200317,0.652,0.660,0.626,0.642,76257700,49002132.00
20200318,0.646,0.653,0.628,0.630,38397200,24790004.00
20200319,0.628,0.630,0.608,0.625,87409800,54127916.00
20200320,0.628,0.636,0.617,0.636,49911400,31330970.00
20200323,0.618,0.623,0.607,0.609,70942600,43612268.00
20200324,0.630,0.638,0.620,0.637,84326300,53100488.00
20200325,0.656,0.659,0.646,0.652,111748608,72676416.00
20200326,0.646,0.651,0.638,0.644,44998212,29049560.00
20200327,0.648,0.650,0.639,0.639,65136900,41890184.00
20200330,0.633,0.633,0.619,0.624,38152300,23797404.00
20200331,0.627,0.635,0.623,0.631,80984900,50991184.00
20200401,0.628,0.646,0.625,0.642,65815912,41926164.00
20200402,0.634,0.647,0.629,0.647,99303412,63379848.00
20200403,0.645,0.650,0.638,0.639,75517100,48604840.00
20200407,0.652,0.664,0.650,0.662,73768200,48526104.00
20200408,0.657,0.672,0.656,0.666,56611900,37549184.00
20200409,0.669,0.669,0.660,0.664,44079700,29239512.00
20200410,0.671,0.673,0.652,0.652,48941992,32266884.00
20200413,0.649,0.653,0.646,0.649,28318600,18395098.00
20200414,0.654,0.675,0.654,0.674,70320892,46986552.00
20200415,0.672,0.677,0.666,0.668,44198900,29724640.00
20200416,0.662,0.670,0.659,0.668,29924600,19872532.00
20200417,0.671,0.672,0.662,0.664,41307300,27549182.00
20200420,0.662,0.665,0.657,0.665,27292800,18032324.00
20200421,0.660,0.661,0.647,0.652,39028000,25463994.00
20200422,0.645,0.655,0.645,0.654,30575272,19895464.00
20200423,0.656,0.660,0.653,0.655,26037400,17098574.00
20200424,0.654,0.660,0.649,0.653,26100600,17092392.00
20200427,0.648,0.650,0.642,0.643,30651700,19781148.00
20200428,0.640,0.642,0.618,0.632,36422100,22962168.00
20200429,0.629,0.639,0.629,0.634,43901600,27894350.00
20200430,0.638,0.651,0.636,0.651,40072300,25852470.00
20200506,0.644,0.668,0.643,0.668,76199400,50238428.00
20200507,0.663,0.668,0.660,0.664,37562600,24936280.00
20200508,0.669,0.676,0.662,0.673,46169500,30888844.00
20200511,0.674,0.674,0.660,0.663,52623000,35033228.00
20200512,0.661,0.662,0.651,0.657,44550500,29250620.00
20200513,0.653,0.663,0.652,0.660,29905700,19728860.00
20200514,0.658,0.663,0.656,0.657,23934600,15796923.00
20200515,0.660,0.668,0.658,0.666,41193800,27375944.00
20200518,0.671,0.695,0.668,0.687,133296200,91349200.00
20200519,0.686,0.686,0.677,0.681,83971400,57190988.00
20200520,0.682,0.690,0.676,0.678,61633500,42175552.00
20200521,0.680,0.681,0.665,0.668,49598800,33444126.00
20200522,0.664,0.665,0.650,0.657,49828800,32677232.00
20200525,0.655,0.656,0.645,0.650,41589084,27016148.00
20200526,0.653,0.662,0.652,0.661,46964800,30933062.00
20200527,0.659,0.661,0.653,0.659,38570800,25284696.00
20200528,0.659,0.671,0.655,0.670,53290125,35378460.00
20200529,0.664,0.674,0.664,0.673,34212400,22880832.00
20200601,0.674,0.687,0.671,0.686,79810300,54249180.00
20200602,0.686,0.690,0.682,0.685,45576025,31186282.00
20200603,0.685,0.685,0.678,0.679,42221500,28766362.00
20200604,0.677,0.684,0.677,0.682,29248600,19928502.00
20200605,0.680,0.681,0.674,0.681,23739900,16081260.00
20200608,0.683,0.692,0.681,0.687,48322800,33196046.00
20200609,0.689,0.693,0.684,0.687,49056600,33743444.00
20200610,0.688,0.690,0.680,0.682,34386200,23504160.00
20200611,0.686,0.692,0.683,0.688,63892900,43970904.00
20200612,0.675,0.683,0.671,0.681,37597800,25411802.00
20200615,0.674,0.682,0.670,0.672,36023100,24313188.00
20200616,0.674,0.695,0.674,0.694,67600900,46431632.00
20200617,0.693,0.697,0.687,0.695,39054800,27054696.00
20200618,0.695,0.702,0.689,0.699,62772700,43836532.00
20200619,0.699,0.704,0.695,0.702,43587300,30503042.00
20200622,0.708,0.716,0.705,0.707,59769302,42503092.00
20200623,0.710,0.712,0.704,0.709,38153200,27016340.00
20200624,0.711,0.714,0.706,0.709,42336700,30062684.00
20200629,0.706,0.710,0.698,0.702,42862300,30098484.00
20200630,0.702,0.710,0.701,0.708,41397316,29244428.00
20200701,0.712,0.724,0.712,0.722,59657800,42838440.00
20200702,0.724,0.731,0.714,0.730,187482600,136154544.00
20200703,0.740,0.750,0.734,0.750,357357300,265658656.00
20200706,0.775,0.825,0.750,0.818,909200200,706610112.00
20200707,0.851,0.858,0.791,0.801,919889900,750999424.00
20200708,0.802,0.843,0.792,0.842,706738245,582120256.00
20200709,0.859,0.875,0.835,0.868,854394645,731607424.00
20200710,0.852,0.858,0.836,0.840,491039507,416275072.00
20200713,0.845,0.900,0.845,0.898,678690144,592751168.00
20200714,0.882,0.882,0.846,0.863,905448485,783207232.00
20200715,0.871,0.878,0.825,0.832,531510696,448597120.00
20200716,0.835,0.849,0.795,0.801,486185661,400872864.00
20200717,0.800,0.811,0.785,0.798,339159261,270146880.00
20200720,0.806,0.846,0.802,0.845,583900334,482767712.00
20200721,0.852,0.857,0.831,0.840,383120442,322813312.00
20200722,0.870,0.879,0.847,0.852,598308355,514422976.00
20200723,0.851,0.865,0.836,0.857,471511626,401749120.00
20200724,0.853,0.861,0.816,0.822,528405256,443568736.00
20200727,0.831,0.860,0.826,0.858,677015712,574815680.00
20200728,0.882,0.891,0.846,0.851,741979111,644816832.00
20200729,0.850,0.864,0.837,0.863,408818378,347450720.00
20200730,0.864,0.868,0.848,0.851,337086178,288183936.00
20200731,0.849,0.862,0.840,0.859,416077311,354492768.00
20200803,0.860,0.877,0.850,0.875,511687445,442886976.00
20200804,0.882,0.888,0.870,0.873,488805118,429384256.00
20200805,0.882,0.905,0.869,0.899,650084640,578017792.00
20200806,0.905,0.932,0.900,0.924,829661983,760483712.00
20200807,0.931,0.939,0.895,0.912,878370684,808946240.00
20200810,0.893,0.895,0.872,0.890,518284595,457975616.00
20200811,0.885,0.889,0.852,0.860,622552649,544717440.00
20200812,0.830,0.840,0.811,0.837,599235946,495989184.00
20200813,0.839,0.841,0.830,0.833,224865471,187601872.00
20200814,0.836,0.845,0.827,0.837,222586193,186173280.00
20200817,0.837,0.868,0.831,0.866,410493993,350691680.00
20200818,0.875,0.885,0.871,0.878,356603500,312678720.00
20200819,0.882,0.885,0.868,0.873,344341595,301836256.00
20200820,0.855,0.862,0.851,0.852,190317650,162782944.00
20200821,0.855,0.861,0.845,0.850,120728755,103061224.00
20200824,0.850,0.864,0.843,0.859,144188140,123431856.00
20200825,0.860,0.863,0.840,0.845,194320837,164874928.00
20200826,0.841,0.845,0.820,0.824,165543549,137554768.00
20200827,0.830,0.834,0.823,0.833,83197500,68986728.00
20200828,0.827,0.845,0.822,0.845,173687055,144958672.00
20200831,0.850,0.872,0.850,0.857,288734368,248833968.00
20200901,0.855,0.873,0.853,0.871,207058000,179134208.00
20200902,0.869,0.869,0.847,0.852,213362300,182002272.00
20200903,0.846,0.852,0.837,0.840,135541200,114330544.00
20200904,0.829,0.837,0.826,0.837,100435800,83595720.00
20200907,0.839,0.852,0.824,0.830,177068952,149144192.00
20200908,0.830,0.836,0.814,0.834,142535000,117489040.00
20200909,0.820,0.822,0.805,0.809,190684321,155176800.00
20200910,0.820,0.825,0.803,0.806,139579021,113915000.00
20200911,0.801,0.809,0.796,0.808,87699376,70382800.00
20200914,0.810,0.829,0.810,0.823,155389468,127861256.00
20200915,0.826,0.833,0.823,0.832,103721689,85942552.00
20200916,0.827,0.830,0.820,0.824,74032400,60996992.00
20200917,0.821,0.823,0.810,0.815,74934432,61121284.00
20200918,0.815,0.840,0.814,0.838,156291800,129854560.00
20200921,0.841,0.846,0.829,0.833,145194400,121486536.00
20200922,0.817,0.824,0.807,0.810,189948687,154618608.00
20200923,0.812,0.815,0.802,0.807,100550087,81161672.00
20200924,0.798,0.799,0.772,0.775,267589400,209064224.00
20200925,0.780,0.782,0.770,0.776,97528372,75585208.00
20200928,0.776,0.778,0.770,0.774,84341100,65253192.00
20200929,0.778,0.786,0.777,0.777,87591751,68470104.00
20200930,0.779,0.780,0.765,0.771,87452700,67636960.00
20201009,0.782,0.799,0.781,0.794,145560816,115178256.00
20201012,0.804,0.817,0.796,0.816,207359830,167754176.00
20201013,0.811,0.815,0.804,0.813,148136637,119902184.00
20201014,0.806,0.808,0.801,0.805,91212426,73357176.00
20201015,0.802,0.812,0.802,0.805,103011306,83178992.00
20201016,0.808,0.811,0.797,0.802,77204000,61996808.00
20201019,0.804,0.810,0.799,0.807,85386599,68710680.00
20201020,0.801,0.808,0.794,0.808,100403099,80454304.00
20201021,0.810,0.815,0.804,0.809,117913973,95454344.00
20201022,0.807,0.808,0.796,0.806,61319200,49124384.00
20201023,0.803,0.810,0.795,0.796,90469296,72449464.00
20201026,0.793,0.798,0.785,0.794,79942385,63312308.00
20201027,0.793,0.803,0.791,0.803,68137500,54510124.00
20201028,0.802,0.815,0.798,0.813,117910468,95352056.00
20201029,0.799,0.811,0.795,0.808,105182068,84557368.00
20201030,0.805,0.809,0.786,0.787,122709116,97632496.00
20201102,0.786,0.801,0.786,0.799,112511927,89561168.00
20201103,0.804,0.842,0.804,0.839,321092571,266212592.00
20201104,0.839,0.842,0.830,0.837,161290235,134872416.00
20201105,0.844,0.852,0.836,0.851,197777903,167140656.00
20201106,0.867,0.876,0.857,0.864,300416817,260177344.00
20201109,0.871,0.903,0.871,0.897,309401956,274377728.00
20201110,0.890,0.890,0.870,0.875,256894700,225522832.00
20201111,0.871,0.881,0.864,0.866,176957600,154516032.00
20201112,0.862,0.875,0.856,0.869,137169522,118921288.00
20201113,0.872,0.888,0.870,0.881,199469231,175411408.00
20201116,0.886,0.931,0.880,0.923,539064584,491346784.00
20201117,0.918,0.927,0.898,0.908,387919534,354843712.00
20201118,0.906,0.929,0.900,0.913,403873094,370092096.00
20201119,0.910,0.910,0.888,0.900,303138062,271464448.00
20201120,0.895,0.938,0.895,0.934,468817360,430621440.00
20201123,0.943,0.981,0.939,0.964,563353301,541180352.00
20201124,0.957,0.979,0.943,0.976,531107299,510882016.00
20201125,0.975,0.983,0.944,0.949,607660450,583499200.00
20201126,0.946,0.953,0.934,0.949,464300282,437282080.00
20201127,0.951,0.953,0.923,0.945,512664713,480431040.00
20201130,0.944,0.979,0.939,0.958,686371306,661024960.00
20201201,0.948,0.967,0.940,0.966,349810653,334240384.00
20201202,0.973,0.981,0.952,0.960,402740767,388993696.00
20201203,0.949,0.957,0.929,0.930,511047834,478491136.00
20201204,0.929,0.954,0.926,0.953,386174294,363517952.00
20201207,0.948,0.960,0.940,0.944,249460062,236492064.00
20201208,0.948,0.956,0.937,0.947,215322504,204155072.00
20201209,0.948,0.962,0.933,0.935,209673939,198799904.00
20201210,0.926,0.928,0.910,0.922,267519000,246128256.00
20201211,0.937,0.943,0.898,0.912,344192100,316559264.00
20201214,0.900,0.921,0.891,0.919,212899000,193302992.00
20201215,0.912,0.920,0.903,0.917,201477800,183691712.00
20201216,0.919,0.928,0.909,0.915,171697175,157626480.00
20201217,0.915,0.958,0.912,0.958,462264815,434264704.00
20201218,0.958,0.982,0.953,0.976,482171878,468310976.00
20201221,0.980,1.005,0.973,1.004,338962379,335652832.00
20201222,0.989,0.991,0.950,0.953,402057697,391571232.00
20201223,0.947,0.984,0.947,0.970,260092506,251491920.00
20201224,0.974,0.992,0.968,0.976,229058322,224012624.00
20201225,0.968,1.028,0.965,1.027,450010551,452336064.00
20201228,1.030,1.042,1.014,1.032,430394662,443547040.00
20201229,1.024,1.027,0.975,0.976,526126088,522071328.00
20201230,0.978,1.016,0.978,1.006,362243878,362376512.00
20201231,1.002,1.030,1.000,1.019,273149969,277858144.00
20210104,1.033,1.090,1.033,1.083,383451798,408128544.00
20210105,1.080,1.101,1.062,1.091,366280933,396084960.00
20210106,1.100,1.114,1.075,1.094,380999216,416900288.00
20210107,1.089,1.145,1.085,1.137,559650170,630555648.00
20210108,1.148,1.158,1.091,1.134,652510572,728586112.00
20210111,1.120,1.138,1.080,1.090,619964801,687023040.00
20210112,1.068,1.115,1.060,1.114,537076476,584372032.00
20210113,1.113,1.144,1.071,1.081,531501423,585576192.00
20210114,1.064,1.077,1.045,1.055,384074890,407038400.00
20210115,1.060,1.074,1.033,1.065,404797718,428089888.00
20210118,1.057,1.088,1.043,1.083,388604075,415974240.00
20210119,1.078,1.085,1.037,1.045,448031674,474608064.00
20210120,1.045,1.079,1.045,1.075,429659743,458175616.00
20210121,1.076,1.126,1.071,1.116,483453118,534238016.00
20210122,1.114,1.137,1.096,1.126,503377723,561849664.00
20210125,1.123,1.173,1.120,1.140,466221683,534010944.00
20210126,1.130,1.143,1.095,1.119,406340556,455053888.00
20210127,1.115,1.122,1.076,1.110,393709674,432329728.00
20210128,1.082,1.107,1.067,1.071,348722333,378466752.00
20210129,1.088,1.095,1.035,1.059,304763028,324289536.00
20210201,1.066,1.078,1.051,1.071,239628643,255617248.00
20210202,1.078,1.106,1.064,1.102,291982289,316787776.00
20210203,1.090,1.134,1.086,1.109,314843732,350061664.00
20210204,1.100,1.103,1.046,1.063,361093250,386634048.00
20210205,1.057,1.069,1.008,1.012,448465709,463597280.00
20210208,1.019,1.057,1.006,1.054,370988900,384233344.00
20210209,1.061,1.110,1.061,1.110,390226741,425561792.00
20210210,1.109,1.139,1.091,1.134,322437907,360445152.00
20210218,1.247,1.247,1.186,1.225,809245153,984142400.00
20210219,1.205,1.232,1.173,1.223,747657283,902671616.00
20210222,1.264,1.345,1.264,1.290,972670290,1272439040.00
20210223,1.275,1.295,1.247,1.263,978830473,1247651968.00
20210224,1.254,1.280,1.194,1.207,964092681,1187536000.00
20210225,1.244,1.249,1.188,1.194,919292710,1118447488.00
20210226,1.140,1.172,1.132,1.145,761276001,873628160.00
20210301,1.146,1.186,1.139,1.185,735558574,853484544.00
20210302,1.175,1.179,1.135,1.145,657258900,756263360.00
20210303,1.151,1.189,1.145,1.188,675816885,791017792.00
20210304,1.156,1.162,1.130,1.140,618130690,709338688.00
20210305,1.100,1.114,1.077,1.101,616002308,676480768.00
20210308,1.120,1.131,1.067,1.068,458039767,503611104.00
20210309,1.060,1.087,1.016,1.049,608131357,642105536.00
20210310,1.064,1.070,1.043,1.055,353902433,374352064.00
20210311,1.060,1.122,1.051,1.121,737049642,808517056.00
20210312,1.125,1.125,1.091,1.104,574593388,634735232.00
20210315,1.097,1.129,1.088,1.109,515458500,572481088.00
20210316,1.109,1.109,1.064,1.082,377773077,409150304.00
20210317,1.065,1.093,1.051,1.089,330478900,356170240.00
20210318,1.101,1.106,1.087,1.090,278526700,305027136.00
20210319,1.060,1.077,1.050,1.065,275412715,293200384.00
20210322,1.062,1.080,1.050,1.067,232808400,248262160.00
20210323,1.071,1.072,1.018,1.025,342478000,354970464.00
20210324,1.013,1.022,0.981,0.982,389936989,386747936.00
20210325,0.980,1.001,0.980,0.991,351651184,348810816.00
20210326,0.990,1.029,0.990,1.024,309883067,313500896.00
20210329,1.029,1.033,1.010,1.021,226850360,231683760.00
20210330,1.014,1.042,1.003,1.038,322448709,331338144.00
20210331,1.028,1.028,1.002,1.010,207409767,209857488.00
20210401,1.013,1.023,1.007,1.020,177296995,180175504.00
20210402,1.023,1.033,1.012,1.030,258937261,265052080.00
20210406,1.040,1.048,1.033,1.033,243281400,253112960.00
20210407,1.033,1.048,1.021,1.047,291268327,301855168.00
20210408,1.040,1.072,1.036,1.061,355504327,375954048.00
20210409,1.062,1.072,1.050,1.057,280725144,297621568.00
20210412,1.050,1.054,1.008,1.013,273608283,280798080.00
20210413,1.006,1.014,0.996,1.007,203864345,205166064.00
20210414,1.008,1.031,1.007,1.030,247670458,252814816.00
20210415,1.034,1.048,1.021,1.045,333306500,344794624.00
20210416,1.058,1.059,1.035,1.041,289628900,302896160.00
20210419,1.035,1.080,1.026,1.078,389223372,412839136.00
20210420,1.068,1.085,1.061,1.068,283289734,303623456.00
20210421,1.055,1.067,1.047,1.063,197865448,209456784.00
20210422,1.071,1.078,1.062,1.067,224014846,239553200.00
20210423,1.058,1.080,1.056,1.076,242056846,259303424.00
20210426,1.089,1.110,1.082,1.087,395464336,433734464.00
20210427,1.092,1.102,1.069,1.088,287090099,312341632.00
20210428,1.079,1.095,1.064,1.090,225389999,244101888.00
20210429,1.096,1.108,1.078,1.102,319206861,349838816.00
20210430,1.094,1.109,1.084,1.096,296634233,324675456.00
20210506,1.116,1.133,1.100,1.126,367196676,411577792.00
20210507,1.137,1.180,1.137,1.156,490613379,568755584.00
20210510,1.180,1.218,1.171,1.217,524479038,626485568.00
20210511,1.180,1.181,1.133,1.160,600563588,694248320.00
20210512,1.150,1.173,1.144,1.166,403007778,468025376.00
20210513,1.135,1.136,1.104,1.107,457650316,512547712.00
20210514,1.107,1.116,1.089,1.115,435321666,481001728.00
20210517,1.110,1.154,1.110,1.147,449347499,509747456.00
20210518,1.160,1.176,1.152,1.159,339389800,394920640.00
20210519,1.142,1.170,1.139,1.166,332269664,384679616.00
20210520,1.133,1.144,1.119,1.131,322596810,364711552.00
20210521,1.128,1.152,1.123,1.136,297712921,338406624.00
20210524,1.130,1.142,1.121,1.128,233083631,263152656.00
20210525,1.132,1.142,1.112,1.141,372817145,421913312.00
20210526,1.138,1.156,1.133,1.153,431557800,494863456.00
20210527,1.150,1.152,1.141,1.151,263113906,301687168.00
20210528,1.171,1.182,1.162,1.168,436402795,512076160.00
20210531,1.180,1.203,1.177,1.198,319481554,381657216.00
20210601,1.191,1.202,1.173,1.199,290876751,345489632.00
20210602,1.192,1.210,1.177,1.182,328058415,390756704.00
20210603,1.180,1.204,1.173,1.184,279496415,331973696.00
20210604,1.156,1.193,1.150,1.179,236795715,277538944.00
20210607,1.176,1.189,1.166,1.174,154238755,181600288.00
20210608,1.171,1.185,1.142,1.146,235350228,272573728.00
20210609,1.152,1.160,1.142,1.150,185610382,213634784.00
20210610,1.148,1.164,1.147,1.159,188192298,217637712.00
20210611,1.156,1.169,1.137,1.163,336600800,389493088.00
20210615,1.157,1.158,1.115,1.120,253804500,285930080.00
20210616,1.110,1.112,1.068,1.071,328406961,356784864.00
20210617,1.061,1.085,1.061,1.076,194625466,209744336.00
20210618,1.061,1.100,1.051,1.100,252221981,271857056.00
20210621,1.089,1.104,1.083,1.091,169510752,185415136.00
20210622,1.096,1.105,1.083,1.097,161298700,176532048.00
20210623,1.097,1.122,1.094,1.117,206523241,229262832.00
20210624,1.122,1.124,1.102,1.109,136218300,151322656.00
20210625,1.111,1.144,1.108,1.139,212868310,240123584.00
20210628,1.137,1.144,1.123,1.129,147719939,167460096.00
20210629,1.129,1.135,1.109,1.111,133879707,149774576.00
20210630,1.111,1.135,1.110,1.130,166912300,188219424.00
20210701,1.131,1.134,1.109,1.110,153060575,171470384.00
20210702,1.106,1.139,1.103,1.124,248024499,279217440.00
20210705,1.131,1.185,1.131,1.183,365088152,426678592.00
20210706,1.190,1.203,1.163,1.190,304826267,361449824.00
20210707,1.172,1.230,1.158,1.228,344730380,415468352.00
20210708,1.231,1.257,1.229,1.230,315549697,392711648.00
20210709,1.230,1.312,1.223,1.310,334209856,425442848.00
20210712,1.334,1.366,1.316,1.347,385251732,517883360.00
20210713,1.349,1.351,1.318,1.347,288102701,384449408.00
20210714,1.330,1.333,1.293,1.300,250297145,327683360.00
20210715,1.296,1.347,1.276,1.340,263092704,345655168.00
20210716,1.330,1.381,1.324,1.343,313234920,424474784.00
20210719,1.336,1.378,1.322,1.331,279174774,377218112.00
20210720,1.304,1.343,1.302,1.334,225678409,299526624.00
20210721,1.346,1.402,1.339,1.401,231924169,318911136.00
20210722,1.410,1.438,1.391,1.430,223601110,316250496.00
20210723,1.430,1.480,1.419,1.430,272718600,394266976.00
20210726,1.441,1.460,1.390,1.448,318917144,457922880.00
20210727,1.458,1.494,1.366,1.376,472127858,681074048.00
20210728,1.348,1.384,1.308,1.341,312985042,421834752.00
20210729,1.376,1.428,1.363,1.425,276700514,385511040.00
20210730,1.425,1.450,1.396,1.440,290038153,412797792.00
20210802,1.457,1.477,1.396,1.442,287315878,412739808.00
20210803,1.418,1.429,1.346,1.357,274049449,379305984.00
20210804,1.358,1.428,1.352,1.425,239847851,334413184.00
20210805,1.402,1.424,1.378,1.401,167145955,233799312.00
20210806,1.425,1.458,1.413,1.450,223728900,322211936.00
20210809,1.419,1.427,1.384,1.421,227880000,320838688.00
20210810,1.409,1.437,1.382,1.410,196513800,277400384.00
20210811,1.413,1.449,1.404,1.435,264750638,377993376.00
20210812,1.435,1.475,1.424,1.467,235774385,342514592.00
20210813,1.454,1.500,1.439,1.480,252206167,372570656.00
20210816,1.472,1.475,1.411,1.417,252529223,362125760.00
20210817,1.414,1.446,1.390,1.402,196161000,278997888.00
20210818,1.401,1.440,1.383,1.415,187657743,264490448.00
20210819,1.398,1.438,1.371,1.424,161021168,225686080.00
20210820,1.407,1.434,1.390,1.419,170748468,241104032.00
20210823,1.430,1.470,1.417,1.460,150978800,218215792.00
20210824,1.463,1.523,1.462,1.500,175325617,262784624.00
20210825,1.500,1.526,1.466,1.523,163817700,245891072.00
20210826,1.523,1.566,1.515,1.542,190627900,294339264.00
20210827,1.537,1.599,1.521,1.591,222824000,349242976.00
20210830,1.599,1.659,1.594,1.639,282256632,458906976.00
20210831,1.630,1.675,1.601,1.671,327819700,537192448.00
20210901,1.676,1.700,1.548,1.556,520159259,836803776.00
20210902,1.532,1.605,1.532,1.588,260362511,409758016.00
20210903,1.572,1.603,1.514,1.530,265539900,412210464.00
20210906,1.540,1.551,1.489,1.548,241175200,367730720.00
20210907,1.542,1.594,1.531,1.581,204375300,319968096.00
20210908,1.570,1.608,1.565,1.581,200295200,317564352.00
20210909,1.578,1.634,1.578,1.631,278846700,447521024.00
20210910,1.634,1.696,1.622,1.670,249574000,414686368.00
20210913,1.692,1.717,1.658,1.715,247439284,419109120.00
20210914,1.678,1.700,1.637,1.654,250268328,417154752.00
20210915,1.641,1.676,1.628,1.668,185911361,308419360.00
20210916,1.676,1.688,1.587,1.592,249524771,406741088.00
20210917,1.574,1.599,1.496,1.542,246640657,382734304.00
20210922,1.512,1.552,1.512,1.544,168736500,259404208.00
20210923,1.560,1.570,1.533,1.546,227783000,353390304.00
20210924,1.549,1.567,1.489,1.493,144075100,219062912.00
20210927,1.480,1.484,1.390,1.408,208898600,297500992.00
20210928,1.400,1.415,1.387,1.400,237989700,333412000.00
20210929,1.382,1.394,1.336,1.346,215265629,293079488.00
20210930,1.356,1.382,1.352,1.378,186551975,255741616.00
20211008,1.407,1.415,1.355,1.367,230362109,315560896.00
20211011,1.373,1.394,1.351,1.388,123234460,170005024.00
20211012,1.382,1.388,1.323,1.346,133094720,179769424.00
20211013,1.342,1.370,1.337,1.365,132169500,178696400.00
20211014,1.371,1.411,1.369,1.401,187931646,262276896.00
20211015,1.401,1.419,1.386,1.412,132002744,185437152.00
20211018,1.425,1.452,1.405,1.452,198315281,283978208.00
20211019,1.443,1.454,1.425,1.452,134248000,193598592.00
20211020,1.419,1.463,1.411,1.444,160085885,230807008.00
20211021,1.456,1.480,1.447,1.460,144011462,210848432.00
20211022,1.446,1.457,1.406,1.412,144506449,206577056.00
20211025,1.405,1.437,1.392,1.435,121274900,171852464.00
20211026,1.441,1.463,1.438,1.443,114382300,165958800.00
20211027,1.440,1.450,1.415,1.426,84557000,120989176.00
20211028,1.410,1.423,1.365,1.369,145314639,201787840.00
20211029,1.374,1.387,1.363,1.380,120004900,165318704.00
20211101,1.376,1.387,1.351,1.361,117000800,159762560.00
20211102,1.369,1.380,1.327,1.345,166043900,224750512.00
20211103,1.342,1.343,1.312,1.341,131392700,174521344.00
20211104,1.339,1.348,1.330,1.346,113955299,152615440.00
20211105,1.340,1.365,1.332,1.333,143192400,193256144.00
20211108,1.339,1.392,1.339,1.390,185812309,254836400.00
20211109,1.396,1.398,1.380,1.394,114464500,158789600.00
20211110,1.390,1.390,1.343,1.367,138889658,189270368.00
20211111,1.363,1.378,1.356,1.376,117573300,160929968.00
20211112,1.379,1.394,1.373,1.377,137889800,190487744.00
20211115,1.376,1.376,1.336,1.344,107360254,144590768.00
20211116,1.337,1.347,1.318,1.321,102303000,136111520.00
20211117,1.316,1.355,1.316,1.354,132155255,177565888.00
20211118,1.348,1.387,1.338,1.371,145641724,198653920.00
20211119,1.365,1.385,1.360,1.384,129378679,177909552.00
20211122,1.388,1.427,1.386,1.426,177897751,251576912.00
20211123,1.436,1.441,1.422,1.423,190338207,272228896.00
20211124,1.423,1.452,1.421,1.446,169067900,243059536.00
20211125,1.450,1.460,1.438,1.444,114856064,166563200.00
20211126,1.438,1.477,1.431,1.458,110552807,161442848.00
20211129,1.430,1.468,1.426,1.466,114802007,166788880.00
20211130,1.481,1.486,1.445,1.452,92089507,134635280.00
20211201,1.452,1.458,1.427,1.445,95784868,138148720.00
20211202,1.443,1.456,1.428,1.445,96003500,138552480.00
20211203,1.445,1.463,1.428,1.460,98232864,142312352.00
20211206,1.460,1.466,1.436,1.438,99062667,144089952.00
20211207,1.449,1.453,1.401,1.422,126685877,180161712.00
20211208,1.426,1.448,1.424,1.446,98087277,141090240.00
20211209,1.448,1.453,1.436,1.445,97773500,141255760.00
20211210,1.435,1.460,1.431,1.459,96177783,139549424.00
20211213,1.460,1.460,1.435,1.460,108319932,156936320.00
20211214,1.454,1.454,1.414,1.417,151615400,216157248.00
20211215,1.415,1.423,1.386,1.391,130718500,183259872.00
20211216,1.391,1.405,1.378,1.403,105089102,146428544.00
20211217,1.403,1.418,1.386,1.388,117658377,164828752.00
20211220,1.380,1.397,1.346,1.348,124866900,170711824.00
20211221,1.345,1.356,1.336,1.352,78094600,105155728.00
20211222,1.356,1.362,1.345,1.350,86110400,116504608.00
20211223,1.364,1.367,1.349,1.354,108507799,147038288.00
20211224,1.356,1.361,1.300,1.302,179490983,236816464.00
20211227,1.302,1.313,1.289,1.299,211993400,276316800.00
20211228,1.300,1.339,1.300,1.338,147518400,194915360.00
20211229,1.335,1.353,1.328,1.329,105302630,141262144.00
20211230,1.331,1.342,1.327,1.331,85553800,114027304.00
20211231,1.334,1.354,1.332,1.349,114154100,153460032.00
20220104,1.356,1.359,1.309,1.319,108206900,143745872.00
20220105,1.309,1.317,1.280,1.284,113673800,147134512.00
20220106,1.278,1.306,1.274,1.301,106150600,136778800.00
20220107,1.295,1.299,1.262,1.270,120315500,153646288.00
20220110,1.270,1.290,1.263,1.282,100123818,128260880.00
20220111,1.280,1.292,1.273,1.278,87135000,111688056.00
20220112,1.301,1.330,1.299,1.329,204972400,269715136.00
20220113,1.333,1.335,1.298,1.298,168777200,221974864.00
20220114,1.295,1.303,1.283,1.299,93541500,120836936.00
20220117,1.293,1.293,1.273,1.287,107531770,137956688.00
20220118,1.287,1.305,1.278,1.297,92991490,120373816.00
20220119,1.293,1.297,1.256,1.265,118393600,150652928.00
20220120,1.269,1.283,1.250,1.255,102771908,130308504.00
20220121,1.252,1.274,1.241,1.265,144439292,182414128.00
20220124,1.255,1.294,1.247,1.284,134478900,170954032.00
20220125,1.276,1.293,1.252,1.253,107837300,137771152.00
20220126,1.262,1.275,1.246,1.261,87507900,110487384.00
20220127,1.266,1.273,1.229,1.231,86647200,108470896.00
20220128,1.232,1.240,1.181,1.202,116287600,140039088.00
20220207,1.230,1.262,1.228,1.244,127394700,158893680.00
20220208,1.247,1.247,1.208,1.244,93166890,114580672.00
20220209,1.250,1.288,1.248,1.288,152478700,193781264.00
20220210,1.292,1.307,1.282,1.298,156156600,202472880.00
20220211,1.296,1.330,1.283,1.295,180623921,236216000.00
20220214,1.288,1.323,1.288,1.307,129328400,168981152.00
20220215,1.310,1.320,1.289,1.318,125346441,163797616.00
20220216,1.319,1.340,1.312,1.325,114848180,152222096.00
20220217,1.321,1.375,1.318,1.372,162428500,220018944.00
20220218,1.364,1.372,1.355,1.367,116308400,158495312.00
20220221,1.369,1.376,1.347,1.361,136879500,186337040.00
20220222,1.377,1.393,1.365,1.392,138800400,191387264.00
20220223,1.385,1.399,1.377,1.397,130435100,181387872.00
20220224,1.389,1.403,1.363,1.381,106051807,147183792.00
20220225,1.390,1.418,1.381,1.399,119056700,166893600.00
20220228,1.402,1.431,1.400,1.431,113690236,160972768.00
20220301,1.431,1.431,1.382,1.397,163215713,228494944.00
20220302,1.396,1.424,1.391,1.416,189256897,266570976.00
20220303,1.425,1.435,1.410,1.412,224401100,319437344.00
20220304,1.406,1.419,1.377,1.385,139688600,195141408.00
20220307,1.395,1.407,1.370,1.381,100036769,139077104.00
20220308,1.381,1.381,1.288,1.303,200121862,266081024.00
20220309,1.297,1.297,1.219,1.266,213075800,269154464.00
20220310,1.278,1.306,1.266,1.288,139846464,179457424.00
20220311,1.268,1.287,1.241,1.283,84747400,106767480.00
20220314,1.260,1.268,1.231,1.232,73471261,91904520.00
20220315,1.217,1.229,1.170,1.171,130055700,156187808.00
20220316,1.198,1.226,1.150,1.219,151951500,181341472.00
20220317,1.235,1.260,1.233,1.238,104136700,129591040.00
20220318,1.228,1.251,1.225,1.247,77559100,95870640.00
20220321,1.262,1.284,1.242,1.274,81301300,103074200.00
20220322,1.271,1.298,1.260,1.281,90248905,115870064.00
20220323,1.281,1.286,1.267,1.275,74451900,94984432.00
20220324,1.277,1.300,1.267,1.292,124933400,160226880.00
20220325,1.289,1.304,1.270,1.273,98034000,126333472.00
20220328,1.259,1.274,1.234,1.256,94068400,118048256.00
20220329,1.255,1.268,1.246,1.256,82452100,103822912.00
20220330,1.261,1.276,1.249,1.275,83351600,105361064.00
20220331,1.274,1.274,1.235,1.246,79812400,99922032.00
20220401,1.238,1.265,1.231,1.254,87458395,109315040.00
20220406,1.248,1.252,1.226,1.247,78163000,96541152.00
20220407,1.237,1.254,1.231,1.234,77227700,95712392.00
20220408,1.230,1.249,1.216,1.239,82739400,102321208.00
20220411,1.231,1.231,1.169,1.175,90826800,108200088.00
20220412,1.169,1.195,1.164,1.194,145111600,171304848.00
20220413,1.192,1.239,1.185,1.229,158910800,193475984.00
20220414,1.230,1.241,1.217,1.235,100323900,123342800.00
20220415,1.216,1.226,1.197,1.204,94223400,114163504.00
20220418,1.193,1.199,1.168,1.196,98874600,116994504.00
20220419,1.200,1.214,1.196,1.201,95149700,114645792.00
20220420,1.200,1.200,1.151,1.152,177776400,207098064.00
20220421,1.152,1.158,1.099,1.104,123464931,139140080.00
20220422,1.092,1.108,1.076,1.098,122551100,134102600.00
20220425,1.070,1.072,1.003,1.007,181658100,187801888.00
20220426,1.004,1.012,0.968,0.975,145175463,144110240.00
20220427,0.960,1.060,0.959,1.054,167902300,168613504.00
20220428,1.046,1.070,1.037,1.047,92782100,97502408.00
20220429,1.054,1.102,1.050,1.100,105581600,113296400.00
20220505,1.100,1.110,1.082,1.098,66764900,73192704.00
20220506,1.064,1.071,1.048,1.057,90972472,96337640.00
20220509,1.046,1.069,1.043,1.062,135406800,142907104.00
20220510,1.041,1.075,1.033,1.074,412729872,439409664.00
20220511,1.069,1.115,1.064,1.098,522163916,564143296.00
20220512,1.083,1.097,1.074,1.086,204990370,223319408.00
20220513,1.090,1.095,1.074,1.091,140132972,152252384.00
20220516,1.099,1.115,1.090,1.094,92395099,101571216.00
20220517,1.094,1.134,1.093,1.129,120191760,134290608.00
20220518,1.132,1.135,1.119,1.124,93791861,105597088.00
20220519,1.107,1.136,1.096,1.136,94787200,106134840.00
20220520,1.149,1.172,1.136,1.170,138074000,159550560.00
20220523,1.175,1.203,1.166,1.199,114448818,135650112.00
20220524,1.194,1.204,1.154,1.157,104156818,123273072.00
20220525,1.154,1.173,1.145,1.168,93901700,108949816.00
20220526,1.169,1.179,1.140,1.170,85910500,99891368.00
20220527,1.179,1.185,1.153,1.165,109597200,128635528.00
20220530,1.165,1.178,1.160,1.170,73929800,86482848.00
20220531,1.170,1.180,1.149,1.179,98575884,114956464.00
20220601,1.166,1.168,1.150,1.163,149822700,173659440.00
20220602,1.159,1.187,1.153,1.180,118271498,139067488.00
20220606,1.180,1.245,1.180,1.242,122606169,149391360.00
20220607,1.242,1.252,1.227,1.241,82690357,102437160.00
20220608,1.244,1.276,1.232,1.268,145876348,183535184.00
20220609,1.255,1.268,1.240,1.253,101841385,127912864.00
20220610,1.237,1.286,1.235,1.284,83364482,104950456.00
20220613,1.271,1.323,1.269,1.310,151107579,196827136.00
20220614,1.287,1.302,1.256,1.301,105357297,135120336.00
20220615,1.299,1.318,1.284,1.293,108479000,141074464.00
20220616,1.293,1.313,1.285,1.292,95096250,123672360.00
20220617,1.283,1.333,1.280,1.333,149149382,196381312.00
20220620,1.335,1.336,1.302,1.319,123268986,162196032.00
20220621,1.312,1.312,1.253,1.269,161599600,206444384.00
20220622,1.267,1.286,1.262,1.262,107099451,136346048.00
20220623,1.263,1.286,1.236,1.285,106173734,134217512.00
20220624,1.276,1.282,1.264,1.277,135041050,172093472.00
20220627,1.272,1.339,1.270,1.322,163639009,214464976.00
20220628,1.322,1.346,1.313,1.345,106791400,141798800.00
20220629,1.340,1.340,1.287,1.288,148928421,195227040.00
20220630,1.292,1.323,1.291,1.314,114627728,150417920.00
20220701,1.314,1.349,1.300,1.342,187867089,249559552.00
20220704,1.324,1.366,1.324,1.361,98489463,132820208.00
20220705,1.361,1.381,1.348,1.376,126987904,173344672.00
20220706,1.353,1.361,1.321,1.337,103199540,138505536.00
20220707,1.335,1.356,1.321,1.348,76123493,101878888.00
20220708,1.353,1.366,1.335,1.338,88000548,119032896.00
20220711,1.329,1.332,1.269,1.282,96067287,123947304.00
20220712,1.279,1.298,1.258,1.265,81061300,103615384.00
20220713,1.259,1.274,1.237,1.271,109490826,137432720.00
20220714,1.260,1.283,1.248,1.271,79900773,100970312.00
20220715,1.262,1.287,1.246,1.249,85908213,109148616.00
20220718,1.250,1.269,1.240,1.269,76920608,96716088.00
20220719,1.264,1.284,1.254,1.264,98701050,125286840.00
20220720,1.270,1.290,1.270,1.278,71699916,91741536.00
20220721,1.277,1.277,1.251,1.255,116167851,146588176.00
20220722,1.255,1.263,1.235,1.252,97917156,122498480.00
20220725,1.252,1.264,1.240,1.241,76471089,95747208.00
20220726,1.244,1.278,1.244,1.267,86798100,109511168.00
20220727,1.265,1.271,1.247,1.267,79061250,99486632.00
20220728,1.274,1.277,1.259,1.265,75754500,96028976.00
20220729,1.266,1.274,1.254,1.255,74215100,93803632.00
20220801,1.255,1.278,1.242,1.277,73876265,92956088.00
20220802,1.261,1.261,1.223,1.231,103815400,128753144.00
20220803,1.232,1.257,1.215,1.223,87390400,108555280.00
20220804,1.224,1.249,1.216,1.233,75998000,93757688.00
20220805,1.238,1.270,1.228,1.269,109738400,136762352.00
20220808,1.258,1.281,1.251,1.273,92678700,117397664.00
20220809,1.277,1.291,1.268,1.285,87376166,111838344.00
20220810,1.289,1.306,1.276,1.287,97559900,126169656.00
20220811,1.293,1.295,1.268,1.292,80415782,102984560.00
20220812,1.288,1.307,1.284,1.291,85010400,110166504.00
20220815,1.290,1.319,1.287,1.314,112502049,147048080.00
20220816,1.316,1.316,1.291,1.295,71074801,92464840.00
20220817,1.297,1.298,1.265,1.280,113508199,144952304.00
20220818,1.273,1.287,1.269,1.271,76690000,97868168.00
20220819,1.265,1.271,1.241,1.242,82575700,103845952.00
20220822,1.241,1.295,1.228,1.293,150692600,190530064.00
20220823,1.289,1.294,1.273,1.286,123130100,157743552.00
20220824,1.289,1.298,1.246,1.250,102767600,130626792.00
20220825,1.248,1.261,1.229,1.250,113654300,141453888.00
20220826,1.250,1.280,1.245,1.257,103681028,130623168.00
20220829,1.238,1.255,1.231,1.248,106996224,132996416.00
20220830,1.247,1.249,1.230,1.237,97162180,120206720.00
20220831,1.231,1.242,1.188,1.194,103109000,124674792.00
20220901,1.194,1.201,1.180,1.181,87168320,103736096.00
20220902,1.185,1.193,1.165,1.172,86657708,101836976.00
20220905,1.167,1.181,1.165,1.177,77431500,90806456.00
20220906,1.180,1.215,1.179,1.214,123402400,148021760.00
20220907,1.201,1.237,1.200,1.231,81782758,100017016.00
20220908,1.229,1.235,1.218,1.219,69131800,84724000.00
20220909,1.224,1.251,1.222,1.251,84457700,104723984.00
20220913,1.255,1.270,1.251,1.256,141126600,177722224.00
20220914,1.235,1.258,1.232,1.238,82377600,102320768.00
20220915,1.244,1.253,1.191,1.198,105066100,128063928.00
20220916,1.194,1.197,1.158,1.159,102482800,119967912.00
20220919,1.157,1.174,1.140,1.158,82593900,95933696.00
20220920,1.169,1.205,1.168,1.195,89673400,106625536.00
20220921,1.190,1.208,1.181,1.204,89429900,106816544.00
20220922,1.195,1.213,1.191,1.203,89156900,107073024.00
20220923,1.197,1.199,1.160,1.173,87312600,103024240.00
20220926,1.152,1.171,1.140,1.145,82806400,95555944.00
20220927,1.146,1.149,1.118,1.146,85649566,97158440.00
20220928,1.137,1.138,1.082,1.084,112900800,124357872.00
20220929,1.100,1.110,1.091,1.098,128962400,141890256.00
20220930,1.094,1.112,1.087,1.088,72018500,79139848.00
20221010,1.088,1.098,1.062,1.067,76394207,82575512.00
20221011,1.072,1.088,1.068,1.082,89347965,96417000.00
20221012,1.079,1.104,1.051,1.103,82047000,88482080.00
20221013,1.089,1.103,1.087,1.089,50895600,55687408.00
20221014,1.099,1.123,1.092,1.121,69293600,76677024.00
20221017,1.107,1.117,1.096,1.114,81942992,90732896.00
20221018,1.119,1.124,1.106,1.109,45004300,50090996.00
20221019,1.111,1.123,1.098,1.099,53203500,59053520.00
20221020,1.090,1.099,1.073,1.087,70826500,76713344.00
20221021,1.090,1.093,1.068,1.075,51843600,56211204.00
20221024,1.083,1.104,1.066,1.073,61909983,67481592.00
20221025,1.073,1.083,1.042,1.071,68129283,72175928.00
20221026,1.070,1.093,1.069,1.082,54548193,58868156.00
20221027,1.089,1.108,1.087,1.089,59658600,65504988.00
20221028,1.080,1.080,1.047,1.050,60467100,64269188.00
20221031,1.038,1.056,1.033,1.040,64383300,67036036.00
20221101,1.045,1.086,1.044,1.086,60086699,64173492.00
20221102,1.081,1.110,1.078,1.103,78588700,86061584.00
20221103,1.088,1.105,1.082,1.094,47920900,52531088.00
20221104,1.096,1.148,1.094,1.147,79698000,89655432.00
20221107,1.174,1.185,1.164,1.174,156162600,183407072.00
20221108,1.166,1.181,1.160,1.177,118307800,138838480.00
20221109,1.198,1.205,1.171,1.173,117917155,139614896.00
20221110,1.158,1.160,1.143,1.148,85045141,97831968.00
20221111,1.196,1.205,1.173,1.180,140456000,166475296.00
20221114,1.190,1.192,1.150,1.159,108377100,127177608.00
20221115,1.147,1.174,1.142,1.174,93974700,109220752.00
20221116,1.174,1.175,1.156,1.158,81065900,94332576.00
20221117,1.153,1.154,1.127,1.141,72477300,82623648.00
20221118,1.137,1.139,1.121,1.124,85405500,96526568.00
20221121,1.110,1.125,1.101,1.125,59778100,66737112.00
20221122,1.125,1.131,1.111,1.116,63537692,71201984.00
20221123,1.115,1.127,1.110,1.122,51546800,57737408.00
20221124,1.130,1.142,1.124,1.128,86998400,98380112.00
20221125,1.126,1.132,1.117,1.121,58075300,65182552.00
20221128,1.099,1.109,1.087,1.104,59388000,65262112.00
20221129,1.102,1.125,1.102,1.124,75535000,84245280.00
20221130,1.117,1.137,1.117,1.128,68196788,76817880.00
20221201,1.147,1.158,1.144,1.149,141964674,163572720.00
20221202,1.145,1.148,1.129,1.132,75149634,85436784.00
20221205,1.139,1.155,1.133,1.154,124500400,142879872.00
20221206,1.145,1.158,1.133,1.156,77613126,89018680.00
20221207,1.148,1.163,1.141,1.148,131009634,150751760.00
20221208,1.145,1.157,1.139,1.146,65272900,75033032.00
20221209,1.144,1.175,1.142,1.173,102844865,119184768.00
20221212,1.166,1.166,1.132,1.137,99675800,113868624.00
20221213,1.133,1.148,1.132,1.138,56211200,64095640.00
20221214,1.141,1.150,1.132,1.135,66684400,76100480.00
20221215,1.133,1.142,1.116,1.141,75990700,85706272.00
20221216,1.129,1.129,1.107,1.115,66926600,74807312.00
20221219,1.114,1.137,1.099,1.104,73003500,81602928.00
20221220,1.101,1.102,1.084,1.089,47923100,52394152.00
20221221,1.094,1.102,1.081,1.082,84796000,92672968.00
20221222,1.088,1.093,1.060,1.063,49095900,52803120.00
20221223,1.052,1.063,1.050,1.059,57232800,60435780.00
20221226,1.052,1.073,1.050,1.073,87922500,93346840.00
20221227,1.073,1.088,1.072,1.087,52219500,56443052.00
20221228,1.081,1.087,1.066,1.077,49420200,53231944.00
20221229,1.072,1.082,1.070,1.071,45353000,48745080.00
20221230,1.076,1.079,1.063,1.063,50519000,54065256.00
20230103,1.063,1.093,1.056,1.092,58673578,63002880.00
20230104,1.083,1.088,1.068,1.073,50607500,54544632.00
20230105,1.076,1.097,1.076,1.086,64975639,70582976.00
20230106,1.084,1.113,1.081,1.103,79027700,86961480.00
20230109,1.109,1.139,1.107,1.135,107401800,121090160.00
20230110,1.131,1.143,1.123,1.136,105619100,119772712.00
20230111,1.137,1.150,1.129,1.131,109052400,124420480.00
20230112,1.141,1.158,1.137,1.138,78561000,90044544.00
20230113,1.143,1.156,1.135,1.145,76207600,87268512.00
20230116,1.145,1.162,1.143,1.155,80654600,92996592.00
20230117,1.156,1.157,1.143,1.152,76791455,88241952.00
20230118,1.152,1.172,1.152,1.161,106314900,123433128.00
20230119,1.163,1.170,1.157,1.168,96271300,112000656.00
20230120,1.168,1.215,1.168,1.205,152824900,183095504.00
20230130,1.226,1.239,1.213,1.215,141318300,173046480.00
20230131,1.214,1.228,1.209,1.221,128610200,157239632.00
20230201,1.229,1.260,1.227,1.257,185783100,232279376.00
20230202,1.258,1.259,1.238,1.246,210107362,261824832.00
20230203,1.240,1.240,1.209,1.229,162598700,198736240.00
20230206,1.211,1.213,1.194,1.204,111053400,133419144.00
20230207,1.203,1.215,1.200,1.211,79691500,96250288.00
20230208,1.213,1.222,1.205,1.205,87648400,106334976.00
20230209,1.203,1.212,1.195,1.211,151107500,182502288.00
20230210,1.211,1.211,1.183,1.193,106520282,127057936.00
20230213,1.183,1.196,1.180,1.192,131380200,156311040.00
20230214,1.193,1.210,1.192,1.202,107561600,129296664.00
20230215,1.202,1.210,1.186,1.189,121260600,145189488.00
20230216,1.186,1.190,1.150,1.159,377122200,445377440.00
20230217,1.160,1.173,1.153,1.155,186555500,217236192.00
20230220,1.153,1.177,1.147,1.177,102770500,119368800.00
20230221,1.179,1.205,1.177,1.204,437565515,522296576.00
20230222,1.196,1.197,1.183,1.187,123877700,147562176.00
20230223,1.187,1.195,1.183,1.195,89497638,106492712.00
20230224,1.193,1.195,1.167,1.175,104542615,123056192.00
20230227,1.167,1.180,1.162,1.166,98554023,115233432.00
20230228,1.170,1.172,1.156,1.170,71845700,83657448.00
20230301,1.171,1.186,1.165,1.186,128668200,151635760.00
20230302,1.183,1.184,1.167,1.168,191196850,224006048.00
20230303,1.166,1.171,1.158,1.167,82999410,96672056.00
20230306,1.168,1.171,1.149,1.167,133963700,155385200.00
20230307,1.163,1.178,1.155,1.156,138564000,161778560.00
20230308,1.149,1.150,1.139,1.146,87041800,99593328.00
20230309,1.151,1.157,1.142,1.146,83574100,96039864.00
20230310,1.140,1.140,1.126,1.128,123514562,139702496.00
20230313,1.127,1.142,1.122,1.138,96618691,109441944.00
20230314,1.139,1.150,1.117,1.133,119702991,135801456.00
20230315,1.133,1.138,1.128,1.129,59760800,67728024.00
20230316,1.119,1.119,1.089,1.093,136468600,150663936.00
20230317,1.099,1.111,1.095,1.100,111044700,122321096.00
20230320,1.105,1.116,1.099,1.111,89142290,98652208.00
20230321,1.114,1.127,1.105,1.126,84106600,93839504.00
20230322,1.127,1.134,1.117,1.122,71714000,80569080.00
20230323,1.120,1.134,1.118,1.133,76341300,86088880.00
20230324,1.134,1.138,1.126,1.130,68867300,77822712.00
20230327,1.127,1.130,1.116,1.128,73898900,82961040.00
20230328,1.128,1.132,1.108,1.112,64883300,72469312.00
20230329,1.112,1.122,1.105,1.107,52151300,58051192.00
20230330,1.105,1.117,1.096,1.117,67065000,74083224.00
20230331,1.121,1.130,1.118,1.126,100655700,113060016.00
20230403,1.126,1.136,1.117,1.132,128639500,144855296.00
20230404,1.132,1.132,1.120,1.125,141027369,158519824.00
20230406,1.124,1.140,1.120,1.140,107441501,121618584.00
20230407,1.140,1.162,1.130,1.134,122520400,139038736.00
20230410,1.132,1.141,1.125,1.140,107223000,121663952.00
20230411,1.138,1.167,1.130,1.166,162373582,187221600.00
20230412,1.166,1.177,1.160,1.172,136488400,159540992.00
20230413,1.165,1.177,1.154,1.160,140639500,164040448.00
20230414,1.167,1.198,1.167,1.196,230864488,274767296.00
20230417,1.191,1.210,1.181,1.208,238388200,286082368.00
20230418,1.205,1.220,1.196,1.207,192131300,232363456.00
20230419,1.206,1.211,1.197,1.202,129349300,155911616.00
20230420,1.197,1.197,1.165,1.176,251659800,295530560.00
20230421,1.170,1.177,1.147,1.153,196446500,227786048.00
20230424,1.148,1.149,1.118,1.125,144420300,163459712.00
20230425,1.124,1.132,1.079,1.090,164654400,181272176.00
20230426,1.085,1.117,1.073,1.103,141504300,155332560.00
20230427,1.101,1.110,1.092,1.103,104434639,114904296.00
20230428,1.102,1.119,1.100,1.113,124470000,138180880.00
20230504,1.118,1.127,1.110,1.113,84307300,94278456.00
20230505,1.113,1.115,1.088,1.092,77727400,85318680.00
20230508,1.095,1.114,1.094,1.109,97069400,107131008.00
20230509,1.112,1.115,1.090,1.091,103110500,113450168.00
20230510,1.091,1.106,1.089,1.099,85034100,93206528.00
20230511,1.096,1.099,1.087,1.091,70531700,77020936.00
20230512,1.086,1.087,1.055,1.055,135140300,143864560.00
20230515,1.056,1.098,1.056,1.094,155203734,167521904.00
20230516,1.095,1.097,1.084,1.087,89149920,97278152.00
20230517,1.082,1.087,1.073,1.078,95232200,102593352.00
20230518,1.082,1.086,1.068,1.078,86136720,92687296.00
20230519,1.071,1.075,1.058,1.067,69718500,74237152.00
20230522,1.066,1.073,1.062,1.069,56856100,60612536.00
20230523,1.070,1.070,1.052,1.052,84757700,89917832.00
20230524,1.052,1.059,1.045,1.047,80392020,84566208.00
20230525,1.043,1.046,1.024,1.034,137286000,142052864.00
20230526,1.033,1.036,1.015,1.033,92854200,95118504.00
20230529,1.033,1.037,1.022,1.028,88117700,90568632.00
20230530,1.026,1.031,1.012,1.026,140897200,143844000.00
20230531,1.026,1.029,1.016,1.024,131106900,133879040.00
20230601,1.024,1.041,1.022,1.032,91070800,94090824.00
20230602,1.039,1.073,1.038,1.072,208174600,221387376.00
20230605,1.066,1.066,1.054,1.059,208142600,220494032.00
20230606,1.057,1.064,1.043,1.047,76659617,81038016.00
20230607,1.051,1.054,1.034,1.039,67025917,69890672.00
20230608,1.035,1.051,1.033,1.045,78450600,81974664.00
20230609,1.052,1.059,1.047,1.057,87030300,91709752.00
20230612,1.049,1.056,1.043,1.051,111889800,117527456.00
20230613,1.051,1.054,1.043,1.051,74942200,78558208.00
20230614,1.056,1.059,1.047,1.053,237462900,250367392.00
20230615,1.054,1.065,1.038,1.065,176289200,185118608.00
20230616,1.062,1.073,1.062,1.071,141512900,151035936.00
20230619,1.068,1.070,1.047,1.050,107509900,113356520.00
20230620,1.046,1.050,1.039,1.043,92618806,96637136.00
20230621,1.040,1.046,1.023,1.023,80490306,83228160.00
20230626,1.020,1.029,1.014,1.015,77663800,79225704.00
20230627,1.015,1.031,1.012,1.031,101944393,104211912.00
20230628,1.029,1.030,1.014,1.027,71346279,72929592.00
20230629,1.024,1.026,1.018,1.021,58604800,59900080.00
20230630,1.018,1.038,1.018,1.034,112388700,115949720.00
20230703,1.038,1.053,1.038,1.052,96823621,101608072.00
20230704,1.060,1.068,1.044,1.049,98992800,104158576.00
20230705,1.044,1.071,1.044,1.070,156927996,166806208.00
20230706,1.070,1.070,1.047,1.050,110078634,115867728.00
20230707,1.046,1.057,1.032,1.049,118569100,123891648.00
20230710,1.051,1.064,1.050,1.056,81604000,86303496.00
20230711,1.056,1.062,1.046,1.061,146469000,154317536.00
20230712,1.061,1.066,1.054,1.058,88209880,93608040.00
20230713,1.071,1.084,1.058,1.080,145919780,157325728.00
20230714,1.080,1.085,1.070,1.072,107893300,116238528.00
20230717,1.068,1.069,1.055,1.059,127273900,134626704.00
20230718,1.057,1.065,1.052,1.059,69409000,73410320.00
20230719,1.059,1.066,1.055,1.062,88142400,93426864.00
20230720,1.063,1.082,1.063,1.065,103732500,111160448.00
20230721,1.062,1.065,1.050,1.055,83303400,88040552.00
20230724,1.052,1.053,1.036,1.038,86755800,90510736.00
20230725,1.048,1.072,1.048,1.072,161673200,172279728.00
20230726,1.071,1.077,1.065,1.075,211478000,226853472.00
20230727,1.075,1.076,1.062,1.066,95916700,102568760.00
20230728,1.057,1.075,1.048,1.073,213469515,227706224.00
20230731,1.073,1.100,1.073,1.088,250470415,273035840.00
20230801,1.089,1.098,1.081,1.090,276776000,301682208.00
20230802,1.089,1.089,1.077,1.079,110846400,119998800.00
20230803,1.077,1.078,1.069,1.076,188938158,202971104.00
20230804,1.080,1.091,1.080,1.087,188798178,204626160.00
20230807,1.079,1.087,1.076,1.080,116976700,126361392.00
20230808,1.079,1.092,1.073,1.085,148879400,161487536.00
20230809,1.080,1.084,1.072,1.074,101171831,108995040.00
20230810,1.074,1.081,1.071,1.076,54497931,58631708.00
20230811,1.075,1.078,1.051,1.052,105815400,112230536.00
20230814,1.046,1.050,1.031,1.043,190514000,198454592.00
20230815,1.040,1.046,1.026,1.036,113194400,117249976.00
20230816,1.030,1.036,1.025,1.025,92084000,94856240.00
20230817,1.021,1.031,1.009,1.031,104304400,106396752.00
20230818,1.027,1.032,1.009,1.010,114696159,117405096.00
20230821,1.009,1.014,1.000,1.001,81598659,82225472.00
20230822,1.002,1.011,0.991,1.007,108755900,109033328.00
20230823,1.004,1.006,0.983,0.984,91536400,90877080.00
20230824,0.991,1.012,0.990,1.002,99719507,99739120.00
20230825,0.995,0.998,0.982,0.987,155066007,153312336.00
20230828,1.035,1.038,0.986,0.992,167074600,168214176.00
20230829,0.990,1.009,0.986,1.006,136143500,136119360.00
20230830,1.007,1.020,1.002,1.007,78006741,78901464.00
20230831,1.006,1.011,0.994,0.997,84668200,84634376.00
20230901,0.999,1.022,0.998,1.019,143198400,145421520.00
20230904,1.024,1.054,1.023,1.050,259645500,270735328.00
20230905,1.042,1.048,1.036,1.045,121288500,126462320.00
20230906,1.042,1.044,1.035,1.042,86897800,90304696.00
20230907,1.038,1.040,1.023,1.025,143683400,147890496.00
20230908,1.024,1.027,1.012,1.015,98097200,99882392.00
20230911,1.016,1.037,1.012,1.031,123790000,126862768.00
20230912,1.031,1.040,1.026,1.028,102788400,106010184.00
20230913,1.026,1.031,1.016,1.022,88576600,90632928.00
20230914,1.022,1.030,1.021,1.028,189263700,193863856.00
20230915,1.031,1.038,1.022,1.028,109916000,113233760.00
20230918,1.023,1.032,1.013,1.029,107922000,110517688.00
20230919,1.027,1.029,1.019,1.022,64962100,66519712.00
20230920,1.020,1.021,1.014,1.014,70021300,71200568.00
20230921,1.012,1.015,1.003,1.004,75920422,76563440.00
20230922,1.001,1.010,0.994,1.010,99974700,100040256.00
20230925,1.005,1.008,0.997,1.000,69954400,70104904.00
20230926,0.998,1.000,0.991,0.992,59448500,59105352.00
20230927,0.990,1.001,0.987,0.993,121117800,120334640.00
20230928,0.993,0.998,0.986,0.990,66756500,66131044.00
20231009,0.985,0.988,0.971,0.986,87210000,85451864.00
20231010,0.985,0.999,0.985,0.990,78669900,78022072.00
20231011,0.992,0.993,0.977,0.980,92685500,91036584.00
20231012,0.984,1.008,0.984,1.007,165086800,164370544.00
20231013,0.998,0.999,0.986,0.991,85711800,84897304.00
20231016,0.994,0.997,0.974,0.977,68680400,67524480.00
20231017,0.978,0.979,0.970,0.978,58877700,57398676.00
20231018,0.975,0.977,0.960,0.962,62398000,60301424.00
20231019,0.958,0.960,0.945,0.945,137559600,130869160.00
20231020,0.944,0.961,0.943,0.950,81446500,77559064.00
20231023,0.948,0.948,0.916,0.924,76298800,70960624.00
20231024,0.924,0.940,0.924,0.940,99709500,93154568.00
20231025,0.948,0.958,0.945,0.946,90210000,85807992.00
20231026,0.942,0.949,0.933,0.948,56910100,53475988.00
20231027,0.942,0.969,0.941,0.966,64675400,62075396.00
20231030,0.966,0.980,0.964,0.972,67008600,65197804.00
20231031,0.968,0.973,0.961,0.968,52621300,50815680.00
20231101,0.969,0.970,0.958,0.963,35400000,34069600.00
20231102,0.964,0.970,0.951,0.951,60721318,58225684.00
20231103,0.954,0.959,0.951,0.955,62974250,60126864.00
20231106,0.963,0.965,0.953,0.963,109953950,105296776.00
20231107,0.960,0.960,0.946,0.954,113114700,107474040.00
20231108,0.948,0.952,0.940,0.946,73701200,69791152.00
20231109,0.942,0.953,0.941,0.949,70422400,66837692.00
20231110,0.945,0.947,0.940,0.943,48165300,45422868.00
20231113,0.945,0.949,0.939,0.948,58190000,54959520.00
20231114,0.951,0.951,0.941,0.946,57741300,54645476.00
20231115,0.956,0.968,0.956,0.964,154295900,148676976.00
20231116,0.960,0.961,0.948,0.951,111017582,105684728.00
20231117,0.947,0.954,0.944,0.953,63293200,60014120.00
20231120,0.955,0.956,0.944,0.955,75252200,71510776.00
20231121,0.956,0.967,0.955,0.957,69061200,66389392.00
20231122,0.953,0.955,0.937,0.938,106060700,100116440.00
20231123,0.936,0.942,0.931,0.942,100400400,94103904.00
20231124,0.938,0.939,0.930,0.931,61241000,57220836.00
20231127,0.929,0.934,0.921,0.925,53139400,49207640.00
20231128,0.924,0.928,0.918,0.928,36255900,33473008.00
20231129,0.930,0.935,0.927,0.929,44659200,41581840.00
20231130,0.925,0.929,0.917,0.923,54542991,50311456.00
20231201,0.922,0.927,0.914,0.923,58672900,53934992.00
20231204,0.928,0.943,0.924,0.932,106323500,99435824.00
20231205,0.923,0.930,0.913,0.917,79527200,73389776.00
20231206,0.915,0.941,0.911,0.934,95715401,89293440.00
20231207,0.932,0.934,0.919,0.929,78846201,72999776.00
20231208,0.934,0.935,0.921,0.922,55182100,51015668.00
20231211,0.915,0.917,0.898,0.913,63645400,57658928.00
20231212,0.911,0.913,0.905,0.912,38652200,35127868.00
20231213,0.909,0.909,0.893,0.895,56633600,51022016.00
20231214,0.907,0.911,0.893,0.895,63921800,57679396.00
20231215,0.901,0.912,0.896,0.900,54289900,49173944.00
20231218,0.895,0.900,0.884,0.887,48303317,43028308.00
20231219,0.884,0.889,0.878,0.883,37548100,33172634.00
20231220,0.887,0.893,0.882,0.883,54981917,48798296.00
20231221,0.878,0.893,0.875,0.891,63519800,56243312.00
20231222,0.892,0.916,0.885,0.909,86568600,78062000.00
20231225,0.903,0.915,0.903,0.915,49212200,44778624.00
20231226,0.915,0.917,0.907,0.913,37797400,34455124.00
20231227,0.913,0.918,0.903,0.917,57084100,52067896.00
20231228,0.916,0.946,0.916,0.943,95303235,89381912.00
20231229,0.939,0.948,0.936,0.945,81011400,76444976.00
20240102,0.945,0.952,0.941,0.945,73698700,69863576.00
20240103,0.942,0.950,0.940,0.947,79097500,74734512.00
20240104,0.943,0.944,0.930,0.936,57527800,53829680.00
20240105,0.934,0.952,0.927,0.931,81748300,76995600.00
20240108,0.931,0.937,0.919,0.919,55022500,51068368.00
20240109,0.919,0.931,0.914,0.930,64353790,59461084.00
20240110,0.927,0.940,0.919,0.925,55098000,51178792.00
20240111,0.922,0.945,0.917,0.941,78825280,73393504.00
20240112,0.936,0.946,0.932,0.936,74186400,69765520.00
20240115,0.936,0.938,0.925,0.926,72137800,67084424.00
20240116,0.924,0.934,0.913,0.926,79450217,73314936.00
20240117,0.924,0.924,0.895,0.896,69993924,63689760.00
20240118,0.890,0.899,0.870,0.896,89547424,79387360.00
20240119,0.892,0.906,0.891,0.891,79464700,71259016.00
20240122,0.891,0.891,0.846,0.850,109280200,94951416.00
20240123,0.848,0.866,0.838,0.861,97090590,82962840.00
20240124,0.862,0.876,0.844,0.872,92242153,79661624.00
20240125,0.872,0.900,0.871,0.897,103308900,91796256.00
20240126,0.896,0.908,0.894,0.900,63908100,57574072.00
20240129,0.901,0.904,0.882,0.883,71847600,64056056.00
20240130,0.881,0.887,0.865,0.867,57623700,50574316.00
20240131,0.863,0.866,0.841,0.841,73737100,62862920.00
20240201,0.835,0.854,0.830,0.842,51736500,43524496.00
20240202,0.842,0.849,0.798,0.821,105029400,87732208.00
20240205,0.810,0.819,0.778,0.800,86927728,69633320.00
20240206,0.791,0.846,0.791,0.842,91418500,75396424.00
20240207,0.845,0.876,0.840,0.876,118842270,102600912.00
20240208,0.878,0.899,0.877,0.885,86635251,76969856.00
20240219,0.887,0.894,0.879,0.891,66036909,58561712.00
20240220,0.887,0.897,0.880,0.896,53487400,47634912.00
20240221,0.894,0.921,0.890,0.905,100386200,91193232.00
20240222,0.902,0.915,0.896,0.913,69126900,62575160.00
20240223,0.916,0.926,0.912,0.923,56876600,52250968.00
20240226,0.920,0.929,0.910,0.914,65973100,60713200.00
20240227,0.911,0.923,0.907,0.922,56144000,51469072.00
20240228,0.922,0.943,0.911,0.912,77691841,72182688.00
20240229,0.912,0.940,0.910,0.935,92776078,85969264.00
20240301,0.934,0.948,0.934,0.945,90629400,85357704.00
20240304,0.950,0.960,0.944,0.950,71088200,67657440.00
20240305,0.951,0.961,0.944,0.949,92455933,88058168.00
20240306,0.950,0.962,0.942,0.954,57720722,55000744.00
20240307,0.958,0.996,0.958,0.983,336581200,331100512.00
20240308,0.983,0.986,0.968,0.986,189110000,184847504.00
20240311,0.988,0.999,0.983,0.998,194784120,193165104.00
20240312,0.998,0.999,0.972,0.978,150515600,147940480.00
20240313,0.975,0.989,0.970,0.985,157025855,153391984.00
20240314,0.999,1.022,0.992,0.998,191045783,192295168.00
20240315,0.990,1.034,0.988,1.033,352231673,357989056.00
20240318,1.033,1.039,1.019,1.035,320961331,331017248.00
20240319,1.030,1.051,1.027,1.028,218017426,226655184.00
20240320,1.022,1.032,1.014,1.027,152651784,156070976.00
20240321,1.040,1.046,1.026,1.031,186807200,193345536.00
20240322,1.024,1.028,0.999,1.005,314857100,317548352.00
20240325,1.002,1.029,1.002,1.011,231116400,235170976.00
20240326,1.012,1.017,0.995,1.009,184882700,185556512.00
20240327,1.009,1.012,0.995,0.995,122083000,122630640.00
20240328,0.992,1.021,0.992,1.013,170336700,172146816.00
20240329,1.022,1.047,1.022,1.047,271157636,281602560.00
20240401,1.060,1.077,1.055,1.067,291370824,310850144.00
20240402,1.067,1.079,1.062,1.078,230078488,246881392.00
20240403,1.088,1.119,1.079,1.114,412093005,454143200.00
20240408,1.119,1.155,1.103,1.111,591913453,669711552.00
20240409,1.104,1.124,1.099,1.115,435384894,484340384.00
20240410,1.119,1.132,1.101,1.122,285680567,319481792.00
20240411,1.100,1.147,1.094,1.119,352657551,394559072.00
20240412,1.130,1.140,1.113,1.130,231668735,261508144.00
20240415,1.116,1.131,1.088,1.129,227791841,253268416.00
20240416,1.122,1.128,1.075,1.080,301747742,332303840.00
20240417,1.079,1.105,1.075,1.103,199769042,218152160.00
20240418,1.098,1.121,1.091,1.118,206611900,229216064.00
20240419,1.119,1.143,1.101,1.111,219694354,246007072.00
20240422,1.117,1.129,1.085,1.086,175276028,193736736.00
20240423,1.064,1.067,1.036,1.037,336126911,352351648.00
20240424,1.029,1.049,1.026,1.047,182136211,188853392.00
20240425,1.040,1.065,1.032,1.057,175371910,184575728.00
20240426,1.059,1.086,1.053,1.085,163456600,175473152.00
20240429,1.084,1.084,1.064,1.079,183945900,197584752.00
20240430,1.079,1.089,1.066,1.069,153027300,164882208.00
20240506,1.060,1.078,1.049,1.077,193648736,206108048.00
20240507,1.082,1.099,1.080,1.085,171992700,186988912.00
20240508,1.076,1.087,1.063,1.077,158796200,171052752.00
20240509,1.074,1.110,1.071,1.103,230531300,252714624.00
20240510,1.116,1.122,1.091,1.111,196349562,217249520.00
20240513,1.098,1.103,1.083,1.097,187066862,204972224.00
20240514,1.103,1.115,1.095,1.104,152021100,168117216.00
20240515,1.101,1.115,1.091,1.092,205566720,226768288.00
20240516,1.106,1.113,1.081,1.086,190440516,208982160.00
20240517,1.082,1.102,1.072,1.101,178938000,193849744.00
20240520,1.130,1.150,1.113,1.142,423831300,480468352.00
20240521,1.143,1.146,1.103,1.107,298224400,333108928.00
20240522,1.104,1.114,1.092,1.097,234953100,259204896.00
20240523,1.068,1.071,1.052,1.062,257744300,274141504.00
20240524,1.056,1.069,1.055,1.062,207417533,220599024.00
20240527,1.059,1.078,1.059,1.077,233541200,250311856.00
20240528,1.084,1.096,1.074,1.075,233468500,252938176.00
20240529,1.074,1.109,1.074,1.102,397795167,437265856.00
20240530,1.101,1.104,1.066,1.070,212730900,230292016.00
20240531,1.068,1.074,1.057,1.065,115664200,123368096.00
20240603,1.057,1.061,1.034,1.044,214834000,224650656.00
20240604,1.044,1.063,1.038,1.056,153075200,160775264.00
20240605,1.040,1.046,1.030,1.032,209150681,216773376.00
20240606,1.042,1.055,1.039,1.042,204730102,214397856.00
20240607,1.053,1.056,1.030,1.044,182649500,189949200.00
20240611,1.020,1.023,1.011,1.021,195065100,198173232.00
20240612,1.016,1.034,1.016,1.030,106528000,109231632.00
20240613,1.030,1.030,1.005,1.013,184657300,186986032.00
20240614,1.006,1.018,1.002,1.016,103637000,104727016.00
20240617,1.014,1.020,1.002,1.003,137006400,138207200.00
20240618,1.003,1.015,0.996,1.010,276137100,278244992.00
20240619,1.014,1.026,1.010,1.014,179001900,182183168.00
20240620,1.016,1.028,1.004,1.007,212673400,215402880.00
20240621,1.011,1.015,0.998,1.002,155648700,156513728.00
20240624,0.987,0.992,0.976,0.980,122075700,120049952.00
20240625,0.980,0.992,0.975,0.981,133978500,131323104.00
20240626,0.976,0.992,0.964,0.991,186005800,181159120.00
20240627,0.983,0.988,0.967,0.968,117742100,114859088.00
20240628,0.967,0.995,0.967,0.987,149310000,146892944.00
20240701,0.995,1.013,0.987,1.010,160225116,160760512.00
20240702,1.010,1.011,0.994,0.998,106489800,106496400.00
20240703,0.997,1.001,0.990,0.998,108416500,107846704.00
20240704,1.006,1.014,0.990,0.991,147907800,148623872.00
20240705,0.990,1.018,0.982,1.017,198752660,199649520.00
20240708,1.016,1.023,1.005,1.006,142781294,144838912.00
20240709,1.003,1.030,1.002,1.027,195430952,198858224.00
20240710,1.026,1.040,1.008,1.012,183353900,188033040.00
20240711,1.020,1.054,1.015,1.050,274456339,285792128.00
20240712,1.056,1.057,1.025,1.031,243249731,251604752.00
20240715,1.028,1.048,1.023,1.038,165565931,172044160.00
20240716,1.036,1.050,1.032,1.047,136756800,142749968.00
20240717,1.052,1.054,1.018,1.020,200297300,206220960.00
20240718,1.012,1.020,0.997,1.019,201474300,202962864.00
20240719,1.003,1.005,0.978,1.002,171197600,170198032.00
20240722,0.994,0.998,0.982,0.990,122616800,121384736.00
20240723,0.987,0.994,0.943,0.944,200542500,192991584.00
20240724,0.941,0.948,0.932,0.936,145342200,136431328.00
20240725,0.925,0.928,0.910,0.913,158083100,145037040.00
20240726,0.913,0.941,0.913,0.935,192760600,179865952.00
20240729,0.938,0.944,0.930,0.933,105098480,98348168.00
20240730,0.928,0.929,0.916,0.925,121138800,111503616.00
20240731,0.928,0.961,0.927,0.961,169684580,160955120.00
20240801,0.970,0.976,0.953,0.958,135368300,130577552.00
20240802,0.943,0.949,0.938,0.942,90860400,85651512.00
20240805,0.932,0.944,0.919,0.919,120396497,112152496.00
20240806,0.922,0.930,0.910,0.919,95680600,87915024.00
20240807,0.919,0.929,0.910,0.922,135042300,124208144.00
20240808,0.917,0.918,0.904,0.913,105739200,96376384.00
20240809,0.921,0.932,0.917,0.918,132930100,123009656.00
20240812,0.916,0.921,0.912,0.918,82659600,75685992.00
20240813,0.925,0.926,0.913,0.922,98825176,90801784.00
20240814,0.919,0.924,0.908,0.909,112307600,102615960.00
20240815,0.906,0.922,0.902,0.918,111743300,102101880.00
20240816,0.926,0.931,0.915,0.919,118592800,109445440.00
20240819,0.921,0.943,0.920,0.934,157463300,147351280.00
20240820,0.934,0.941,0.919,0.923,191341900,177391200.00
20240821,0.921,0.936,0.917,0.933,199644900,186108720.00
20240822,0.933,0.934,0.919,0.920,86402200,79902048.00
20240823,0.914,0.920,0.909,0.917,76962700,70423976.00
20240826,0.925,0.929,0.918,0.929,86997700,80493312.00
20240827,0.925,0.925,0.909,0.916,86329700,79114544.00
20240828,0.912,0.925,0.904,0.908,119306600,108932720.00
20240829,0.901,0.920,0.897,0.915,94032100,85721152.00
20240830,0.914,0.931,0.909,0.921,168512100,155036000.00
20240902,0.916,0.916,0.897,0.900,142595000,128781200.00
20240903,0.897,0.911,0.893,0.903,97168800,87802864.00
20240904,0.895,0.895,0.880,0.882,121979230,108082656.00
20240905,0.882,0.896,0.877,0.882,169184000,149462944.00
20240906,0.882,0.886,0.875,0.877,87053500,76573680.00
20240909,0.871,0.871,0.854,0.862,152800282,131430272.00
20240910,0.862,0.864,0.846,0.858,101878900,87055000.00
20240911,0.855,0.868,0.855,0.867,90692280,78202808.00
20240912,0.869,0.877,0.863,0.866,131791500,114453784.00
20240913,0.874,0.880,0.862,0.863,89298200,77808424.00
20240918,0.866,0.874,0.856,0.870,101790600,87185672.00
20240919,0.870,0.897,0.859,0.897,189755300,165679200.00
20240920,0.895,0.908,0.889,0.908,129499900,115287624.00
20240923,0.903,0.918,0.903,0.907,131507300,118273496.00
20240924,0.911,0.943,0.911,0.943,152049400,139462816.00
20240925,0.955,0.979,0.951,0.952,204330400,195115392.00
20240926,0.950,0.989,0.949,0.989,187878500,179042256.00
20240927,1.006,1.037,1.000,1.033,90794500,91578448.00
20240930,1.090,1.132,1.045,1.128,499980400,541545088.00
20241008,1.240,1.240,1.077,1.153,1011332200,1158461824.00
20241009,1.105,1.105,1.039,1.039,452190915,477860736.00
20241010,1.033,1.083,1.028,1.056,412804400,431529856.00
20241011,1.061,1.061,1.022,1.033,239335300,246480736.00
20241014,1.037,1.068,1.035,1.064,234468600,244670592.00
20241015,1.053,1.059,1.027,1.028,199428700,206071872.00
20241016,1.020,1.044,1.016,1.037,267486448,273575648.00
20241017,1.040,1.047,1.020,1.021,142596100,145815776.00
20241018,1.019,1.062,1.019,1.046,284049500,292696896.00
20241021,1.053,1.082,1.051,1.071,280691400,296892096.00
20241022,1.069,1.080,1.059,1.078,241572900,256266912.00
20241023,1.084,1.090,1.065,1.080,287800400,307343360.00
20241024,1.068,1.070,1.052,1.065,177622100,186611392.00
20241025,1.062,1.082,1.056,1.069,190929300,201845792.00
20241028,1.071,1.079,1.064,1.079,176915200,187951824.00
20241029,1.081,1.081,1.059,1.062,231252200,244878720.00
20241030,1.057,1.067,1.040,1.050,166424400,173285344.00
20241031,1.048,1.056,1.039,1.046,135558800,140611168.00
20241101,1.043,1.106,1.040,1.085,454273100,487796832.00
20241104,1.094,1.096,1.067,1.086,278018980,296766080.00
20241105,1.080,1.125,1.076,1.120,409889700,447829728.00
20241106,1.122,1.148,1.115,1.130,410006300,460779456.00
20241107,1.109,1.128,1.093,1.128,378843262,418093856.00
20241108,1.147,1.152,1.111,1.114,405738500,454978176.00
20241111,1.099,1.118,1.093,1.117,247869600,271686656.00
20241112,1.110,1.137,1.092,1.101,247062600,273761408.00
20241113,1.098,1.121,1.094,1.110,197452300,216730528.00
20241114,1.104,1.109,1.071,1.074,227536608,245225696.00
20241115,1.069,1.084,1.055,1.056,177758035,188597840.00
20241118,1.053,1.060,1.030,1.037,197631904,204646096.00
20241119,1.041,1.074,1.039,1.072,194437792,203373136.00
20241120,1.073,1.082,1.067,1.078,211185200,224773600.00
20241121,1.075,1.082,1.068,1.080,198662100,211623488.00
20241122,1.078,1.082,1.050,1.052,101476304,107093416.00
20241125,1.056,1.068,1.037,1.048,109599700,114298656.00
20241126,1.044,1.047,1.031,1.033,82559500,84987264.00
20241127,1.033,1.044,1.011,1.044,144682948,146986912.00
20241128,1.044,1.044,1.027,1.029,94052000,96324688.00
20241129,1.027,1.048,1.021,1.041,110848600,113770128.00
数据来源:通达信
