512760 芯片ETF 日线 后复权
      日期	    开盘	    最高	    最低	    收盘	    成交量	    成交额
20190612,1.013,1.045,1.013,1.033,108014100,110629768.00
20190613,1.033,1.039,1.017,1.023,30088700,30878816.00
20190614,1.027,1.027,0.986,0.989,27198600,27329852.00
20190617,0.994,0.994,0.970,0.978,14576600,14265379.00
20190618,0.972,0.980,0.966,0.969,36104900,35058368.00
20190619,0.992,1.020,0.992,1.006,45304100,45707764.00
20190620,1.001,1.025,0.997,1.019,33212000,33603772.00
20190621,1.019,1.050,1.019,1.037,39904200,41534584.00
20190624,1.032,1.044,1.027,1.037,26264900,27134668.00
20190625,1.034,1.034,1.009,1.020,22609200,23081510.00
20190626,1.015,1.034,1.011,1.027,23478600,24090270.00
20190627,1.033,1.062,1.031,1.053,48536600,50875908.00
20190628,1.053,1.054,1.023,1.033,26698100,27630220.00
20190701,1.060,1.078,1.053,1.078,45993200,49156004.00
20190702,1.076,1.080,1.057,1.060,32684590,34912564.00
20190703,1.055,1.059,1.039,1.045,29512000,30904540.00
20190704,1.046,1.052,1.026,1.033,28713000,29742332.00
20190705,1.030,1.045,1.030,1.044,28584500,29711350.00
20190708,1.044,1.044,0.995,0.998,47322600,47703008.00
20190709,0.997,1.009,0.991,1.005,27661000,27702820.00
20190710,1.004,1.023,1.004,1.017,34664900,35203492.00
20190711,1.022,1.022,0.996,1.005,26690700,26961006.00
20190712,1.005,1.011,0.994,1.007,25933700,26067500.00
20190715,1.000,1.036,0.992,1.032,49819900,50581456.00
20190716,1.020,1.044,1.020,1.037,27134300,28113682.00
20190717,1.037,1.073,1.035,1.061,50349600,53547236.00
20190718,1.050,1.055,1.037,1.041,49028500,51115604.00
20190719,1.043,1.050,1.041,1.049,56660000,59298056.00
20190722,1.060,1.070,1.008,1.034,251593500,259795648.00
20190723,1.036,1.069,1.032,1.065,114419400,120630240.00
20190724,1.071,1.098,1.068,1.094,87573700,95565920.00
20190725,1.097,1.123,1.095,1.113,70258800,78063032.00
20190726,1.115,1.116,1.098,1.110,52467000,58102096.00
20190729,1.113,1.131,1.110,1.123,66608500,74732288.00
20190730,1.122,1.130,1.108,1.111,45843400,51180416.00
20190731,1.109,1.126,1.108,1.118,84685700,94911856.00
20190801,1.108,1.121,1.101,1.112,62378500,69317904.00
20190802,1.089,1.108,1.079,1.100,83858500,91911920.00
20190805,1.093,1.116,1.082,1.085,65118600,71600344.00
20190806,1.054,1.061,1.023,1.057,100655700,105326176.00
20190807,1.061,1.064,1.032,1.034,57343100,60085084.00
20190808,1.045,1.070,1.039,1.068,171017800,179713440.00
20190809,1.072,1.083,1.045,1.048,78377400,83380096.00
20190812,1.058,1.097,1.048,1.095,121693200,130055168.00
20190813,1.083,1.092,1.075,1.086,72539500,78651128.00
20190814,1.105,1.124,1.091,1.092,76131300,84523696.00
20190815,1.062,1.114,1.057,1.114,133350300,145013056.00
20190816,1.105,1.133,1.105,1.121,69382200,77607488.00
20190819,1.141,1.181,1.131,1.180,86763400,100718032.00
20190820,1.187,1.187,1.167,1.174,92560900,108864408.00
20190821,1.167,1.198,1.165,1.187,77381300,91470824.00
20190822,1.187,1.196,1.168,1.183,54058300,63936976.00
20190823,1.177,1.187,1.160,1.171,77333900,90457712.00
20190826,1.153,1.176,1.145,1.172,88133100,102615872.00
20190827,1.177,1.214,1.177,1.199,88396900,106049888.00
20190828,1.202,1.204,1.186,1.194,51954000,62020784.00
20190829,1.193,1.216,1.189,1.212,57618200,69433760.00
20190830,1.222,1.248,1.202,1.215,114550500,140804016.00
20190902,1.215,1.269,1.206,1.264,113506590,140717280.00
20190903,1.271,1.303,1.261,1.297,133919190,171798048.00
20190904,1.302,1.326,1.292,1.321,151139500,198061120.00
20190905,1.337,1.362,1.313,1.325,137650400,183721584.00
20190906,1.330,1.343,1.300,1.323,138031420,182474320.00
20190909,1.342,1.403,1.335,1.400,189113200,258044304.00
20190910,1.415,1.417,1.349,1.367,194768900,267581728.00
20190911,1.372,1.385,1.346,1.357,159416200,217466848.00
20190912,1.362,1.380,1.355,1.364,119625000,163516416.00
20190916,1.363,1.395,1.352,1.375,132250100,182026576.00
20190917,1.366,1.367,1.313,1.331,179270200,239937136.00
20190918,1.332,1.344,1.309,1.329,112727000,149450448.00
20190919,1.330,1.372,1.329,1.370,148696300,201503584.00
20190920,1.373,1.418,1.371,1.405,214319600,298309280.00
20190923,1.400,1.451,1.386,1.446,231244900,327769120.00
20190924,1.445,1.475,1.440,1.448,206240300,301066784.00
20190925,1.436,1.439,1.372,1.375,278632800,389308736.00
20190926,1.381,1.388,1.300,1.308,333210700,444781952.00
20190927,1.306,1.341,1.306,1.332,189060300,250686384.00
20190930,1.327,1.331,1.290,1.294,179307400,234370624.00
20191008,1.295,1.309,1.260,1.269,122299900,156890656.00
20191009,1.260,1.302,1.254,1.298,191877800,246556064.00
20191010,1.296,1.319,1.290,1.316,148425000,193951696.00
20191011,1.319,1.320,1.285,1.297,169286300,220014144.00
20191014,1.308,1.340,1.302,1.333,202834790,267961744.00
20191015,1.324,1.324,1.287,1.290,174843500,226693440.00
20191016,1.293,1.296,1.271,1.274,127156600,163348784.00
20191017,1.277,1.285,1.269,1.270,96428300,123110272.00
20191018,1.271,1.280,1.234,1.240,145675800,182881824.00
20191021,1.235,1.246,1.212,1.242,124453700,153527408.00
20191022,1.244,1.270,1.242,1.266,132476100,166951424.00
20191023,1.269,1.273,1.250,1.255,103720900,131031096.00
20191024,1.249,1.262,1.231,1.247,128512000,160318800.00
20191025,1.244,1.270,1.233,1.265,174917300,218704256.00
20191028,1.290,1.311,1.274,1.308,200444300,258978160.00
20191029,1.305,1.305,1.274,1.275,128680900,166154912.00
20191030,1.273,1.327,1.268,1.305,258626500,337103616.00
20191031,1.303,1.326,1.298,1.304,181854900,238934208.00
20191101,1.290,1.317,1.289,1.311,113853000,148697392.00
20191104,1.315,1.335,1.308,1.327,149169900,197404016.00
20191105,1.328,1.348,1.316,1.345,164026486,218795056.00
20191106,1.344,1.353,1.307,1.314,173595886,230468224.00
20191107,1.311,1.325,1.306,1.320,112492700,148254352.00
20191108,1.328,1.345,1.323,1.324,153255200,204214864.00
20191111,1.315,1.316,1.287,1.290,117019800,152490832.00
20191112,1.290,1.295,1.259,1.282,137213814,174794432.00
20191113,1.276,1.337,1.276,1.335,226328500,297193632.00
20191114,1.330,1.377,1.328,1.373,201529125,273249984.00
20191115,1.368,1.401,1.360,1.364,180138725,248711440.00
20191118,1.361,1.380,1.350,1.362,102937525,140217488.00
20191119,1.359,1.385,1.349,1.382,135565100,185681728.00
20191120,1.379,1.386,1.356,1.364,130518900,179318672.00
20191121,1.350,1.375,1.349,1.362,121268900,165028736.00
20191122,1.360,1.394,1.312,1.329,284900200,384160832.00
20191125,1.321,1.323,1.267,1.272,253393000,324787872.00
20191126,1.277,1.294,1.273,1.282,159863300,205169120.00
20191127,1.279,1.350,1.274,1.337,316878703,418567552.00
20191128,1.330,1.346,1.324,1.330,167076103,222935296.00
20191129,1.330,1.348,1.315,1.334,175028300,233457040.00
20191202,1.341,1.380,1.328,1.371,241811603,329494784.00
20191203,1.360,1.410,1.353,1.408,357375353,494920256.00
20191204,1.397,1.439,1.395,1.413,348756468,493295040.00
20191205,1.416,1.468,1.408,1.438,281066907,404925120.00
20191206,1.436,1.474,1.431,1.473,233821988,339083968.00
20191209,1.478,1.510,1.478,1.491,220783189,329514368.00
20191210,1.480,1.543,1.464,1.535,228721992,344680864.00
20191211,1.525,1.546,1.504,1.524,211439600,322514784.00
20191212,1.520,1.599,1.520,1.572,247862863,388027104.00
20191213,1.586,1.592,1.538,1.579,275271235,429597792.00
20191216,1.565,1.609,1.560,1.606,245029575,389233952.00
20191217,1.605,1.610,1.588,1.603,182542200,291844384.00
20191218,1.600,1.622,1.586,1.596,155656264,249690768.00
20191219,1.595,1.595,1.555,1.564,196125100,307413792.00
20191220,1.561,1.571,1.545,1.552,152291300,237331680.00
20191223,1.503,1.522,1.483,1.492,288674185,433752480.00
20191224,1.496,1.543,1.486,1.537,263469799,398569344.00
20191225,1.534,1.630,1.531,1.627,404951727,646869696.00
20191226,1.613,1.618,1.590,1.610,288188619,462433600.00
20191227,1.604,1.610,1.556,1.557,351139305,555247488.00
20191230,1.541,1.573,1.504,1.564,307321012,475538144.00
20191231,1.554,1.579,1.542,1.555,256465609,399721312.00
20200102,1.565,1.629,1.554,1.615,366833119,587443328.00
20200103,1.617,1.631,1.591,1.610,255860772,411958080.00
20200106,1.586,1.641,1.586,1.625,299458973,485528192.00
20200107,1.625,1.635,1.606,1.624,210804307,340898496.00
20200108,1.610,1.613,1.579,1.589,282320400,450243968.00
20200109,1.606,1.638,1.597,1.636,295187002,476970080.00
20200110,1.636,1.695,1.630,1.683,379658811,632764288.00
20200113,1.682,1.771,1.669,1.761,426370656,736140928.00
20200114,1.772,1.785,1.741,1.747,257439184,452190528.00
20200115,1.738,1.810,1.733,1.806,396949475,702018688.00
20200116,1.798,1.825,1.790,1.801,338862537,611785152.00
20200117,1.806,1.822,1.787,1.798,265791237,479927264.00
20200120,1.800,1.905,1.799,1.900,540058488,1008451840.00
20200121,1.872,1.932,1.863,1.900,701649201,1328951296.00
20200122,1.888,2.033,1.860,2.009,777536794,1503516160.00
20200123,1.978,2.052,1.904,1.955,1210523509,2394390528.00
20200203,1.760,1.790,1.760,1.760,482394477,851632192.00
20200204,1.755,1.862,1.736,1.855,1169792959,2117544448.00
20200205,1.848,1.915,1.820,1.851,960343763,1797208064.00
20200206,1.824,1.902,1.811,1.900,803668075,1498173824.00
20200207,1.895,1.989,1.885,1.987,937962783,1819874048.00
20200210,1.972,1.981,1.902,1.936,793508125,1540375296.00
20200211,1.935,1.978,1.932,1.953,602090781,1176574464.00
20200212,1.942,2.033,1.937,2.027,601929056,1195854336.00
20200213,2.023,2.124,2.016,2.087,790791790,1640266624.00
20200214,2.083,2.179,2.070,2.104,959920379,2034574976.00
20200217,2.121,2.175,2.111,2.173,603339022,1294643584.00
20200218,2.184,2.293,2.173,2.287,936702371,2086349056.00
20200219,2.286,2.385,2.226,2.306,1252539107,2892765440.00
20200220,2.310,2.380,2.245,2.379,1150847531,2661741056.00
20200221,2.357,2.450,2.344,2.435,838181959,2019890560.00
20200224,2.434,2.579,2.418,2.576,937165282,2335552768.00
20200225,2.530,2.627,2.391,2.602,1593448090,4048369408.00
20200226,2.533,2.572,2.342,2.359,1380592205,3400957184.00
20200227,2.392,2.418,2.255,2.289,1283691358,2978367232.00
20200228,2.150,2.255,2.111,2.166,1551150181,3369585664.00
20200302,2.221,2.230,2.113,2.171,1111884078,2420454400.00
20200303,2.210,2.300,2.171,2.190,1048856418,2341198592.00
20200304,2.150,2.162,2.040,2.114,797216025,1678225920.00
20200305,2.150,2.165,2.063,2.145,813470080,1721013504.00
20200306,2.100,2.142,2.084,2.108,516811474,1095013376.00
20200309,2.058,2.069,1.941,1.948,734161638,1471883392.00
20200310,1.948,2.108,1.948,2.102,1073422210,2177137920.00
20200311,2.107,2.117,2.005,2.013,638618559,1319135744.00
20200312,1.966,2.039,1.950,2.014,702357848,1407106944.00
20200313,1.921,2.096,1.920,2.066,1343507627,2720039936.00
20200316,2.072,2.079,1.900,1.913,993749524,1981433728.00
20200317,1.961,1.989,1.856,1.942,976637609,1883970176.00
20200318,1.970,2.030,1.911,1.923,974242776,1926511232.00
20200319,1.947,2.000,1.903,1.991,1214765781,2369853184.00
20200320,2.019,2.020,1.925,1.960,948646403,1865114368.00
20200323,1.897,1.902,1.766,1.792,901936051,1661273472.00
20200324,1.837,1.840,1.708,1.798,903222912,1612339328.00
20200325,1.840,1.875,1.817,1.836,855481187,1580755712.00
20200326,1.807,1.855,1.791,1.794,580503058,1056930176.00
20200327,1.825,1.830,1.770,1.772,492692357,888325952.00
20200330,1.720,1.753,1.669,1.722,751072699,1285439104.00
20200331,1.755,1.774,1.709,1.716,410667609,713995456.00
20200401,1.704,1.783,1.701,1.740,604723706,1062691648.00
20200402,1.736,1.869,1.731,1.866,800560813,1445280256.00
20200403,1.848,1.866,1.821,1.833,614241906,1131552512.00
20200407,1.888,1.900,1.873,1.884,485830797,916025536.00
20200408,1.869,1.920,1.861,1.903,494286185,938103552.00
20200409,1.919,1.919,1.869,1.883,375554730,708179008.00
20200410,1.876,1.877,1.785,1.792,524249611,952090048.00
20200413,1.759,1.774,1.728,1.746,363984182,637109824.00
20200414,1.762,1.807,1.757,1.803,391242117,695807872.00
20200415,1.802,1.874,1.791,1.819,651462141,1196568192.00
20200416,1.794,1.864,1.788,1.850,486974202,893427520.00
20200417,1.882,1.948,1.882,1.897,718832720,1378495872.00
20200420,1.900,1.923,1.879,1.921,355061016,675813696.00
20200421,1.900,1.900,1.848,1.875,484381989,907662208.00
20200422,1.845,1.894,1.844,1.892,381898618,717180416.00
20200423,1.887,1.895,1.858,1.859,343248919,643010240.00
20200424,1.854,1.881,1.808,1.818,321651505,590326080.00
20200427,1.818,1.821,1.768,1.796,360316455,646285440.00
20200428,1.797,1.874,1.749,1.857,711374716,1300901376.00
20200429,1.843,1.867,1.836,1.849,330594193,612137408.00
20200430,1.880,1.993,1.874,1.979,851992245,1660249984.00
20200506,1.979,2.088,1.970,2.086,932301876,1903711104.00
20200507,2.100,2.113,2.052,2.067,622218026,1290576128.00
20200508,2.082,2.121,2.061,2.074,589597294,1229834112.00
20200511,2.079,2.108,2.036,2.060,555970298,1151836800.00
20200512,2.056,2.100,2.012,2.096,624435906,1286191744.00
20200513,2.081,2.118,2.075,2.099,497501121,1043023424.00
20200514,2.088,2.136,2.085,2.097,588845827,1243252992.00
20200515,2.112,2.215,2.098,2.179,837897222,1813838848.00
20200518,2.232,2.245,2.083,2.091,953097390,2053985536.00
20200519,2.110,2.206,2.091,2.205,780574582,1681546368.00
20200520,2.185,2.218,2.130,2.157,668231581,1449433728.00
20200521,2.149,2.171,2.063,2.071,741350381,1562919808.00
20200522,2.060,2.085,1.999,2.039,705367740,1440923520.00
20200525,2.020,2.038,1.984,2.003,488720132,981177984.00
20200526,2.017,2.057,2.017,2.054,449592376,918671232.00
20200527,2.047,2.052,1.990,1.998,480444519,966630976.00
20200528,1.987,2.006,1.931,1.977,575229805,1129521408.00
20200529,1.960,2.002,1.952,1.975,324794569,642875776.00
20200601,2.010,2.085,1.999,2.072,596478182,1223626624.00
20200602,2.081,2.107,2.062,2.095,454440912,946046208.00
20200603,2.098,2.141,2.066,2.088,497536633,1046075136.00
20200604,2.092,2.102,2.065,2.067,290997145,604565056.00
20200605,2.085,2.130,2.081,2.111,449029389,945728576.00
20200608,2.132,2.140,2.083,2.085,448636306,947145728.00
20200609,2.080,2.113,2.065,2.108,285506104,598449600.00
20200610,2.097,2.101,2.067,2.091,344657047,718418880.00
20200611,2.092,2.130,2.069,2.077,355105375,744205184.00
20200612,2.035,2.088,2.015,2.069,417254564,857656000.00
20200615,2.038,2.057,2.018,2.019,311338519,634290496.00
20200616,2.045,2.067,2.035,2.053,242071313,496423264.00
20200617,2.055,2.057,2.017,2.036,227771973,462364224.00
20200618,2.035,2.081,2.028,2.075,321010059,661910016.00
20200619,2.082,2.114,2.059,2.101,404088471,844367552.00
20200622,2.121,2.202,2.121,2.193,592533293,1288961408.00
20200623,2.188,2.207,2.155,2.196,383052359,835388032.00
20200624,2.195,2.255,2.191,2.233,436554594,972179648.00
20200629,2.219,2.243,2.188,2.203,366319208,809050688.00
20200630,2.223,2.259,2.209,2.246,370226768,827204416.00
20200701,2.250,2.316,2.225,2.273,537733525,1221893248.00
20200702,2.281,2.342,2.258,2.325,425111667,983516864.00
20200703,2.338,2.352,2.280,2.351,516762449,1202500224.00
20200706,2.390,2.586,2.390,2.586,677208073,1692869632.00
20200707,2.720,2.750,2.570,2.573,890906164,2384150784.00
20200708,2.565,2.666,2.528,2.662,640740693,1666728448.00
20200709,2.654,2.777,2.630,2.743,676115739,1843471360.00
20200710,2.710,2.811,2.685,2.780,683508962,1887005440.00
20200713,2.777,2.903,2.763,2.891,587843812,1655111808.00
20200714,2.880,2.896,2.751,2.852,831002252,2353672704.00
20200715,2.852,2.852,2.692,2.701,980753290,2703683584.00
20200716,2.665,2.690,2.446,2.468,894939357,2299361024.00
20200717,2.448,2.503,2.399,2.426,851723209,2082775680.00
20200720,2.463,2.530,2.403,2.528,512105119,1264980608.00
20200721,2.527,2.565,2.487,2.509,419169370,1058164096.00
20200722,2.514,2.592,2.499,2.539,473508647,1208439296.00
20200723,2.499,2.536,2.448,2.534,504291583,1261804288.00
20200724,2.504,2.543,2.372,2.376,503575108,1238561024.00
20200727,2.395,2.454,2.376,2.407,346309163,837663424.00
20200728,2.440,2.454,2.377,2.411,235722210,568147200.00
20200729,2.399,2.524,2.390,2.517,432081385,1070025344.00
20200730,2.530,2.538,2.471,2.490,320577225,799114176.00
20200731,2.480,2.569,2.480,2.558,473312698,1198158592.00
20200803,2.605,2.673,2.594,2.672,377170615,995569408.00
20200804,2.676,2.681,2.591,2.604,391899030,1029278784.00
20200805,2.780,2.780,2.632,2.649,717568010,1924110976.00
20200806,2.617,2.693,2.590,2.667,568127830,1506769664.00
20200807,2.640,2.652,2.522,2.590,596830661,1542197120.00
20200810,2.554,2.616,2.539,2.579,372954066,961337728.00
20200811,2.570,2.598,2.521,2.526,325051470,835352576.00
20200812,2.520,2.533,2.432,2.510,398555759,985825856.00
20200813,2.525,2.537,2.496,2.500,240392118,604550528.00
20200814,2.493,2.540,2.486,2.539,195994184,493960960.00
20200817,2.539,2.587,2.522,2.585,309969851,792085120.00
20200818,2.586,2.589,2.556,2.568,215037451,553072832.00
20200819,2.560,2.560,2.468,2.479,255474512,641615488.00
20200820,2.444,2.487,2.420,2.434,221540691,542359488.00
20200821,2.451,2.469,2.393,2.425,238471460,580581696.00
20200824,2.424,2.466,2.371,2.443,250453980,608400320.00
20200825,2.440,2.457,2.407,2.412,170860716,414941120.00
20200826,2.412,2.412,2.310,2.314,362400594,850562880.00
20200827,2.312,2.399,2.289,2.379,339578398,800757952.00
20200828,2.365,2.410,2.352,2.403,192419774,457668064.00
20200831,2.416,2.437,2.380,2.381,207213841,499673920.00
20200901,2.370,2.386,2.348,2.384,127397004,301999168.00
20200902,2.380,2.383,2.338,2.349,153706784,361747872.00
20200903,2.345,2.370,2.316,2.356,203473888,477165504.00
20200904,2.335,2.423,2.328,2.394,417450890,998551232.00
20200907,2.392,2.404,2.298,2.312,299038348,704681856.00
20200908,2.305,2.314,2.245,2.271,248271003,565733248.00
20200909,2.271,2.271,2.271,2.271,0,0.00
20200910,2.186,2.206,2.126,2.130,478943842,519889280.00
20200911,2.130,2.212,2.126,2.204,597378454,650052288.00
20200914,2.220,2.266,2.212,2.232,512868543,573445760.00
20200915,2.224,2.276,2.196,2.248,514620484,575880768.00
20200916,2.236,2.268,2.224,2.234,361324787,405912128.00
20200917,2.222,2.314,2.206,2.288,744377354,844460352.00
20200918,2.284,2.318,2.272,2.316,504846212,579133760.00
20200921,2.320,2.352,2.300,2.304,561243247,653363712.00
20200922,2.280,2.298,2.250,2.258,379538477,432206688.00
20200923,2.270,2.304,2.252,2.290,548530277,626322048.00
20200924,2.270,2.278,2.240,2.242,390443002,440903968.00
20200925,2.248,2.258,2.206,2.214,332127439,369413856.00
20200928,2.204,2.218,2.182,2.186,308429300,338665024.00
20200929,2.200,2.244,2.196,2.224,481302837,536000704.00
20200930,2.230,2.244,2.208,2.214,339101895,377592224.00
20201009,2.260,2.292,2.256,2.282,365240162,415448416.00
20201012,2.300,2.396,2.300,2.394,754572237,888040704.00
20201013,2.388,2.400,2.356,2.394,544710094,647509760.00
20201014,2.380,2.382,2.342,2.346,383894822,452042912.00
20201015,2.348,2.380,2.332,2.336,386645488,456006048.00
20201016,2.340,2.350,2.298,2.314,344431732,399211744.00
20201019,2.328,2.334,2.284,2.288,376348255,433753792.00
20201020,2.280,2.310,2.264,2.308,290721266,332585568.00
20201021,2.310,2.310,2.226,2.238,578364956,650542848.00
20201022,2.222,2.258,2.204,2.236,379982773,425113568.00
20201023,2.236,2.256,2.176,2.186,496965866,549273664.00
20201026,2.168,2.200,2.146,2.186,393512997,428399648.00
20201027,2.166,2.208,2.166,2.202,299750070,328461728.00
20201028,2.198,2.218,2.168,2.210,334350028,367382496.00
20201029,2.176,2.216,2.170,2.204,343157560,376937376.00
20201030,2.210,2.298,2.210,2.240,950502162,1072277376.00
20201102,2.256,2.294,2.222,2.288,636190602,719418048.00
20201103,2.302,2.348,2.284,2.332,653901422,759665728.00
20201104,2.330,2.344,2.298,2.310,446834221,518175904.00
20201105,2.350,2.366,2.306,2.336,535398844,624030080.00
20201106,2.336,2.376,2.308,2.376,707724740,829488448.00
20201109,2.412,2.596,2.412,2.568,1602104024,2021364096.00
20201110,2.546,2.556,2.482,2.494,987755187,1242955008.00
20201111,2.462,2.488,2.362,2.370,1175094234,1412732544.00
20201112,2.396,2.410,2.344,2.364,568439212,674540224.00
20201113,2.346,2.402,2.328,2.374,749774692,886684928.00
20201116,2.374,2.376,2.334,2.354,450316576,528815392.00
20201117,2.342,2.374,2.270,2.370,1147315565,1329365632.00
20201118,2.350,2.382,2.330,2.354,797182928,939627712.00
20201119,2.334,2.400,2.324,2.372,708288629,841641600.00
20201120,2.370,2.400,2.360,2.370,405262383,480774432.00
20201123,2.360,2.398,2.334,2.378,642097309,760697664.00
20201124,2.382,2.438,2.378,2.398,796184793,959462976.00
20201125,2.396,2.428,2.382,2.398,741172108,891043904.00
20201126,2.396,2.416,2.364,2.372,488980008,584414272.00
20201127,2.360,2.396,2.342,2.380,458373999,543308032.00
20201130,2.382,2.424,2.352,2.398,762023182,912470272.00
20201201,2.386,2.420,2.380,2.416,608738061,729570688.00
20201202,2.422,2.472,2.420,2.462,951862491,1166716416.00
20201203,2.460,2.478,2.432,2.434,645189920,790931648.00
20201204,2.426,2.462,2.420,2.448,448642249,548040000.00
20201207,2.500,2.516,2.456,2.460,622174569,773275328.00
20201208,2.460,2.476,2.452,2.462,390693479,481091584.00
20201209,2.456,2.456,2.386,2.390,575528149,697307264.00
20201210,2.380,2.428,2.376,2.404,623254465,749203712.00
20201211,2.402,2.412,2.342,2.364,484237133,573045952.00
20201214,2.370,2.406,2.364,2.402,447584373,534593568.00
20201215,2.394,2.428,2.366,2.380,378406214,453039744.00
20201216,2.370,2.376,2.342,2.344,394384776,463393728.00
20201217,2.336,2.360,2.312,2.360,384408280,450041152.00
20201218,2.392,2.396,2.338,2.340,445379082,525983168.00
20201221,2.326,2.420,2.318,2.396,637585657,760441728.00
20201222,2.378,2.392,2.312,2.316,554809572,651543872.00
20201223,2.312,2.384,2.312,2.374,626670690,737437056.00
20201224,2.370,2.406,2.352,2.366,376026571,447010240.00
20201225,2.356,2.360,2.324,2.344,362184835,423908416.00
20201228,2.338,2.338,2.302,2.304,379709678,439943904.00
20201229,2.304,2.356,2.300,2.312,380622339,443439616.00
20201230,2.304,2.350,2.294,2.338,462583319,537549824.00
20201231,2.352,2.390,2.344,2.382,620540834,734671104.00
20210104,2.382,2.444,2.368,2.434,690377344,833992640.00
20210105,2.420,2.540,2.410,2.538,1014006592,1263421312.00
20210106,2.552,2.582,2.488,2.504,644192773,811411904.00
20210107,2.490,2.510,2.460,2.508,523577557,650692544.00
20210108,2.508,2.516,2.466,2.504,394372240,491283616.00
20210111,2.532,2.614,2.512,2.542,784972019,1010657280.00
20210112,2.536,2.600,2.520,2.598,502745310,645029888.00
20210113,2.610,2.662,2.596,2.650,656257358,862658304.00
20210114,2.662,2.730,2.606,2.654,838959013,1124259968.00
20210115,2.654,2.692,2.576,2.604,622127584,818673152.00
20210118,2.608,2.778,2.598,2.752,952063442,1292995200.00
20210119,2.758,2.768,2.688,2.706,633555493,864375616.00
20210120,2.724,2.740,2.674,2.728,575171874,779043648.00
20210121,2.730,2.746,2.694,2.726,535157356,729085184.00
20210122,2.728,2.742,2.630,2.692,719101528,962743168.00
20210125,2.636,2.710,2.618,2.674,758340320,1010917952.00
20210126,2.668,2.694,2.600,2.622,604669035,797691776.00
20210127,2.620,2.646,2.564,2.616,371400590,483958176.00
20210128,2.576,2.608,2.508,2.514,420146997,535314368.00
20210129,2.536,2.548,2.426,2.460,441830339,547875520.00
20210201,2.458,2.490,2.452,2.488,280132848,345888096.00
20210202,2.492,2.510,2.466,2.510,253745127,316365088.00
20210203,2.510,2.512,2.412,2.414,391946001,480314272.00
20210204,2.392,2.430,2.310,2.412,549728324,650390336.00
20210205,2.412,2.420,2.344,2.350,349431769,416693120.00
20210208,2.354,2.440,2.354,2.424,363355271,437780576.00
20210209,2.426,2.466,2.412,2.464,312670012,382309088.00
20210210,2.464,2.478,2.426,2.474,317846431,391128032.00
20210218,2.532,2.572,2.490,2.530,517281677,656285504.00
20210219,2.502,2.518,2.452,2.512,408762506,507534816.00
20210222,2.520,2.532,2.448,2.450,388811163,484896416.00
20210223,2.430,2.456,2.398,2.432,279677607,339695488.00
20210224,2.444,2.508,2.418,2.442,491079723,605470784.00
20210225,2.460,2.464,2.410,2.416,274307400,333235136.00
20210226,2.366,2.406,2.356,2.364,309111683,366905184.00
20210301,2.386,2.458,2.380,2.454,340685211,412481280.00
20210302,2.470,2.486,2.432,2.460,367189361,452547072.00
20210303,2.454,2.472,2.416,2.470,257425158,314351008.00
20210304,2.460,2.484,2.378,2.390,470357539,569080960.00
20210305,2.340,2.384,2.340,2.368,296245254,349772608.00
20210308,2.384,2.390,2.260,2.268,414123235,480886240.00
20210309,2.256,2.264,2.140,2.148,429800318,471376896.00
20210310,2.190,2.198,2.142,2.144,252269538,273083904.00
20210311,2.142,2.234,2.130,2.210,426564450,467323168.00
20210312,2.222,2.222,2.158,2.176,230997760,251690784.00
20210315,2.154,2.154,2.078,2.090,325532089,343304640.00
20210316,2.096,2.110,2.050,2.076,224267005,233304304.00
20210317,2.074,2.134,2.070,2.128,286529186,303157856.00
20210318,2.136,2.144,2.118,2.132,177573900,189129648.00
20210319,2.098,2.144,2.088,2.120,222063608,235438912.00
20210322,2.110,2.132,2.100,2.126,146417708,154999712.00
20210323,2.138,2.172,2.120,2.130,213968609,229267920.00
20210324,2.118,2.120,2.078,2.082,200128562,209303840.00
20210325,2.066,2.110,2.060,2.092,200070345,209596528.00
20210326,2.102,2.140,2.092,2.134,215580413,228537872.00
20210329,2.142,2.178,2.134,2.142,215775431,232480496.00
20210330,2.140,2.164,2.134,2.150,151550727,162788496.00
20210331,2.148,2.148,2.112,2.140,145040236,154422416.00
20210401,2.144,2.226,2.142,2.220,404543058,446212448.00
20210402,2.240,2.332,2.240,2.328,554972772,639947200.00
20210406,2.352,2.358,2.294,2.318,248766552,287867840.00
20210407,2.308,2.324,2.274,2.322,253360100,291212768.00
20210408,2.306,2.346,2.294,2.314,223121700,259217808.00
20210409,2.314,2.338,2.290,2.298,194318420,224137376.00
20210412,2.300,2.342,2.240,2.256,255565585,292488096.00
20210413,2.240,2.280,2.234,2.244,180258918,203016608.00
20210414,2.246,2.262,2.238,2.256,160659807,180695056.00
20210415,2.256,2.256,2.204,2.254,194570644,216723040.00
20210416,2.250,2.258,2.216,2.240,179748311,201020624.00
20210419,2.226,2.300,2.212,2.296,255557659,289492896.00
20210420,2.276,2.292,2.266,2.270,170773008,194599488.00
20210421,2.254,2.286,2.246,2.274,153343637,173887792.00
20210422,2.274,2.312,2.270,2.298,222197934,255087872.00
20210423,2.296,2.320,2.288,2.308,180655187,208342128.00
20210426,2.318,2.368,2.304,2.306,326060809,380995712.00
20210427,2.300,2.322,2.270,2.288,182933700,209405312.00
20210428,2.282,2.332,2.260,2.332,210276169,241958000.00
20210429,2.332,2.372,2.326,2.336,211650200,248583360.00
20210430,2.332,2.356,2.318,2.330,189623212,221341616.00
20210506,2.320,2.342,2.296,2.306,168583776,195141856.00
20210507,2.308,2.332,2.204,2.206,339745319,384013248.00
20210510,2.200,2.200,2.162,2.172,184093628,200435232.00
20210511,2.160,2.190,2.126,2.190,219842070,237506880.00
20210512,2.180,2.222,2.150,2.222,202560500,221429792.00
20210513,2.190,2.240,2.182,2.210,184780334,204652144.00
20210514,2.226,2.268,2.198,2.260,382891801,430003648.00
20210517,2.264,2.312,2.264,2.282,239843626,275379232.00
20210518,2.264,2.282,2.260,2.270,119688192,135814144.00
20210519,2.268,2.306,2.262,2.304,196573454,225274560.00
20210520,2.296,2.312,2.284,2.298,201489437,231805792.00
20210521,2.302,2.320,2.274,2.276,136550900,156486208.00
20210524,2.274,2.304,2.242,2.302,172319935,196183680.00
20210525,2.304,2.376,2.300,2.368,359086618,422036160.00
20210526,2.370,2.386,2.346,2.348,187103255,221097680.00
20210527,2.344,2.472,2.342,2.446,511500765,621671680.00
20210528,2.444,2.458,2.408,2.428,265993540,323497216.00
20210531,2.434,2.488,2.434,2.482,274892852,339705472.00
20210601,2.480,2.542,2.452,2.510,334018245,419754720.00
20210602,2.516,2.522,2.456,2.474,360591094,447410560.00
20210603,2.472,2.482,2.432,2.444,234072833,287649024.00
20210604,2.430,2.526,2.424,2.502,332990402,414266208.00
20210607,2.552,2.594,2.536,2.556,379691641,486754816.00
20210608,2.570,2.574,2.516,2.538,269305427,342492064.00
20210609,2.530,2.576,2.530,2.564,298236423,380888512.00
20210610,2.560,2.604,2.552,2.598,283724061,366445664.00
20210611,2.598,2.600,2.544,2.546,238409969,305861952.00
20210615,2.542,2.628,2.540,2.592,382569726,496803488.00
20210616,2.598,2.652,2.516,2.520,403249607,519438336.00
20210617,2.516,2.760,2.516,2.738,832409996,1111886336.00
20210618,2.750,2.792,2.710,2.768,591388469,815620736.00
20210621,2.758,2.802,2.716,2.780,384220842,531951936.00
20210622,2.782,2.798,2.716,2.768,340977969,469719008.00
20210623,2.768,2.936,2.764,2.894,597604309,860374784.00
20210624,2.882,2.900,2.820,2.838,340876484,486068192.00
20210625,2.840,2.880,2.792,2.878,430686269,611921600.00
20210628,2.870,2.968,2.864,2.924,351286605,512613952.00
20210629,2.918,2.928,2.842,2.890,398643086,575078080.00
20210630,2.916,3.060,2.914,3.030,667587906,1003496064.00
20210701,3.030,3.036,2.942,2.948,554948615,829082816.00
20210702,2.924,2.954,2.868,2.892,444995388,647554176.00
20210705,2.928,3.038,2.928,3.036,488789115,731195584.00
20210706,3.046,3.092,2.902,2.980,537413221,806935232.00
20210707,2.924,3.062,2.878,3.046,519669872,775182336.00
20210708,3.042,3.170,3.042,3.150,500808539,782548416.00
20210709,3.120,3.148,3.026,3.120,525132750,809774528.00
20210712,3.132,3.188,3.060,3.152,646482843,1009627008.00
20210713,3.148,3.148,2.962,2.994,786801278,1189354240.00
20210714,2.970,3.022,2.944,2.960,488333629,727727040.00
20210715,2.938,2.986,2.910,2.976,490921690,725125824.00
20210716,2.970,3.044,2.924,2.928,453824684,677904832.00
20210719,2.884,2.960,2.874,2.930,316993568,463464960.00
20210720,2.900,3.010,2.900,3.006,497209984,737454976.00
20210721,3.018,3.172,3.006,3.126,665145107,1036039232.00
20210722,3.140,3.256,3.092,3.230,603148325,957721600.00
20210723,3.230,3.270,3.194,3.240,389912122,630990208.00
20210726,3.240,3.320,3.146,3.302,690449772,1124561920.00
20210727,3.304,3.580,3.270,3.300,909465759,1546260608.00
20210728,3.230,3.332,3.074,3.214,847654630,1365326208.00
20210729,3.300,3.484,3.240,3.466,653778514,1100275456.00
20210730,3.442,3.564,3.398,3.516,600626353,1047607232.00
20210802,3.506,3.528,3.342,3.436,625998475,1072371776.00
20210803,3.376,3.410,3.182,3.214,865420883,1417317760.00
20210804,3.200,3.370,3.196,3.356,554606887,916019520.00
20210805,3.330,3.400,3.270,3.356,487254573,818822464.00
20210806,3.396,3.426,3.276,3.330,393980931,658194432.00
20210809,3.256,3.270,3.134,3.236,498440635,796954176.00
20210810,3.218,3.248,3.140,3.214,425958790,680151040.00
20210811,3.214,3.252,3.160,3.226,375634094,603598720.00
20210812,3.224,3.344,3.210,3.262,494658558,811424512.00
20210813,3.224,3.228,3.130,3.138,424004396,672875392.00
20210816,3.102,3.222,3.084,3.164,493973660,780678016.00
20210817,3.130,3.182,3.006,3.018,463542136,710673728.00
20210818,3.022,3.070,3.004,3.024,362643339,549342656.00
20210819,3.024,3.120,3.014,3.090,386022498,594030656.00
20210820,3.092,3.176,3.068,3.134,537919364,840223424.00
20210823,3.140,3.224,3.100,3.212,394315040,627694528.00
20210824,3.208,3.300,3.170,3.270,360608236,586572480.00
20210825,3.280,3.318,3.200,3.246,333318334,539157888.00
20210826,3.246,3.270,3.166,3.178,336382223,542158528.00
20210827,3.146,3.208,3.144,3.190,250864619,399522752.00
20210830,3.204,3.270,3.132,3.152,367479577,588024960.00
20210831,3.116,3.122,3.022,3.068,397718322,609021888.00
20210901,3.056,3.068,2.956,3.048,399252156,601804480.00
20210902,3.026,3.038,2.942,2.946,384653290,571425152.00
20210903,2.938,3.000,2.882,2.930,386767449,568951424.00
20210906,2.920,3.002,2.894,2.996,374736185,556572800.00
20210907,2.986,3.026,2.964,2.998,263844900,395249472.00
20210908,2.988,3.060,2.950,2.958,274105900,407540704.00
20210909,2.950,2.960,2.900,2.936,213456562,312490848.00
20210910,2.936,3.090,2.910,3.062,584642665,884875840.00
20210913,3.056,3.056,2.934,2.946,404757542,600832128.00
20210914,2.920,3.010,2.920,2.956,311462800,463240128.00
20210915,2.954,2.974,2.896,2.936,228273767,334791360.00
20210916,2.912,2.930,2.836,2.838,324782134,466476800.00
20210917,2.846,2.886,2.804,2.852,250410534,355497568.00
20210922,2.816,2.904,2.806,2.876,271958100,391041760.00
20210923,2.884,2.978,2.850,2.942,346469842,508004928.00
20210924,2.920,2.960,2.910,2.918,183400678,269036224.00
20210927,2.944,2.976,2.880,2.914,239808142,351373600.00
20210928,2.894,2.990,2.862,2.918,245206954,359690880.00
20210929,2.880,2.908,2.844,2.850,258993536,371603616.00
20210930,2.856,2.902,2.850,2.884,180850100,260642608.00
20211008,2.920,2.956,2.862,2.866,251790884,364474432.00
20211011,2.856,2.896,2.822,2.828,205041915,292680064.00
20211012,2.816,2.834,2.716,2.736,311888305,431127040.00
20211013,2.734,2.806,2.722,2.800,229831989,317856416.00
20211014,2.798,2.824,2.776,2.804,167654454,235356800.00
20211015,2.804,2.916,2.792,2.908,368027357,530041472.00
20211018,2.888,2.890,2.826,2.872,286141754,407602400.00
20211019,2.860,2.894,2.854,2.876,180399359,259141808.00
20211020,2.878,2.900,2.852,2.856,159683815,228997872.00
20211021,2.854,2.860,2.798,2.806,216511215,305225568.00
20211022,2.822,2.912,2.822,2.888,362674535,522500800.00
20211025,2.882,2.916,2.854,2.914,241612506,348633248.00
20211026,2.912,2.940,2.870,2.910,514516949,748756928.00
20211027,2.910,2.914,2.858,2.872,244712241,352143776.00
20211028,2.880,2.918,2.854,2.870,243592100,352245440.00
20211029,2.870,2.962,2.864,2.936,341941264,500024608.00
20211101,2.942,2.982,2.922,2.970,290914225,431042944.00
20211102,2.974,3.080,2.974,3.050,523827427,799108032.00
20211103,3.062,3.088,2.992,3.022,307110328,465050976.00
20211104,3.036,3.092,3.030,3.060,378153685,578506304.00
20211105,3.104,3.140,3.066,3.068,300428615,465056768.00
20211108,3.056,3.058,2.968,3.022,307134181,460935456.00
20211109,3.014,3.110,2.996,3.100,315921745,482551648.00
20211110,3.070,3.122,3.052,3.120,322070439,498104064.00
20211111,3.088,3.252,3.086,3.204,466214157,741142720.00
20211112,3.172,3.208,3.162,3.194,273533400,435437312.00
20211115,3.188,3.214,3.132,3.138,310266803,490782784.00
20211116,3.120,3.166,3.080,3.086,394608465,614120064.00
20211117,3.092,3.106,3.052,3.104,223743038,344917824.00
20211118,3.094,3.118,3.062,3.072,200081319,308223744.00
20211119,3.074,3.100,3.052,3.088,224619719,345513504.00
20211122,3.092,3.244,3.084,3.240,530759867,847129472.00
20211123,3.238,3.264,3.214,3.218,256348575,414865760.00
20211124,3.206,3.272,3.204,3.210,260970818,422870304.00
20211125,3.198,3.270,3.184,3.226,339242682,547453504.00
20211126,3.202,3.208,3.128,3.140,360926416,569269952.00
20211129,3.096,3.162,3.084,3.154,421554178,663371264.00
20211130,3.174,3.220,3.166,3.194,271812757,433919840.00
20211201,3.182,3.244,3.168,3.186,191700842,307023616.00
20211202,3.180,3.220,3.176,3.184,179111600,286009120.00
20211203,3.188,3.300,3.188,3.262,441698468,719969536.00
20211206,3.262,3.270,3.188,3.202,214640964,346293408.00
20211207,3.208,3.224,3.092,3.120,469826752,734417984.00
20211208,3.124,3.198,3.122,3.196,321240990,510139296.00
20211209,3.200,3.220,3.180,3.206,220882224,353848480.00
20211210,3.200,3.208,3.160,3.190,167354601,266238832.00
20211213,3.188,3.214,3.156,3.204,187622626,299175104.00
20211214,3.184,3.204,3.168,3.184,182755943,291048960.00
20211215,3.180,3.200,3.140,3.144,147360657,233276080.00
20211216,3.160,3.174,3.126,3.138,178239657,280093632.00
20211217,3.118,3.120,3.042,3.042,357267856,547426624.00
20211220,3.028,3.062,2.982,2.988,400344459,601889344.00
20211221,2.990,3.018,2.968,3.010,184271712,275643040.00
20211222,3.028,3.086,3.024,3.042,257924604,393769024.00
20211223,3.044,3.066,3.028,3.048,141370300,215497712.00
20211224,3.050,3.086,3.030,3.044,179444600,273917632.00
20211227,3.034,3.060,3.014,3.026,125370359,190220176.00
20211228,3.044,3.058,3.008,3.044,120922767,183184064.00
20211229,3.036,3.046,2.980,2.998,186117860,279841472.00
20211230,2.998,3.094,2.994,3.074,269007137,411936832.00
20211231,3.070,3.074,3.038,3.072,138203492,211259936.00
20220104,3.078,3.084,2.978,3.008,238557704,358789632.00
20220105,3.000,3.008,2.868,2.884,298382201,433838400.00
20220106,2.864,2.888,2.820,2.866,195157917,278759424.00
20220107,2.868,2.906,2.826,2.836,209206484,298863072.00
20220110,2.818,2.826,2.760,2.802,210622601,294389536.00
20220111,2.792,2.798,2.736,2.740,196299306,271241728.00
20220112,2.754,2.800,2.742,2.786,166765341,230817952.00
20220113,2.786,2.790,2.732,2.734,215650901,296478528.00
20220114,2.712,2.806,2.710,2.778,217761360,302625472.00
20220117,2.780,2.850,2.780,2.842,187087300,264629232.00
20220118,2.838,2.914,2.826,2.866,202071900,290869984.00
20220119,2.852,2.870,2.812,2.824,123862360,175597440.00
20220120,2.822,2.852,2.788,2.790,166625000,234803040.00
20220121,2.780,2.792,2.736,2.740,190198827,262686480.00
20220124,2.736,2.792,2.732,2.788,136016100,188189568.00
20220125,2.770,2.798,2.714,2.716,176710900,243715504.00
20220126,2.714,2.762,2.700,2.740,153275360,209155024.00
20220127,2.732,2.746,2.636,2.642,205426739,275795776.00
20220128,2.650,2.664,2.586,2.588,165447981,216792848.00
20220207,2.630,2.678,2.594,2.604,141534394,186225696.00
20220208,2.600,2.600,2.488,2.528,186833900,236163616.00
20220209,2.520,2.554,2.488,2.552,159946100,201870928.00
20220210,2.562,2.580,2.536,2.552,180339400,230591264.00
20220211,2.540,2.564,2.500,2.514,195734900,248222656.00
20220214,2.488,2.526,2.454,2.486,146192400,181967344.00
20220215,2.494,2.590,2.490,2.586,237121178,302267840.00
20220216,2.598,2.610,2.560,2.568,142703400,184004096.00
20220217,2.552,2.620,2.550,2.588,235324784,304858624.00
20220218,2.562,2.584,2.556,2.568,132531200,170046896.00
20220221,2.562,2.578,2.546,2.552,112962600,144432960.00
20220222,2.542,2.576,2.494,2.566,201848009,256315568.00
20220223,2.564,2.720,2.562,2.720,349368830,466047552.00
20220224,2.720,2.738,2.646,2.694,383094053,515712704.00
20220225,2.740,2.762,2.700,2.712,274165655,374180288.00
20220228,2.712,2.748,2.698,2.728,220694700,300692864.00
20220301,2.726,2.742,2.710,2.732,163609700,222909296.00
20220302,2.714,2.714,2.666,2.688,182256300,244548912.00
20220303,2.704,2.714,2.628,2.630,229841659,305374368.00
20220304,2.604,2.710,2.600,2.654,271120047,361680128.00
20220307,2.632,2.642,2.534,2.542,257438988,331607552.00
20220308,2.542,2.612,2.500,2.548,324571400,416176480.00
20220309,2.570,2.620,2.470,2.590,415966979,533563072.00
20220310,2.660,2.676,2.590,2.594,506186599,663100800.00
20220311,2.544,2.600,2.524,2.600,306756523,393596416.00
20220314,2.560,2.578,2.506,2.510,233758268,297411328.00
20220315,2.468,2.548,2.422,2.424,341588507,422590432.00
20220316,2.470,2.552,2.384,2.548,471391958,581430720.00
20220317,2.594,2.640,2.576,2.586,470561078,613116288.00
20220318,2.572,2.590,2.538,2.564,368054312,471582272.00
20220321,2.564,2.600,2.550,2.586,232740064,299691040.00
20220322,2.566,2.586,2.532,2.544,210550500,269151488.00
20220323,2.550,2.556,2.514,2.540,206496200,261855728.00
20220324,2.516,2.520,2.464,2.472,268367732,333052640.00
20220325,2.492,2.520,2.446,2.446,273760607,339131904.00
20220328,2.414,2.440,2.402,2.416,238689027,288299264.00
20220329,2.416,2.432,2.352,2.356,312473240,372685472.00
20220330,2.370,2.406,2.364,2.402,301632453,360091584.00
20220331,2.392,2.392,2.338,2.348,237204500,279508160.00
20220401,2.322,2.374,2.316,2.346,233775200,274014944.00
20220406,2.338,2.338,2.252,2.276,424720717,483155904.00
20220407,2.254,2.284,2.222,2.222,285847980,320802400.00
20220408,2.226,2.258,2.184,2.226,348751823,387658080.00
20220411,2.198,2.200,2.094,2.102,344186831,368286624.00
20220412,2.090,2.124,2.062,2.120,340097206,357117440.00
20220413,2.104,2.108,2.060,2.062,323170500,337505376.00
20220414,2.078,2.132,2.042,2.116,440222900,459454272.00
20220415,2.074,2.134,2.060,2.112,373325700,393327840.00
20220418,2.100,2.196,2.094,2.194,428009900,462472608.00
20220419,2.186,2.196,2.136,2.140,270842754,292007520.00
20220420,2.142,2.164,2.106,2.116,271919400,290308480.00
20220421,2.100,2.152,2.062,2.070,305145300,322094272.00
20220422,2.050,2.082,2.008,2.016,316556739,322702560.00
20220425,1.972,1.982,1.866,1.868,351567322,340803040.00
20220426,1.868,1.898,1.810,1.814,279132600,259795392.00
20220427,1.784,1.946,1.784,1.932,492245281,458243552.00
20220428,1.916,1.942,1.886,1.914,382204456,365089280.00
20220429,1.940,2.000,1.910,1.986,342370018,333872416.00
20220505,1.976,2.032,1.952,1.998,284099283,284713408.00
20220506,1.936,1.976,1.932,1.944,278240286,271042624.00
20220509,1.928,1.956,1.914,1.928,161481186,156079904.00
20220510,1.898,2.028,1.892,1.994,350720515,348021216.00
20220511,1.996,2.118,1.990,2.070,520206332,539334912.00
20220512,2.056,2.118,2.052,2.092,417628134,435355520.00
20220513,2.102,2.110,2.064,2.086,260831869,271747136.00
20220516,2.100,2.120,2.050,2.056,205447332,213421280.00
20220517,2.052,2.138,2.048,2.136,336135491,354636832.00
20220518,2.140,2.164,2.130,2.144,276098806,296193280.00
20220519,2.102,2.178,2.100,2.174,331570890,356537056.00
20220520,2.174,2.198,2.146,2.184,248542590,270128864.00
20220523,2.190,2.204,2.160,2.200,220150915,240459920.00
20220524,2.190,2.218,2.104,2.108,362700100,392216768.00
20220525,2.100,2.140,2.090,2.108,208317700,219724000.00
20220526,2.108,2.114,2.054,2.092,280986700,293192448.00
20220527,2.108,2.136,2.066,2.080,198833000,209156272.00
20220530,2.090,2.124,2.064,2.108,199969400,209497424.00
20220531,2.098,2.154,2.062,2.154,316458208,333061472.00
20220601,2.140,2.174,2.132,2.150,220036300,236689760.00
20220602,2.142,2.248,2.138,2.244,390552002,430930528.00
20220606,2.246,2.308,2.228,2.306,263029885,299922560.00
20220607,2.300,2.300,2.242,2.262,345390114,391539200.00
20220608,2.250,2.282,2.214,2.252,281469061,316288512.00
20220609,2.240,2.246,2.164,2.176,318008222,349912768.00
20220610,2.152,2.218,2.146,2.216,275629724,301838976.00
20220613,2.186,2.210,2.162,2.188,271343500,296521504.00
20220614,2.162,2.164,2.074,2.138,426681648,451014688.00
20220615,2.136,2.198,2.130,2.162,384973603,418027360.00
20220616,2.162,2.232,2.158,2.198,375507152,414102112.00
20220617,2.172,2.194,2.142,2.190,323956134,352146752.00
20220620,2.200,2.254,2.186,2.220,472578890,524477984.00
20220621,2.218,2.220,2.170,2.192,344338890,377750080.00
20220622,2.194,2.200,2.120,2.122,401774105,432452896.00
20220623,2.122,2.176,2.118,2.174,312990801,336510880.00
20220624,2.176,2.226,2.166,2.208,394253554,433489952.00
20220627,2.216,2.258,2.216,2.234,365584815,409189856.00
20220628,2.236,2.334,2.192,2.332,693354910,783449408.00
20220629,2.320,2.368,2.278,2.284,656586835,765976128.00
20220630,2.288,2.350,2.280,2.334,506664841,586754880.00
20220701,2.334,2.362,2.310,2.336,398935527,465587520.00
20220704,2.286,2.286,2.222,2.252,645186800,723992128.00
20220705,2.240,2.278,2.210,2.246,437270900,491118208.00
20220706,2.242,2.338,2.240,2.282,626723557,719849728.00
20220707,2.280,2.296,2.240,2.272,335415324,379760320.00
20220708,2.286,2.336,2.282,2.292,416591221,480892416.00
20220711,2.270,2.272,2.210,2.224,348585318,389303584.00
20220712,2.224,2.236,2.146,2.148,400847398,436509760.00
20220713,2.148,2.162,2.100,2.122,326301322,346676160.00
20220714,2.114,2.166,2.104,2.144,310862324,333549632.00
20220715,2.140,2.192,2.134,2.142,340062448,367972736.00
20220718,2.138,2.154,2.090,2.142,293990878,311088032.00
20220719,2.140,2.148,2.100,2.122,286903100,304133056.00
20220720,2.138,2.172,2.138,2.152,273431501,295060736.00
20220721,2.146,2.234,2.132,2.194,446125767,492186528.00
20220722,2.210,2.218,2.154,2.170,250970867,273571136.00
20220725,2.160,2.188,2.136,2.142,214969930,231829744.00
20220726,2.136,2.152,2.114,2.150,241081600,257439600.00
20220727,2.148,2.150,2.122,2.130,189203255,202005280.00
20220728,2.148,2.204,2.148,2.182,407994590,444713120.00
20220729,2.176,2.180,2.122,2.122,306243949,328470720.00
20220801,2.102,2.154,2.064,2.154,309308346,327604096.00
20220802,2.122,2.186,2.102,2.140,375483208,403542688.00
20220803,2.150,2.262,2.142,2.218,695117922,766692480.00
20220804,2.226,2.274,2.220,2.256,404568286,454974848.00
20220805,2.264,2.426,2.250,2.420,897031873,1058633344.00
20220808,2.448,2.448,2.366,2.402,626156301,750500928.00
20220809,2.366,2.420,2.322,2.414,779450945,918417088.00
20220810,2.370,2.440,2.358,2.384,631474265,760815296.00
20220811,2.392,2.444,2.392,2.422,526638086,636977664.00
20220812,2.404,2.428,2.364,2.366,335074191,401777856.00
20220815,2.356,2.386,2.344,2.352,284704523,335607808.00
20220816,2.346,2.370,2.320,2.330,377051941,441377568.00
20220817,2.322,2.346,2.302,2.336,354965200,412491328.00
20220818,2.334,2.382,2.314,2.370,546225726,643023680.00
20220819,2.360,2.412,2.306,2.308,379654273,446554528.00
20220822,2.296,2.322,2.272,2.310,280175960,322672096.00
20220823,2.300,2.322,2.284,2.290,211067379,242627744.00
20220824,2.292,2.298,2.182,2.184,541893781,601346368.00
20220825,2.190,2.202,2.144,2.176,318502300,345437280.00
20220826,2.180,2.188,2.134,2.142,415842000,448198016.00
20220829,2.106,2.164,2.102,2.146,275077600,295160128.00
20220830,2.144,2.182,2.140,2.158,278810974,301030784.00
20220831,2.150,2.168,2.112,2.132,326502224,348647712.00
20220901,2.138,2.172,2.104,2.110,341676591,365885120.00
20220902,2.116,2.152,2.104,2.138,302495641,322527872.00
20220905,2.128,2.142,2.086,2.118,313475741,331997184.00
20220906,2.124,2.144,2.110,2.142,297239041,316218848.00
20220907,2.150,2.216,2.146,2.190,448103397,490160096.00
20220908,2.186,2.196,2.168,2.168,209872000,228534992.00
20220909,2.172,2.176,2.136,2.160,234492600,252096144.00
20220913,2.164,2.196,2.152,2.158,203439600,220636224.00
20220914,2.126,2.170,2.120,2.164,269418034,289066688.00
20220915,2.168,2.172,2.066,2.092,428890900,452067488.00
20220916,2.080,2.120,2.070,2.072,347490900,364542208.00
20220919,2.068,2.096,2.024,2.030,255579408,262695936.00
20220920,2.038,2.050,2.006,2.020,254168400,257122064.00
20220921,2.010,2.014,1.970,1.980,307952517,305533728.00
20220922,1.966,1.994,1.958,1.968,206273500,203863312.00
20220923,1.968,1.978,1.908,1.918,293094982,283477408.00
20220926,1.904,1.948,1.900,1.922,246034101,236957168.00
20220927,1.926,1.962,1.918,1.960,240453746,233805888.00
20220928,1.956,1.956,1.904,1.906,224410846,216472880.00
20220929,1.924,1.940,1.898,1.910,194515616,186412112.00
20220930,1.900,1.914,1.858,1.862,216667860,204464624.00
20221010,1.848,1.848,1.722,1.728,434831962,384399808.00
20221011,1.720,1.732,1.696,1.708,284608400,243383616.00
20221012,1.700,1.774,1.682,1.770,417885339,359134560.00
20221013,1.760,1.796,1.746,1.764,300187400,266661680.00
20221014,1.788,1.816,1.760,1.810,366125465,328416768.00
20221017,1.796,1.858,1.784,1.852,365803917,335216544.00
20221018,1.860,1.864,1.822,1.836,217044271,199248288.00
20221019,1.828,1.852,1.820,1.822,227420900,208388992.00
20221020,1.810,1.928,1.806,1.908,575647578,539064960.00
20221021,1.884,1.904,1.850,1.880,448060145,419337760.00
20221024,1.872,1.932,1.862,1.874,381800959,363388064.00
20221025,1.860,1.898,1.844,1.866,301003600,281535680.00
20221026,1.862,1.938,1.846,1.926,354824200,337736832.00
20221027,1.918,1.970,1.902,1.930,338418301,326786368.00
20221028,1.912,1.976,1.890,1.898,416348426,403410720.00
20221031,1.888,1.954,1.872,1.938,373074169,360606016.00
20221101,1.938,1.968,1.918,1.960,341989197,332157216.00
20221102,1.956,1.994,1.944,1.970,332824518,328590592.00
20221103,1.950,2.038,1.942,2.032,388326037,389667744.00
20221104,2.026,2.062,2.010,2.056,388413562,395046592.00
20221107,2.052,2.074,2.020,2.028,329099853,336245536.00
20221108,2.030,2.040,1.986,1.998,365779070,365881184.00
20221109,2.000,2.012,1.980,1.984,228014419,227318352.00
20221110,1.966,1.992,1.924,1.928,358869200,350180672.00
20221111,1.998,2.026,1.946,1.948,426703601,423307584.00
20221114,1.952,1.996,1.932,1.968,338361834,333087072.00
20221115,1.958,2.098,1.958,2.096,725401636,741470272.00
20221116,2.096,2.100,2.054,2.066,422053060,438009856.00
20221117,2.050,2.110,2.006,2.100,585862796,600561600.00
20221118,2.080,2.116,2.038,2.046,482845752,500540416.00
20221121,2.026,2.056,2.012,2.030,342382600,347104832.00
20221122,2.028,2.056,2.000,2.008,318109100,322433248.00
20221123,2.004,2.018,1.958,1.998,304561900,302750272.00
20221124,2.000,2.014,1.972,1.976,254501000,252754704.00
20221125,1.974,2.014,1.960,1.964,311095200,308163200.00
20221128,1.928,1.950,1.916,1.936,362812342,350818176.00
20221129,1.936,1.978,1.924,1.968,360369901,351788576.00
20221130,1.968,1.980,1.944,1.958,295807251,289729920.00
20221201,1.990,2.014,1.980,1.984,405455324,404952704.00
20221202,1.974,2.000,1.970,1.970,259972524,257679872.00
20221205,1.984,1.992,1.960,1.986,329094736,325257792.00
20221206,1.982,2.046,1.978,2.024,544837940,549735680.00
20221207,2.016,2.018,2.000,2.004,308349565,309664736.00
20221208,2.006,2.008,1.972,1.974,308759152,306505888.00
20221209,1.976,2.012,1.976,1.994,682432694,681276416.00
20221212,1.996,2.054,1.980,2.036,487969730,493439712.00
20221213,2.024,2.030,2.000,2.004,306203363,308044320.00
20221214,2.072,2.080,1.998,2.002,618021958,628439296.00
20221215,1.992,2.052,1.980,2.030,497573160,505218976.00
20221216,2.012,2.014,1.980,1.988,434508700,432544384.00
20221219,1.980,1.992,1.928,1.934,358261037,350820992.00
20221220,1.922,1.958,1.922,1.938,282291387,273990816.00
20221221,1.936,1.950,1.892,1.908,308534100,295924384.00
20221222,1.916,1.920,1.868,1.874,308666692,292127296.00
20221223,1.852,1.866,1.820,1.836,344712093,317794688.00
20221226,1.832,1.888,1.828,1.882,278548853,260497712.00
20221227,1.882,1.914,1.870,1.910,273419629,258677216.00
20221228,1.890,1.906,1.882,1.884,204327301,193285056.00
20221229,1.874,1.904,1.870,1.884,231091606,218160320.00
20221230,1.894,1.904,1.866,1.868,257381206,241740128.00
20230103,1.868,1.898,1.846,1.896,293875426,275586368.00
20230104,1.896,1.922,1.872,1.884,279978200,264916160.00
20230105,1.884,1.908,1.870,1.900,351869893,332902176.00
20230106,1.894,1.918,1.880,1.898,380880900,361847552.00
20230109,1.904,1.936,1.896,1.908,392720200,375876384.00
20230110,1.908,1.948,1.900,1.926,442137300,425873280.00
20230111,1.928,1.956,1.900,1.904,392732347,378985792.00
20230112,1.906,1.910,1.886,1.898,283897900,269374144.00
20230113,1.904,1.906,1.882,1.902,318144200,301165408.00
20230116,1.882,1.970,1.880,1.958,638325894,618006912.00
20230117,1.964,2.022,1.960,2.004,562477755,562819072.00
20230118,2.006,2.016,1.992,2.002,312110662,312879968.00
20230119,2.000,2.050,1.994,2.046,463794200,470850880.00
20230120,2.050,2.058,2.038,2.056,259712210,266087600.00
20230130,2.078,2.088,2.042,2.054,470541106,484591616.00
20230131,2.054,2.054,1.996,2.002,437100136,440237376.00
20230201,2.002,2.042,2.002,2.032,477649110,483444192.00
20230202,2.048,2.100,2.044,2.066,621430826,643123968.00
20230203,2.054,2.090,2.034,2.072,559263353,575813056.00
20230206,2.056,2.074,2.036,2.044,381919233,391212800.00
20230207,2.042,2.052,2.024,2.040,301242241,306271776.00
20230208,2.044,2.068,2.012,2.016,349653710,355839392.00
20230209,2.006,2.100,1.992,2.100,742586144,762895872.00
20230210,2.092,2.116,2.070,2.090,519125050,543423360.00
20230213,2.078,2.110,2.062,2.096,358895273,374796544.00
20230214,2.100,2.136,2.072,2.088,388171560,407626048.00
20230215,2.092,2.112,2.066,2.112,404776100,423443392.00
20230216,2.102,2.132,2.036,2.054,638013281,666534208.00
20230217,2.050,2.056,1.984,1.984,711424117,716912704.00
20230220,1.982,2.012,1.966,2.012,535932128,532510560.00
20230221,2.010,2.024,1.982,2.002,398684256,399662912.00
20230222,1.988,2.010,1.982,1.998,317067700,316104544.00
20230223,2.000,2.004,1.984,1.994,312465800,311761344.00
20230224,2.004,2.014,1.980,1.988,347574305,346876864.00
20230227,1.976,1.984,1.944,1.950,445710990,436972960.00
20230228,1.956,1.970,1.938,1.962,300149488,293321088.00
20230301,1.960,1.986,1.954,1.982,426848510,421139008.00
20230302,1.986,2.000,1.962,1.964,364298850,360463168.00
20230303,1.994,2.020,1.980,2.014,653287860,655081536.00
20230306,2.010,2.038,1.990,2.022,484912705,487995008.00
20230307,2.016,2.026,1.964,1.966,592480800,590537600.00
20230308,1.962,1.986,1.958,1.982,336833234,332836224.00
20230309,1.982,2.026,1.982,2.000,463589634,464930624.00
20230310,1.984,2.024,1.978,1.990,454554800,454735008.00
20230313,1.982,2.002,1.968,1.992,349511976,346351104.00
20230314,1.986,2.060,1.970,2.054,868758498,876735168.00
20230315,2.060,2.094,2.044,2.048,558277685,576456512.00
20230316,2.030,2.070,2.026,2.032,549589608,563079424.00
20230317,2.056,2.086,2.032,2.072,601297981,619993024.00
20230320,2.068,2.136,2.054,2.118,693674776,731043968.00
20230321,2.112,2.124,2.088,2.114,447968498,471388480.00
20230322,2.112,2.126,2.096,2.120,403647138,426089120.00
20230323,2.110,2.214,2.106,2.212,911124363,990068480.00
20230324,2.212,2.220,2.164,2.194,719214900,788216640.00
20230327,2.192,2.204,2.142,2.164,532349633,577936448.00
20230328,2.152,2.164,2.096,2.100,537596400,570884928.00
20230329,2.100,2.198,2.086,2.168,725969358,777712768.00
20230330,2.174,2.220,2.162,2.192,788429839,865546880.00
20230331,2.194,2.214,2.174,2.212,441533243,485241856.00
20230403,2.244,2.332,2.244,2.330,787299516,900138496.00
20230404,2.324,2.420,2.310,2.364,932612987,1107453312.00
20230406,2.352,2.536,2.346,2.462,1034075112,1273464320.00
20230407,2.478,2.520,2.440,2.500,691974059,856698944.00
20230410,2.502,2.534,2.394,2.406,878765414,1080812416.00
20230411,2.406,2.448,2.358,2.412,728496903,875087104.00
20230412,2.400,2.462,2.374,2.442,612346252,743855488.00
20230413,2.420,2.442,2.346,2.356,678349308,808675776.00
20230414,2.384,2.468,2.314,2.466,1057263070,1267011328.00
20230417,2.464,2.480,2.426,2.442,594033821,727924480.00
20230418,2.420,2.426,2.352,2.392,725562076,864045056.00
20230419,2.398,2.446,2.384,2.394,570944658,689152768.00
20230420,2.378,2.466,2.378,2.460,731688517,892482688.00
20230421,2.456,2.458,2.320,2.320,796699250,944556160.00
20230424,2.296,2.324,2.232,2.254,652416703,739835968.00
20230425,2.256,2.272,2.174,2.204,753387000,836377536.00
20230426,2.184,2.200,2.120,2.142,1064906379,1148141696.00
20230427,2.128,2.190,2.122,2.144,932822919,1002995072.00
20230428,2.126,2.196,2.124,2.178,1051503867,1141321856.00
20230504,2.160,2.172,2.114,2.122,608386531,647932416.00
20230505,2.118,2.144,2.090,2.094,518385724,547525760.00
20230508,2.090,2.126,2.078,2.102,705197500,740966976.00
20230509,2.100,2.112,2.056,2.058,947402058,986960128.00
20230510,2.054,2.066,2.010,2.034,702211505,713553984.00
20230511,2.052,2.064,2.040,2.046,427251118,438081312.00
20230512,2.054,2.086,2.020,2.022,584286146,599458560.00
20230515,2.012,2.044,2.000,2.040,583312016,588895104.00
20230516,2.050,2.080,2.024,2.060,616564237,633102016.00
20230517,2.052,2.096,2.046,2.078,526969446,547602048.00
20230518,2.084,2.098,2.076,2.084,527242553,550243136.00
20230519,2.094,2.140,2.090,2.128,831947890,882613376.00
20230522,2.140,2.154,2.090,2.106,582746839,614775616.00
20230523,2.096,2.098,2.054,2.058,460424546,478133952.00
20230524,2.048,2.096,2.034,2.064,656865002,678099072.00
20230525,2.072,2.094,2.048,2.086,572051300,592916736.00
20230526,2.090,2.128,2.090,2.124,770076921,814185856.00
20230529,2.142,2.166,2.120,2.130,590930090,633448768.00
20230530,2.120,2.154,2.100,2.146,686463024,727786432.00
20230531,2.136,2.162,2.126,2.162,562625360,604315328.00
20230601,2.148,2.176,2.136,2.152,428778486,461655168.00
20230602,2.160,2.166,2.126,2.150,493565970,530064576.00
20230605,2.160,2.200,2.148,2.148,528403682,574082944.00
20230606,2.138,2.140,2.080,2.086,551285987,581841152.00
20230607,2.086,2.112,2.080,2.098,388010935,406468992.00
20230608,2.084,2.086,2.046,2.052,502169338,516743040.00
20230609,2.054,2.082,2.030,2.080,547269620,560766144.00
20230612,2.074,2.100,2.066,2.080,344094584,358883488.00
20230613,2.082,2.150,2.066,2.136,769925700,814439424.00
20230614,2.134,2.144,2.120,2.132,466548178,497401856.00
20230615,2.140,2.144,2.106,2.120,412797500,437464256.00
20230616,2.120,2.144,2.106,2.140,573703100,609772864.00
20230619,2.136,2.156,2.120,2.148,491100975,526245152.00
20230620,2.140,2.154,2.120,2.136,375681977,401324352.00
20230621,2.126,2.130,2.050,2.056,745400500,773531904.00
20230626,2.036,2.062,2.000,2.034,638104900,646602944.00
20230627,2.032,2.054,2.016,2.030,404448926,410228384.00
20230628,2.030,2.050,1.990,2.020,515855628,520998592.00
20230629,2.018,2.046,2.006,2.014,476546545,481852768.00
20230630,2.006,2.036,1.996,2.028,442837294,447800256.00
20230703,2.034,2.056,2.020,2.040,477646598,485874080.00
20230704,2.042,2.110,2.028,2.086,750760457,778267520.00
20230705,2.076,2.094,2.060,2.064,348720500,361914912.00
20230706,2.056,2.084,2.052,2.064,318080600,328924896.00
20230707,2.052,2.054,2.018,2.030,409631200,416490432.00
20230710,2.032,2.054,2.028,2.036,306677300,312606496.00
20230711,2.036,2.090,2.034,2.088,612220972,634661888.00
20230712,2.086,2.088,2.030,2.036,524764857,539969536.00
20230713,2.046,2.082,2.046,2.072,460195464,475921440.00
20230714,2.082,2.108,2.076,2.078,416189166,434286080.00
20230717,2.066,2.070,2.050,2.062,279666854,287714304.00
20230718,2.068,2.094,2.058,2.060,376615785,390772768.00
20230719,2.056,2.070,2.026,2.038,557625285,569655744.00
20230720,2.042,2.044,1.998,2.002,522404300,526896896.00
20230721,1.994,2.012,1.982,1.988,445893391,444710816.00
20230724,1.986,1.998,1.974,1.976,315578260,313215008.00
20230725,1.994,2.010,1.984,2.008,477820500,477223456.00
20230726,2.008,2.020,1.998,2.008,290415800,291573344.00
20230727,2.006,2.008,1.970,1.974,525471600,522766720.00
20230728,1.972,1.992,1.962,1.988,500864409,495688672.00
20230731,1.988,2.018,1.980,2.014,529399300,530546176.00
20230801,2.014,2.022,2.002,2.018,366586034,368902336.00
20230802,2.010,2.034,2.010,2.022,429331557,434191840.00
20230803,2.016,2.030,2.006,2.026,377594678,381632224.00
20230804,2.032,2.038,2.002,2.016,467163748,471529504.00
20230807,2.016,2.020,2.000,2.004,343435040,344459808.00
20230808,2.002,2.014,1.992,1.994,468522500,468941280.00
20230809,1.990,1.994,1.974,1.976,361661900,358296096.00
20230810,1.976,1.992,1.972,1.982,272019200,269315296.00
20230811,1.986,1.986,1.938,1.942,420796600,411938304.00
20230814,1.926,1.928,1.902,1.926,497137332,475952224.00
20230815,1.926,1.932,1.856,1.874,622406684,585603520.00
20230816,1.868,1.882,1.832,1.834,473457500,439287424.00
20230817,1.826,1.858,1.820,1.848,347097337,319423520.00
20230818,1.856,1.862,1.824,1.826,291000400,268430976.00
20230821,1.826,1.836,1.800,1.802,358268500,325626592.00
20230822,1.810,1.830,1.776,1.830,433969867,391011584.00
20230823,1.820,1.822,1.780,1.784,316729200,285407616.00
20230824,1.796,1.832,1.786,1.816,386188637,349674336.00
20230825,1.804,1.804,1.762,1.774,385840900,344313984.00
20230828,1.878,1.894,1.780,1.788,485815300,443616160.00
20230829,1.786,1.864,1.780,1.860,590827589,541235264.00
20230830,1.890,1.936,1.880,1.906,962391669,918476928.00
20230831,1.896,1.932,1.884,1.920,538926570,515255168.00
20230901,1.924,1.946,1.890,1.908,361845999,346268960.00
20230904,1.914,1.934,1.894,1.934,370345950,353508384.00
20230905,1.940,1.958,1.916,1.926,593048309,574620928.00
20230906,1.920,1.972,1.912,1.966,581374076,565298752.00
20230907,1.952,1.952,1.890,1.890,509429882,488068352.00
20230908,1.880,1.916,1.878,1.906,395150289,375742272.00
20230911,1.902,1.922,1.888,1.908,320290799,305465536.00
20230912,1.908,1.910,1.884,1.890,239713601,226832784.00
20230913,1.888,1.900,1.850,1.868,400215800,374697152.00
20230914,1.866,1.872,1.830,1.840,381479501,351744480.00
20230915,1.848,1.894,1.824,1.862,433178633,402614688.00
20230918,1.856,1.860,1.832,1.836,315533500,290829888.00
20230919,1.836,1.844,1.808,1.826,315148800,287595232.00
20230920,1.818,1.834,1.800,1.802,253590400,229920960.00
20230921,1.792,1.812,1.790,1.796,241437600,217169168.00
20230922,1.790,1.838,1.784,1.836,353280900,320753920.00
20230925,1.838,1.838,1.814,1.818,252372126,229760048.00
20230926,1.816,1.822,1.798,1.800,245805200,222090928.00
20230927,1.798,1.826,1.796,1.802,356687976,322254528.00
20230928,1.806,1.836,1.794,1.824,314681000,285432864.00
20231009,1.820,1.842,1.808,1.836,317227914,290013760.00
20231010,1.838,1.862,1.836,1.848,320763378,297099680.00
20231011,1.852,1.884,1.846,1.878,371936078,347424448.00
20231012,1.886,1.894,1.864,1.890,330148398,310376000.00
20231013,1.876,1.898,1.870,1.886,270450300,254847424.00
20231016,1.884,1.884,1.824,1.834,339550200,313114688.00
20231017,1.830,1.856,1.820,1.848,289198200,265959424.00
20231018,1.844,1.868,1.822,1.824,291226385,268224848.00
20231019,1.812,1.878,1.810,1.842,446701950,414588800.00
20231020,1.834,1.846,1.804,1.806,359596074,327841664.00
20231023,1.800,1.804,1.754,1.764,383504999,339846144.00
20231024,1.774,1.810,1.748,1.800,376430428,335625472.00
20231025,1.810,1.814,1.788,1.800,464386600,417905152.00
20231026,1.792,1.806,1.778,1.802,231070753,207075056.00
20231027,1.790,1.852,1.786,1.842,442377889,403274112.00
20231030,1.844,1.928,1.842,1.922,828388734,787672512.00
20231031,1.930,1.946,1.900,1.920,361718051,347069792.00
20231101,1.922,1.930,1.902,1.910,271171323,259727328.00
20231102,1.916,1.924,1.880,1.890,287487900,273159136.00
20231103,1.888,1.938,1.886,1.934,394095600,377429088.00
20231106,1.948,1.984,1.940,1.970,582597800,572564160.00
20231107,1.962,1.988,1.956,1.978,471914100,465741728.00
20231108,1.976,2.002,1.968,1.982,432989577,429409088.00
20231109,1.976,1.992,1.952,1.958,320988900,315581056.00
20231110,1.946,1.976,1.942,1.948,259186726,253529088.00
20231113,1.962,1.968,1.940,1.954,253318738,247005824.00
20231114,1.952,1.976,1.944,1.972,321541338,316035808.00
20231115,1.994,2.000,1.962,1.966,360413500,356703296.00
20231116,1.962,1.962,1.928,1.930,392644800,381330048.00
20231117,1.926,1.948,1.924,1.938,292029905,282547584.00
20231120,1.946,1.952,1.916,1.930,266668094,257069328.00
20231121,1.932,1.942,1.902,1.906,312710200,300361376.00
20231122,1.906,1.906,1.874,1.876,329611390,311250048.00
20231123,1.876,1.898,1.864,1.894,322752537,303616896.00
20231124,1.892,1.892,1.862,1.864,279516360,261653600.00
20231127,1.862,1.892,1.858,1.890,366929574,344546272.00
20231128,1.888,1.900,1.876,1.892,235187201,221951888.00
20231129,1.894,1.916,1.890,1.892,266245388,253310176.00
20231130,1.890,1.890,1.870,1.888,198441163,186664576.00
20231201,1.888,1.898,1.866,1.896,266847391,250960768.00
20231204,1.898,1.904,1.874,1.876,207075900,195460944.00
20231205,1.870,1.870,1.816,1.820,300109100,276127488.00
20231206,1.816,1.836,1.814,1.820,257636100,234825040.00
20231207,1.820,1.822,1.790,1.800,312270300,281028480.00
20231208,1.804,1.828,1.796,1.820,332307285,301542624.00
20231211,1.814,1.860,1.802,1.860,363652776,333345600.00
20231212,1.854,1.866,1.842,1.854,218886313,202719280.00
20231213,1.854,1.864,1.830,1.834,239241083,220879744.00
20231214,1.844,1.854,1.826,1.826,255074409,234489744.00
20231215,1.834,1.836,1.810,1.814,211813600,192832512.00
20231218,1.804,1.806,1.782,1.786,257083406,230678016.00
20231219,1.786,1.822,1.780,1.808,241195800,217386016.00
20231220,1.814,1.814,1.784,1.786,181532595,163044368.00
20231221,1.780,1.814,1.770,1.802,280351599,250685200.00
20231222,1.800,1.804,1.770,1.780,308560500,275483456.00
20231225,1.774,1.786,1.758,1.766,244264072,215709312.00
20231226,1.762,1.764,1.716,1.724,395257933,342275264.00
20231227,1.728,1.760,1.726,1.752,325101286,284140096.00
20231228,1.752,1.796,1.740,1.786,350667731,311122336.00
20231229,1.784,1.804,1.782,1.794,266740186,239145808.00
20240102,1.794,1.796,1.762,1.762,258324700,228667440.00
20240103,1.760,1.764,1.720,1.730,369017660,320165760.00
20240104,1.728,1.730,1.690,1.704,330148064,281304512.00
20240105,1.700,1.716,1.662,1.678,285628400,241016816.00
20240108,1.674,1.674,1.618,1.620,411455957,336436544.00
20240109,1.626,1.642,1.604,1.618,348869281,283683072.00
20240110,1.612,1.628,1.586,1.600,317852800,254672112.00
20240111,1.600,1.632,1.596,1.624,539687484,436681984.00
20240112,1.620,1.622,1.592,1.594,288480050,231871088.00
20240115,1.586,1.626,1.580,1.602,345361755,277299712.00
20240116,1.598,1.610,1.576,1.600,299901561,238818752.00
20240117,1.600,1.602,1.556,1.558,256938449,202776832.00
20240118,1.550,1.592,1.528,1.590,485783200,377043552.00
20240119,1.586,1.606,1.580,1.586,269290800,214497920.00
20240122,1.582,1.586,1.516,1.524,330100131,256528640.00
20240123,1.524,1.552,1.508,1.544,351827600,270075616.00
20240124,1.548,1.554,1.484,1.538,425217432,322287136.00
20240125,1.534,1.574,1.518,1.568,446112445,346244192.00
20240126,1.556,1.556,1.512,1.516,566465444,433655104.00
20240129,1.518,1.540,1.476,1.476,337215600,252845376.00
20240130,1.464,1.476,1.410,1.416,452033479,325283136.00
20240131,1.414,1.418,1.376,1.380,482935996,337074336.00
20240201,1.370,1.426,1.362,1.398,474337304,331483136.00
20240202,1.394,1.406,1.302,1.342,460419300,312665120.00
20240205,1.326,1.360,1.256,1.328,560133244,367554592.00
20240206,1.316,1.424,1.310,1.422,480805200,331150912.00
20240207,1.422,1.470,1.414,1.456,379007341,274968704.00
20240208,1.472,1.532,1.470,1.510,414410198,312067680.00
20240219,1.552,1.552,1.500,1.530,351020900,267557600.00
20240220,1.524,1.530,1.492,1.524,277493507,209221776.00
20240221,1.508,1.554,1.498,1.528,406466847,311206656.00
20240222,1.534,1.556,1.526,1.550,280233818,216261248.00
20240223,1.558,1.566,1.536,1.554,263871669,204353040.00
20240226,1.554,1.586,1.546,1.562,337413646,263948896.00
20240227,1.558,1.638,1.546,1.636,459742736,368076512.00
20240228,1.638,1.666,1.562,1.564,470557363,380681600.00
20240229,1.558,1.666,1.556,1.666,784021604,640325504.00
20240301,1.676,1.704,1.658,1.704,656962992,553979008.00
20240304,1.712,1.720,1.674,1.708,429740805,366143328.00
20240305,1.704,1.724,1.688,1.696,355877915,303884864.00
20240306,1.690,1.696,1.652,1.674,283025531,236751360.00
20240307,1.688,1.700,1.636,1.638,351673294,292294400.00
20240308,1.646,1.682,1.636,1.678,396328300,329244576.00
20240311,1.660,1.698,1.648,1.696,368090800,308028448.00
20240312,1.696,1.736,1.686,1.704,349070900,298454880.00
20240313,1.714,1.732,1.694,1.698,288276684,246845776.00
20240314,1.686,1.692,1.650,1.672,271293800,226673536.00
20240315,1.668,1.678,1.642,1.676,220778770,183127184.00
20240318,1.680,1.720,1.674,1.720,365161361,310212736.00
20240319,1.714,1.728,1.698,1.700,245011639,209701648.00
20240320,1.700,1.708,1.676,1.696,220594800,186681504.00
20240321,1.710,1.728,1.686,1.694,290991458,248241808.00
20240322,1.696,1.714,1.676,1.676,316812210,267963040.00
20240325,1.676,1.680,1.630,1.634,280818100,232551104.00
20240326,1.640,1.656,1.606,1.614,337312150,274215072.00
20240327,1.618,1.622,1.556,1.560,314757712,249572384.00
20240328,1.562,1.610,1.554,1.584,356634573,282731072.00
20240329,1.584,1.592,1.554,1.590,240748000,189229264.00
20240401,1.600,1.616,1.592,1.612,248289600,199384560.00
20240402,1.612,1.616,1.572,1.584,262026861,208047552.00
20240403,1.584,1.592,1.552,1.566,316555615,248600016.00
20240408,1.566,1.566,1.522,1.522,265040071,204399344.00
20240409,1.522,1.542,1.512,1.542,252403256,193066624.00
20240410,1.542,1.544,1.490,1.496,272583600,205333920.00
20240411,1.490,1.526,1.488,1.498,287532800,217344432.00
20240412,1.508,1.532,1.502,1.506,273404228,207160240.00
20240415,1.512,1.544,1.504,1.534,253756660,193779616.00
20240416,1.532,1.532,1.484,1.488,261151371,196438320.00
20240417,1.502,1.546,1.496,1.544,338371600,257957760.00
20240418,1.536,1.554,1.516,1.530,250930568,192714880.00
20240419,1.522,1.522,1.476,1.482,323387587,241287440.00
20240422,1.470,1.494,1.442,1.488,212204778,156143952.00
20240423,1.488,1.498,1.470,1.480,143147300,105989304.00
20240424,1.486,1.510,1.480,1.508,236195100,176876816.00
20240425,1.496,1.528,1.490,1.506,218317800,164892688.00
20240426,1.502,1.552,1.500,1.548,302696900,232337040.00
20240429,1.558,1.616,1.554,1.608,383565500,306058272.00
20240430,1.608,1.610,1.580,1.586,287492600,228833472.00
20240506,1.610,1.624,1.598,1.602,268249300,215965136.00
20240507,1.604,1.612,1.586,1.592,200006000,159628128.00
20240508,1.592,1.592,1.562,1.568,184481300,145271104.00
20240509,1.572,1.606,1.570,1.606,286278400,228078400.00
20240510,1.608,1.610,1.566,1.576,271810300,214562384.00
20240513,1.560,1.580,1.546,1.558,202437400,158067344.00
20240514,1.564,1.576,1.548,1.558,222465800,173460384.00
20240515,1.556,1.564,1.532,1.534,269197400,208120640.00
20240516,1.544,1.552,1.532,1.536,210181699,161960784.00
20240517,1.538,1.558,1.522,1.558,261361300,201476848.00
20240520,1.556,1.576,1.548,1.562,290154000,226735232.00
20240521,1.558,1.562,1.546,1.548,160941500,124887760.00
20240522,1.548,1.558,1.532,1.556,288638109,222874992.00
20240523,1.554,1.556,1.526,1.528,240301209,184844592.00
20240524,1.526,1.536,1.486,1.488,251970200,190146272.00
20240527,1.492,1.540,1.472,1.540,585914900,442108416.00
20240528,1.542,1.584,1.534,1.538,715823994,556813440.00
20240529,1.530,1.546,1.520,1.530,256101344,196275680.00
20240530,1.526,1.574,1.510,1.564,516640850,401417376.00
20240531,1.560,1.580,1.552,1.556,246518600,192831536.00
20240603,1.558,1.596,1.556,1.584,581498000,460106272.00
20240604,1.584,1.592,1.568,1.588,406998800,321059104.00
20240605,1.586,1.618,1.582,1.594,379425000,304375328.00
20240606,1.614,1.626,1.586,1.590,624422150,502306336.00
20240607,1.596,1.616,1.568,1.588,389221048,309734784.00
20240611,1.588,1.650,1.582,1.648,600039788,487317216.00
20240612,1.646,1.660,1.634,1.640,478724047,393348064.00
20240613,1.650,1.678,1.648,1.656,436374000,362717408.00
20240614,1.648,1.654,1.630,1.650,306768100,252036688.00
20240617,1.646,1.692,1.638,1.684,362731757,303658464.00
20240618,1.684,1.702,1.672,1.682,337381674,284300224.00
20240619,1.686,1.696,1.660,1.682,387177600,324619808.00
20240620,1.676,1.726,1.674,1.684,584926900,498385184.00
20240621,1.670,1.692,1.642,1.692,387858900,323473056.00
20240624,1.682,1.708,1.640,1.648,639174000,534937280.00
20240625,1.642,1.646,1.568,1.582,602294458,482118048.00
20240626,1.586,1.624,1.570,1.618,459867000,366863168.00
20240627,1.606,1.630,1.590,1.596,292506300,235154944.00
20240628,1.598,1.620,1.586,1.598,325707736,261663136.00
20240701,1.596,1.604,1.560,1.594,275014100,217490016.00
20240702,1.594,1.594,1.562,1.566,260817956,205598384.00
20240703,1.568,1.604,1.546,1.588,341338500,268932416.00
20240704,1.586,1.596,1.560,1.564,251653800,198474208.00
20240705,1.564,1.570,1.528,1.562,327900500,253814320.00
20240708,1.574,1.592,1.556,1.562,343160000,270426912.00
20240709,1.560,1.630,1.554,1.626,517620100,414270752.00
20240710,1.620,1.636,1.614,1.624,283924900,230577360.00
20240711,1.650,1.658,1.612,1.640,466178387,381594176.00
20240712,1.628,1.660,1.616,1.648,356442100,291761536.00
20240715,1.654,1.676,1.652,1.662,346249600,287998336.00
20240716,1.654,1.716,1.650,1.710,526026948,444142784.00
20240717,1.706,1.720,1.692,1.694,364430900,311394144.00
20240718,1.668,1.710,1.642,1.698,651345800,545651520.00
20240719,1.688,1.752,1.684,1.738,633061573,548280640.00
20240722,1.746,1.762,1.730,1.742,522354998,455657696.00
20240723,1.738,1.738,1.654,1.658,525881050,444729792.00
20240724,1.652,1.678,1.632,1.640,506949241,419773984.00
20240725,1.628,1.644,1.614,1.624,370663638,301446944.00
20240726,1.626,1.646,1.608,1.638,369264700,300395680.00
20240729,1.636,1.648,1.608,1.610,281991400,229364352.00
20240730,1.604,1.630,1.588,1.628,323196056,260140000.00
20240731,1.618,1.690,1.614,1.688,465941756,387000800.00
20240801,1.694,1.720,1.676,1.698,521762218,442911488.00
20240802,1.676,1.694,1.644,1.650,394541470,329361248.00
20240805,1.628,1.650,1.574,1.578,565352500,454495232.00
20240806,1.600,1.610,1.564,1.588,348197857,275258592.00
20240807,1.586,1.594,1.566,1.570,285072100,225400432.00
20240808,1.560,1.598,1.542,1.576,327550200,257070752.00
20240809,1.600,1.608,1.574,1.576,259327157,206250464.00
20240812,1.568,1.578,1.558,1.568,186513499,146183440.00
20240813,1.568,1.582,1.560,1.580,200913900,157838640.00
20240814,1.586,1.588,1.554,1.556,215925600,169431696.00
20240815,1.548,1.586,1.546,1.566,271169218,212624512.00
20240816,1.568,1.578,1.556,1.560,212375200,166301200.00
20240819,1.560,1.578,1.552,1.560,211250400,165567760.00
20240820,1.562,1.566,1.530,1.536,245396700,189238048.00
20240821,1.532,1.550,1.524,1.528,190535497,146226912.00
20240822,1.530,1.530,1.498,1.502,234981533,177210672.00
20240823,1.496,1.500,1.476,1.494,223308300,166090672.00
20240826,1.492,1.506,1.482,1.490,174211000,130091384.00
20240827,1.486,1.486,1.460,1.466,226020600,166114224.00
20240828,1.464,1.474,1.456,1.466,189770000,139099408.00
20240829,1.458,1.496,1.450,1.486,236353700,174833040.00
20240830,1.482,1.550,1.482,1.538,395065604,302232896.00
20240902,1.530,1.542,1.480,1.482,282373200,212730960.00
20240903,1.478,1.506,1.478,1.492,207732000,155052048.00
20240904,1.476,1.492,1.466,1.480,213850400,158251072.00
20240905,1.480,1.496,1.468,1.478,203905800,151039264.00
20240906,1.482,1.482,1.450,1.454,190157800,139158240.00
20240909,1.446,1.466,1.438,1.446,191461200,138814352.00
20240910,1.448,1.466,1.426,1.458,302099800,218332976.00
20240911,1.452,1.458,1.444,1.452,162178900,117698744.00
20240912,1.458,1.470,1.434,1.438,213024800,154671856.00
20240913,1.436,1.446,1.414,1.416,252294200,180584208.00
20240918,1.422,1.426,1.392,1.406,207865500,145807632.00
20240919,1.412,1.438,1.396,1.420,255170000,181006464.00
20240920,1.422,1.426,1.396,1.408,248426100,174603968.00
20240923,1.406,1.422,1.392,1.392,221598900,155530320.00
20240924,1.402,1.450,1.384,1.450,494347300,351298848.00
20240925,1.470,1.496,1.454,1.460,478075700,353222688.00
20240926,1.454,1.526,1.450,1.524,578758932,429645504.00
20240927,1.554,1.636,1.542,1.634,401575600,316490272.00
20240930,1.730,1.798,1.700,1.798,855415908,755039232.00
20241008,1.978,1.978,1.978,1.978,619419005,612605376.00
20241009,2.176,2.176,2.010,2.176,2700402129,2918814976.00
20241010,2.216,2.256,2.056,2.102,1931550088,2079768064.00
20241011,2.052,2.084,1.942,1.972,927384307,929657152.00
20241014,1.968,2.046,1.912,2.038,812150706,806225728.00
20241015,2.040,2.100,2.000,2.002,801564747,820039296.00
20241016,1.942,1.994,1.934,1.954,548120000,536730464.00
20241017,2.000,2.010,1.956,1.960,508267900,504590560.00
20241018,1.958,2.156,1.940,2.156,1232055600,1287164800.00
20241021,2.224,2.372,2.196,2.244,2547619299,2916126720.00
20241022,2.206,2.268,2.174,2.208,915111000,1012127424.00
20241023,2.186,2.222,2.164,2.174,805906648,882822208.00
20241024,2.154,2.204,2.146,2.178,625110400,680515520.00
20241025,2.180,2.242,2.154,2.194,676538700,740741248.00
20241028,2.190,2.194,2.162,2.190,576104620,627247808.00
20241029,2.190,2.260,2.182,2.186,782985112,865603008.00
20241030,2.166,2.190,2.124,2.152,660826481,713196224.00
20241031,2.150,2.228,2.122,2.198,1177655700,1282189440.00
20241101,2.176,2.192,2.110,2.114,676725300,727231360.00
20241104,2.112,2.158,2.104,2.150,416928984,445725184.00
20241105,2.152,2.264,2.144,2.254,872941716,970894464.00
20241106,2.272,2.328,2.236,2.296,950357600,1086166272.00
20241107,2.278,2.376,2.260,2.360,826738600,956941248.00
20241108,2.400,2.480,2.360,2.368,976667366,1177258752.00
20241111,2.386,2.520,2.384,2.520,1108748498,1372380288.00
20241112,2.530,2.532,2.420,2.460,983965280,1214876544.00
20241113,2.430,2.460,2.400,2.454,902804300,1096975488.00
20241114,2.440,2.450,2.352,2.362,810982592,978195392.00
20241115,2.350,2.368,2.254,2.260,684006071,790656640.00
20241118,2.258,2.284,2.190,2.206,659191360,735642432.00
20241119,2.214,2.286,2.182,2.286,690539392,772211520.00
20241120,2.270,2.288,2.244,2.274,635784200,720315328.00
20241121,2.266,2.316,2.258,2.282,575365600,657431744.00
20241122,2.286,2.310,2.180,2.188,555398720,624115200.00
20241125,2.186,2.196,2.114,2.158,587383149,630907392.00
20241126,2.146,2.178,2.136,2.138,404517600,435883104.00
20241127,2.130,2.214,2.102,2.210,696044462,751353088.00
20241128,2.212,2.252,2.190,2.202,461416400,511551872.00
20241129,2.194,2.284,2.172,2.244,641435392,716105024.00
数据来源:通达信
