512980 传媒ETF 日线 后复权
      日期	    开盘	    最高	    最低	    收盘	    成交量	    成交额
20180119,1.001,1.005,0.997,1.001,124215188,124239784.00
20180122,1.001,1.034,0.995,1.023,48604562,49247432.00
20180123,1.024,1.031,1.020,1.029,18895410,19398992.00
20180124,1.030,1.070,1.025,1.065,44928700,47196796.00
20180125,1.065,1.095,1.063,1.065,39375800,42452068.00
20180126,1.069,1.076,1.060,1.069,18319900,19581492.00
20180129,1.069,1.073,1.048,1.056,20904500,22136946.00
20180130,1.050,1.057,1.042,1.046,7173100,7520583.00
20180131,1.042,1.042,1.017,1.020,18384697,18840936.00
20180201,1.025,1.025,0.993,0.994,17898900,18004344.00
20180202,0.995,1.009,0.983,0.999,13749000,13701636.00
20180205,0.985,0.996,0.983,0.989,14808500,14632963.00
20180206,0.983,0.983,0.941,0.943,20557503,19786816.00
20180207,0.958,0.965,0.931,0.950,11961800,11351763.00
20180208,0.948,0.960,0.946,0.953,5302900,5060059.00
20180209,0.933,0.934,0.909,0.918,13231700,12182801.00
20180212,0.925,0.945,0.921,0.943,6391100,5975677.00
20180213,0.949,0.953,0.935,0.940,4289400,4054177.00
20180214,0.942,0.942,0.931,0.935,8236600,7690116.00
20180222,0.953,0.957,0.943,0.953,9491000,9013718.00
20180223,0.951,0.957,0.940,0.945,4786500,4535507.00
20180226,0.946,0.975,0.946,0.968,11322400,10890154.00
20180227,0.970,0.992,0.970,0.989,17201303,16891932.00
20180228,0.985,1.000,0.973,0.989,8232203,8152005.00
20180301,0.981,1.005,0.981,1.004,6659603,6630826.00
20180302,0.998,1.008,0.994,1.001,8789400,8798309.00
20180305,1.000,1.004,0.990,1.002,3754700,3745421.00
20180306,1.001,1.014,1.001,1.008,10608600,10682466.00
20180307,1.010,1.012,0.998,1.002,3475800,3488163.00
20180308,1.002,1.005,0.997,1.003,1990700,1991491.00
20180309,1.007,1.030,1.004,1.027,9921500,10116577.00
20180312,1.030,1.047,1.030,1.044,11630024,12092076.00
20180313,1.046,1.055,1.038,1.042,11210624,11728706.00
20180314,1.041,1.042,1.030,1.034,5381400,5572394.00
20180315,1.034,1.034,1.012,1.025,4204700,4295758.00
20180316,1.025,1.034,1.020,1.022,2306400,2373508.00
20180319,1.027,1.034,1.018,1.022,4310600,4428184.00
20180320,1.010,1.023,1.003,1.022,5568100,5623712.00
20180321,1.022,1.028,1.004,1.006,3075124,3129941.00
20180322,1.011,1.016,1.001,1.004,4846900,4869499.00
20180323,0.989,0.990,0.944,0.955,16531600,15955746.00
20180326,0.956,0.975,0.940,0.973,6987800,6705543.00
20180327,0.980,1.006,0.979,1.000,5758300,5740132.00
20180328,0.995,1.003,0.967,0.995,7359200,7342073.00
20180329,1.007,1.007,0.989,0.995,2003300,1992089.00
20180330,0.998,1.009,0.998,1.008,2428300,2439798.00
20180402,1.008,1.019,1.004,1.011,6167100,6241095.00
20180403,1.004,1.004,0.982,0.991,5321300,5269153.00
20180404,0.997,0.997,0.977,0.980,2499400,2466626.00
20180409,0.979,0.987,0.973,0.977,2944100,2885596.00
20180410,0.980,0.980,0.963,0.977,6613500,6406975.00
20180411,0.983,0.989,0.978,0.984,2927900,2884172.00
20180412,0.978,0.984,0.972,0.974,3405500,3332899.00
20180413,0.980,0.982,0.973,0.977,2783100,2718062.00
20180416,0.979,0.986,0.972,0.980,2728800,2675610.00
20180417,0.981,0.983,0.950,0.952,8021400,7706130.00
20180418,0.960,0.962,0.932,0.958,9167800,8655266.00
20180419,0.961,0.969,0.956,0.962,3348300,3222420.00
20180420,0.961,0.961,0.935,0.939,9828800,9255037.00
20180423,0.939,0.941,0.913,0.922,10969400,10122242.00
20180424,0.928,0.953,0.925,0.952,5159900,4850151.00
20180425,0.949,0.962,0.946,0.956,3048028,2914167.00
20180426,0.960,0.960,0.938,0.939,3911800,3704425.00
20180427,0.949,0.949,0.934,0.945,10687500,10045745.00
20180502,0.946,0.950,0.934,0.938,6189200,5820478.00
20180503,0.942,0.945,0.922,0.945,6746800,6285482.00
20180504,0.942,0.946,0.938,0.939,3815500,3595587.00
20180507,0.943,0.952,0.941,0.950,2948900,2794389.00
20180508,0.950,0.959,0.948,0.957,4783900,4557921.00
20180509,0.958,0.958,0.951,0.954,1545400,1476312.00
20180510,0.957,0.960,0.950,0.959,2995900,2862432.00
20180511,0.959,0.962,0.949,0.952,5201300,4959512.00
20180514,0.952,0.956,0.946,0.947,3078900,2929815.00
20180515,0.950,0.960,0.945,0.960,15652100,14871894.00
20180516,0.960,0.963,0.953,0.956,5285700,5064649.00
20180517,0.958,0.958,0.950,0.953,5549900,5292504.00
20180518,0.953,0.960,0.949,0.959,4413600,4202136.00
20180521,0.960,0.972,0.960,0.969,5182000,5017030.00
20180522,0.971,0.971,0.962,0.968,4538500,4389618.00
20180523,0.968,0.970,0.960,0.960,2835400,2738278.00
20180524,0.960,0.962,0.955,0.958,2371300,2272501.00
20180525,0.959,0.959,0.943,0.944,5107200,4842227.00
20180528,0.947,0.948,0.934,0.935,7330900,6882315.00
20180529,0.936,0.944,0.933,0.935,5230500,4904123.00
20180530,0.932,0.932,0.904,0.904,19197400,17549568.00
20180531,0.915,0.919,0.904,0.917,3196200,2916687.00
20180601,0.916,0.918,0.904,0.904,5685000,5168326.00
20180604,0.901,0.909,0.893,0.900,8946500,8047233.00
20180605,0.901,0.913,0.897,0.912,4270100,3861924.00
20180606,0.914,0.915,0.908,0.910,2075100,1891170.00
20180607,0.911,0.914,0.905,0.908,3429800,3119449.00
20180608,0.910,0.910,0.887,0.893,10065500,8987823.00
20180611,0.893,0.894,0.882,0.889,4241800,3761041.00
20180612,0.890,0.900,0.883,0.897,4117000,3678181.00
20180613,0.897,0.897,0.882,0.884,2604700,2311051.00
20180614,0.884,0.885,0.873,0.875,7471200,6557391.00
20180615,0.875,0.877,0.855,0.862,7870400,6789602.00
20180619,0.856,0.856,0.797,0.810,22406600,18441134.00
20180620,0.810,0.817,0.795,0.810,8682248,7000471.00
20180621,0.815,0.815,0.788,0.788,7553500,6026924.00
20180622,0.787,0.803,0.780,0.800,3198400,2540285.00
20180625,0.806,0.808,0.795,0.797,2177100,1743533.00
20180626,0.794,0.809,0.785,0.807,3294700,2632740.00
20180627,0.807,0.809,0.795,0.799,3483800,2788025.00
20180628,0.799,0.806,0.790,0.791,3544600,2824951.00
20180629,0.792,0.824,0.792,0.824,5686900,4635969.00
20180702,0.824,0.826,0.805,0.814,2446900,1997898.00
20180703,0.815,0.830,0.802,0.826,6073700,4980561.00
20180704,0.825,0.826,0.808,0.811,5392900,4405834.00
20180705,0.814,0.818,0.799,0.800,3529900,2843184.00
20180706,0.801,0.815,0.789,0.803,2665500,2136550.00
20180709,0.806,0.817,0.805,0.816,3346900,2719483.00
20180710,0.815,0.817,0.809,0.815,4028500,3275966.00
20180711,0.800,0.806,0.779,0.789,7857400,6198229.00
20180712,0.790,0.815,0.790,0.812,4779000,3849836.00
20180713,0.814,0.818,0.802,0.816,3639700,2965067.00
20180716,0.817,0.820,0.812,0.817,18470300,15080136.00
20180717,0.818,0.818,0.806,0.816,10421600,8442851.00
20180718,0.815,0.819,0.805,0.805,9157200,7430398.00
20180719,0.808,0.818,0.805,0.809,10856200,8793270.00
20180720,0.805,0.822,0.801,0.819,4818700,3918198.00
20180723,0.819,0.827,0.816,0.827,3796000,3121950.00
20180724,0.830,0.837,0.822,0.832,9443000,7844674.00
20180725,0.835,0.843,0.834,0.837,4713500,3946814.00
20180726,0.837,0.837,0.827,0.830,3323800,2765481.00
20180727,0.829,0.831,0.820,0.821,3559100,2934163.00
20180730,0.822,0.822,0.800,0.804,7482400,6037662.00
20180731,0.804,0.808,0.799,0.804,5666600,4549150.00
20180801,0.806,0.814,0.793,0.795,7098600,5696223.00
20180802,0.794,0.794,0.757,0.771,13986000,10786555.00
20180803,0.772,0.773,0.757,0.758,5606700,4280089.00
20180806,0.759,0.762,0.741,0.746,7065900,5298866.00
20180807,0.746,0.767,0.743,0.765,3608100,2731519.00
20180808,0.765,0.766,0.755,0.755,2433800,1850909.00
20180809,0.755,0.780,0.754,0.775,3836100,2968387.00
20180810,0.775,0.779,0.770,0.778,3413400,2643109.00
20180813,0.771,0.782,0.765,0.779,4604700,3555020.00
20180814,0.778,0.778,0.768,0.772,2064500,1596442.00
20180815,0.773,0.773,0.754,0.756,3769500,2861415.00
20180816,0.751,0.756,0.736,0.745,5562000,4150892.00
20180817,0.747,0.754,0.728,0.729,7884000,5801926.00
20180820,0.732,0.736,0.719,0.735,23231200,16843828.00
20180821,0.738,0.746,0.733,0.743,3534700,2621004.00
20180822,0.746,0.746,0.733,0.733,6832800,5042694.00
20180823,0.733,0.745,0.733,0.739,6072100,4493953.00
20180824,0.741,0.742,0.732,0.736,3416900,2517520.00
20180827,0.740,0.756,0.738,0.754,6757700,5051535.00
20180828,0.754,0.759,0.750,0.758,5060500,3828005.00
20180829,0.758,0.758,0.749,0.754,2423400,1822857.00
20180830,0.755,0.756,0.741,0.743,3596900,2679183.00
20180831,0.737,0.737,0.726,0.728,6182500,4513903.00
20180903,0.729,0.730,0.717,0.728,7030900,5068750.00
20180904,0.728,0.744,0.728,0.741,4339800,3193272.00
20180905,0.740,0.747,0.733,0.733,3925000,2906676.00
20180906,0.735,0.740,0.728,0.731,4355000,3197069.00
20180907,0.731,0.740,0.721,0.725,3901700,2846595.00
20180910,0.720,0.723,0.704,0.706,10689200,7591526.00
20180911,0.703,0.710,0.699,0.703,3960500,2780205.00
20180912,0.702,0.711,0.700,0.706,2372000,1674121.00
20180913,0.711,0.713,0.698,0.706,2597400,1822767.00
20180914,0.710,0.710,0.698,0.700,5372500,3764432.00
20180917,0.699,0.699,0.686,0.690,9876400,6812437.00
20180918,0.689,0.702,0.684,0.701,5199000,3600431.00
20180919,0.702,0.713,0.696,0.708,5467700,3857858.00
20180920,0.708,0.711,0.705,0.705,3001500,2124393.00
20180921,0.706,0.719,0.703,0.717,4063900,2890617.00
20180925,0.715,0.717,0.712,0.715,1649400,1178057.00
20180926,0.718,0.722,0.713,0.718,2544600,1827399.00
20180927,0.719,0.719,0.706,0.709,3935900,2806703.00
20180928,0.710,0.715,0.705,0.714,3433100,2436488.00
20181008,0.705,0.705,0.683,0.684,6866200,4754617.00
20181009,0.684,0.690,0.678,0.681,4693500,3199479.00
20181010,0.683,0.685,0.674,0.679,2600400,1767247.00
20181011,0.666,0.666,0.633,0.635,15369400,9962546.00
20181012,0.638,0.638,0.616,0.634,6976400,4388919.00
20181015,0.639,0.639,0.621,0.621,6983400,4387961.00
20181016,0.628,0.628,0.609,0.611,7971100,4901453.00
20181017,0.619,0.625,0.610,0.623,6043800,3725679.00
20181018,0.623,0.625,0.612,0.614,7217600,4460576.00
20181019,0.607,0.635,0.606,0.633,9626700,5966344.00
20181022,0.636,0.671,0.636,0.664,6774700,4452216.00
20181023,0.664,0.668,0.646,0.649,5031100,3304929.00
20181024,0.649,0.657,0.642,0.647,4676300,3033504.00
20181025,0.637,0.648,0.625,0.646,5480500,3468099.00
20181026,0.653,0.653,0.638,0.642,3553900,2285359.00
20181029,0.642,0.645,0.635,0.638,2952700,1887887.00
20181030,0.633,0.649,0.625,0.640,6576200,4198807.00
20181031,0.645,0.650,0.639,0.647,8583400,5536062.00
20181101,0.651,0.670,0.651,0.657,8383500,5527243.00
20181102,0.670,0.685,0.670,0.683,9836700,6663182.00
20181105,0.685,0.692,0.671,0.682,14621700,10002681.00
20181106,0.680,0.680,0.668,0.678,8230000,5544375.00
20181107,0.678,0.692,0.676,0.676,5538900,3772399.00
20181108,0.680,0.684,0.666,0.668,4960600,3338043.00
20181109,0.667,0.669,0.662,0.666,7900100,5255888.00
20181112,0.666,0.688,0.657,0.687,7911200,5358958.00
20181113,0.683,0.718,0.678,0.713,17656200,12441541.00
20181114,0.710,0.721,0.704,0.705,9578200,6806455.00
20181115,0.703,0.724,0.702,0.723,11560600,8260641.00
20181116,0.726,0.731,0.715,0.729,11603300,8400852.00
20181119,0.722,0.728,0.715,0.724,8677100,6263132.00
20181120,0.720,0.720,0.701,0.702,8465700,5995737.00
20181121,0.700,0.705,0.695,0.704,7398800,5184417.00
20181122,0.705,0.711,0.701,0.707,3869500,2734481.00
20181123,0.707,0.707,0.674,0.680,7659500,5247461.00
20181126,0.680,0.684,0.673,0.677,6342000,4301713.00
20181127,0.681,0.688,0.677,0.683,6385300,4360236.00
20181128,0.683,0.705,0.675,0.704,11790200,8135455.00
20181129,0.704,0.709,0.678,0.680,9904400,6867479.00
20181130,0.670,0.683,0.665,0.680,18503700,12481101.00
20181203,0.698,0.705,0.693,0.700,6901500,4826070.00
20181204,0.699,0.704,0.697,0.704,5477100,3836426.00
20181205,0.698,0.705,0.687,0.700,6069200,4236983.00
20181206,0.695,0.696,0.683,0.687,6960700,4799371.00
20181207,0.688,0.692,0.685,0.689,2017600,1388666.00
20181210,0.687,0.694,0.683,0.689,11308800,7788391.00
20181211,0.693,0.702,0.693,0.699,3605000,2515108.00
20181212,0.701,0.702,0.694,0.696,5416400,3776597.00
20181213,0.698,0.708,0.694,0.704,4076800,2859247.25
20181214,0.703,0.703,0.686,0.688,3992200,2772763.00
20181217,0.689,0.689,0.680,0.684,4170300,2852760.00
20181218,0.683,0.688,0.674,0.680,5320400,3619423.00
20181219,0.680,0.685,0.667,0.673,8105200,5469307.00
20181220,0.670,0.678,0.667,0.674,8963100,6018762.00
20181221,0.674,0.680,0.669,0.675,5630400,3795147.00
20181224,0.674,0.677,0.669,0.676,4835200,3257940.00
20181225,0.673,0.673,0.648,0.665,10752200,7065278.00
20181226,0.668,0.670,0.663,0.664,7898300,5263740.00
20181227,0.673,0.675,0.659,0.661,7681000,5138892.00
20181228,0.661,0.661,0.650,0.655,5755900,3773123.00
20190102,0.653,0.658,0.646,0.648,4707600,3075342.00
20190103,0.649,0.658,0.646,0.649,3245200,2111507.00
20190104,0.645,0.667,0.641,0.665,8032400,5281859.00
20190107,0.668,0.678,0.666,0.676,8027900,5402873.00
20190108,0.677,0.679,0.672,0.674,3156700,2132827.00
20190109,0.675,0.689,0.674,0.675,5299600,3610135.00
20190110,0.675,0.683,0.672,0.676,5458900,3705395.00
20190111,0.676,0.682,0.673,0.682,6698300,4536924.00
20190114,0.682,0.682,0.666,0.669,3400700,2282493.00
20190115,0.671,0.683,0.669,0.682,5031200,3401785.00
20190116,0.682,0.686,0.679,0.682,12857500,8778161.00
20190117,0.680,0.685,0.673,0.675,3835100,2602492.00
20190118,0.675,0.681,0.673,0.681,10439500,7070393.00
20190121,0.681,0.688,0.679,0.683,13045300,8913322.00
20190122,0.683,0.684,0.670,0.672,7923500,5351099.00
20190123,0.670,0.673,0.667,0.671,2148700,1438971.00
20190124,0.670,0.681,0.668,0.675,5580000,3774191.00
20190125,0.675,0.681,0.675,0.677,4362000,2956091.00
20190128,0.682,0.686,0.671,0.675,3161800,2141360.00
20190129,0.674,0.674,0.654,0.663,6259100,4133680.00
20190130,0.661,0.661,0.650,0.650,10211700,6665091.00
20190131,0.651,0.652,0.639,0.644,8860000,5720449.00
20190201,0.644,0.661,0.643,0.661,16030000,10433763.00
20190211,0.666,0.676,0.661,0.675,15652800,10448555.00
20190212,0.675,0.686,0.672,0.681,12987600,8842483.00
20190213,0.681,0.699,0.681,0.696,11686000,8076253.00
20190214,0.694,0.703,0.691,0.700,6299200,4386113.00
20190215,0.700,0.702,0.690,0.691,4007100,2790673.00
20190218,0.693,0.718,0.693,0.717,9142800,6482821.00
20190219,0.718,0.726,0.709,0.719,12831400,9232843.00
20190220,0.718,0.720,0.708,0.718,12912000,9223349.00
20190221,0.717,0.742,0.713,0.725,19586800,14288334.00
20190222,0.720,0.757,0.720,0.756,14916800,11106553.00
20190225,0.771,0.810,0.771,0.809,26809800,21256912.00
20190226,0.810,0.838,0.804,0.819,41655648,34213936.00
20190227,0.815,0.827,0.798,0.814,18353000,14950918.00
20190228,0.814,0.820,0.800,0.809,13314100,10800390.00
20190301,0.809,0.821,0.801,0.819,16288800,13200784.00
20190304,0.826,0.862,0.822,0.844,23910660,20119944.00
20190305,0.838,0.868,0.835,0.867,14498000,12371096.00
20190306,0.869,0.894,0.862,0.890,21917300,19217314.00
20190307,0.880,0.915,0.880,0.905,21545000,19324240.00
20190308,0.876,0.909,0.862,0.867,23459500,20738956.00
20190311,0.867,0.897,0.864,0.894,18007600,15881456.00
20190312,0.899,0.947,0.899,0.939,35135992,32598384.00
20190313,0.939,0.939,0.896,0.903,26885600,24875060.00
20190314,0.890,0.902,0.862,0.874,25565815,22475012.00
20190315,0.875,0.887,0.862,0.866,15357600,13449609.00
20190318,0.871,0.893,0.861,0.891,11206000,9805167.00
20190319,0.893,0.910,0.886,0.901,16128500,14544170.00
20190320,0.901,0.909,0.886,0.906,13185200,11837006.00
20190321,0.906,0.950,0.906,0.936,23987300,22377676.00
20190322,0.930,0.936,0.904,0.923,16590200,15252935.00
20190325,0.900,0.911,0.894,0.897,14443200,13034035.00
20190326,0.897,0.906,0.862,0.865,11825400,10400926.00
20190327,0.870,0.875,0.851,0.863,14008200,12041127.00
20190328,0.858,0.867,0.846,0.847,8733900,7464191.00
20190329,0.850,0.876,0.836,0.875,24250200,20896572.00
20190401,0.880,0.910,0.880,0.908,19197100,17206988.00
20190402,0.910,0.920,0.900,0.905,14104500,12830115.00
20190403,0.901,0.915,0.898,0.913,8811100,7983394.00
20190404,0.921,0.921,0.904,0.913,16486600,15011696.00
20190408,0.918,0.921,0.884,0.894,17986500,16215732.00
20190409,0.895,0.912,0.886,0.903,11340900,10231055.00
20190410,0.901,0.901,0.888,0.898,10115088,9033035.00
20190411,0.894,0.900,0.870,0.871,11190500,9856022.00
20190412,0.875,0.878,0.869,0.878,4706100,4110459.00
20190415,0.885,0.899,0.862,0.864,12085800,10639018.00
20190416,0.860,0.881,0.847,0.880,8344300,7189089.00
20190417,0.872,0.888,0.872,0.882,5895800,5197327.00
20190418,0.882,0.886,0.872,0.877,8174800,7192197.00
20190419,0.878,0.883,0.868,0.883,4868500,4270738.00
20190422,0.882,0.888,0.868,0.871,7638700,6722772.00
20190423,0.871,0.881,0.863,0.867,6486800,5648820.00
20190424,0.867,0.875,0.851,0.874,8104600,6991024.00
20190425,0.870,0.870,0.836,0.836,13024400,11099608.00
20190426,0.832,0.839,0.821,0.825,46111500,38260064.00
20190429,0.825,0.830,0.791,0.798,34064700,27456324.00
20190430,0.798,0.807,0.791,0.799,13691300,10943186.00
20190506,0.775,0.776,0.734,0.741,41288500,31249872.00
20190507,0.751,0.752,0.736,0.751,18045600,13442724.00
20190508,0.736,0.756,0.731,0.747,8696799,6485285.00
20190509,0.740,0.749,0.738,0.741,6428700,4780985.00
20190510,0.754,0.769,0.733,0.769,12932399,9760283.00
20190513,0.756,0.763,0.748,0.753,8680800,6549271.00
20190514,0.743,0.760,0.742,0.751,7797700,5881057.00
20190515,0.755,0.766,0.754,0.762,6637300,5042786.00
20190516,0.763,0.763,0.753,0.760,7098900,5384494.00
20190517,0.761,0.762,0.726,0.727,14306100,10575417.00
20190520,0.723,0.730,0.714,0.726,11574900,8349941.00
20190521,0.727,0.742,0.726,0.737,9816100,7227217.00
20190522,0.740,0.745,0.730,0.735,6666693,4924670.00
20190523,0.734,0.735,0.713,0.717,10086000,7266435.00
20190524,0.718,0.722,0.710,0.711,11774400,8421966.00
20190527,0.713,0.733,0.711,0.728,11441044,8258381.00
20190528,0.730,0.736,0.724,0.727,6658644,4868868.00
20190529,0.727,0.733,0.725,0.727,2753300,2005331.00
20190530,0.726,0.727,0.715,0.722,5632800,4051336.00
20190531,0.723,0.728,0.718,0.722,4199900,3035199.00
20190603,0.727,0.727,0.704,0.709,11697600,8310477.00
20190604,0.710,0.712,0.701,0.705,13695200,9642455.00
20190605,0.712,0.716,0.704,0.711,10084400,7167267.00
20190606,0.713,0.713,0.694,0.696,11816500,8273332.00
20190610,0.700,0.703,0.691,0.701,5281400,3688273.00
20190611,0.703,0.728,0.698,0.727,13053000,9338633.00
20190612,0.725,0.728,0.717,0.719,4141500,2989863.00
20190613,0.721,0.731,0.716,0.726,6462600,4683599.00
20190614,0.726,0.731,0.709,0.711,5600700,4025162.00
20190617,0.712,0.712,0.705,0.708,3455100,2447454.00
20190618,0.705,0.714,0.703,0.710,7285900,5153417.00
20190619,0.723,0.735,0.720,0.721,8482400,6156783.00
20190620,0.722,0.740,0.716,0.733,12350200,9012165.00
20190621,0.770,0.770,0.742,0.749,18791600,14109297.00
20190624,0.749,0.755,0.741,0.745,12206800,9114111.00
20190625,0.742,0.743,0.725,0.733,13206800,9673173.00
20190626,0.731,0.737,0.725,0.732,5234200,3830190.00
20190627,0.734,0.741,0.732,0.734,11954800,8787457.00
20190628,0.735,0.735,0.718,0.726,16967600,12258907.00
20190701,0.736,0.749,0.736,0.747,17017800,12657753.00
20190702,0.746,0.749,0.742,0.747,10645600,7938385.00
20190703,0.745,0.745,0.732,0.735,11649300,8573136.00
20190704,0.734,0.739,0.730,0.734,6353600,4661958.00
20190705,0.734,0.737,0.729,0.736,3798700,2783187.00
20190708,0.733,0.736,0.707,0.709,23022900,16433727.00
20190709,0.709,0.710,0.703,0.707,12136300,8573554.00
20190710,0.707,0.710,0.697,0.699,19190400,13474808.00
20190711,0.703,0.709,0.698,0.701,14324700,10078049.00
20190712,0.702,0.705,0.696,0.704,12612800,8853307.00
20190715,0.703,0.721,0.694,0.715,15560000,11046212.00
20190716,0.714,0.717,0.713,0.716,7284758,5213966.00
20190717,0.718,0.721,0.713,0.717,8038298,5771657.00
20190718,0.715,0.715,0.705,0.705,7835900,5555149.00
20190719,0.706,0.720,0.706,0.711,11944400,8527908.00
20190722,0.714,0.714,0.693,0.701,11207700,7845810.00
20190723,0.700,0.704,0.699,0.704,3466600,2433789.00
20190724,0.703,0.717,0.703,0.712,7226200,5150568.00
20190725,0.712,0.718,0.711,0.715,7744800,5539172.00
20190726,0.714,0.717,0.712,0.716,4337400,3101349.00
20190729,0.716,0.719,0.712,0.714,7593400,5430453.00
20190730,0.714,0.735,0.714,0.731,27280000,19917930.00
20190731,0.731,0.731,0.724,0.726,13500500,9806947.00
20190801,0.720,0.727,0.719,0.724,11823900,8547709.00
20190802,0.710,0.714,0.706,0.713,13500600,9575787.00
20190805,0.708,0.713,0.698,0.700,20748300,14638968.00
20190806,0.690,0.690,0.668,0.682,24548400,16659957.00
20190807,0.683,0.686,0.675,0.675,13553300,9222121.00
20190808,0.681,0.684,0.678,0.681,5689180,3873587.00
20190809,0.683,0.687,0.676,0.677,13596541,9255266.00
20190812,0.680,0.692,0.676,0.692,12841000,8792715.00
20190813,0.687,0.688,0.682,0.685,4120700,2822964.00
20190814,0.692,0.695,0.686,0.687,4244766,2934671.00
20190815,0.674,0.692,0.672,0.690,16258702,11139275.00
20190816,0.689,0.702,0.689,0.696,20448800,14276720.00
20190819,0.699,0.727,0.699,0.726,36845301,26272106.00
20190820,0.728,0.740,0.726,0.731,26581200,19503908.00
20190821,0.729,0.730,0.725,0.728,4206900,3061836.00
20190822,0.728,0.732,0.726,0.730,4059000,2960967.00
20190823,0.731,0.735,0.724,0.726,5465600,3988989.00
20190826,0.715,0.719,0.711,0.717,15771800,11271626.00
20190827,0.719,0.739,0.719,0.732,19823600,14464195.00
20190828,0.730,0.736,0.727,0.732,15651500,11427459.00
20190829,0.734,0.746,0.730,0.740,23918300,17688540.00
20190830,0.748,0.750,0.725,0.729,19535400,14395967.00
20190902,0.728,0.757,0.728,0.755,35162400,26322588.00
20190903,0.758,0.763,0.751,0.762,39262500,29719938.00
20190904,0.758,0.768,0.756,0.767,25001300,19081704.00
20190905,0.772,0.795,0.771,0.780,48537900,38093476.00
20190906,0.787,0.789,0.775,0.782,36322400,28456092.00
20190909,0.788,0.811,0.786,0.811,47687800,38012008.00
20190910,0.810,0.811,0.797,0.804,23738700,19066500.00
20190911,0.806,0.809,0.796,0.798,22965732,18417204.00
20190912,0.800,0.807,0.794,0.805,13994000,11217982.00
20190916,0.810,0.813,0.801,0.807,19318431,15615440.00
20190917,0.803,0.803,0.781,0.785,17378600,13741458.00
20190918,0.787,0.788,0.780,0.783,9597000,7521946.00
20190919,0.785,0.789,0.779,0.789,10396400,8150933.00
20190920,0.789,0.791,0.781,0.786,9080000,7143698.00
20190923,0.783,0.784,0.771,0.781,9880900,7651795.00
20190924,0.783,0.792,0.776,0.783,8038100,6297285.00
20190925,0.777,0.781,0.770,0.771,7710000,5984025.00
20190926,0.771,0.775,0.751,0.753,16391900,12472418.00
20190927,0.755,0.764,0.752,0.761,7765500,5901253.00
20190930,0.762,0.768,0.750,0.752,20438300,15529887.00
20191008,0.753,0.754,0.736,0.739,21862100,16266176.00
20191009,0.736,0.740,0.729,0.740,8644000,6343109.00
20191010,0.741,0.748,0.737,0.748,6341100,4710461.00
20191011,0.747,0.757,0.740,0.751,7006200,5258686.00
20191014,0.759,0.775,0.758,0.767,10599000,8131648.00
20191015,0.765,0.766,0.756,0.758,6000300,4562521.00
20191016,0.760,0.763,0.755,0.756,9462600,7175268.00
20191017,0.756,0.767,0.756,0.760,7971500,6082688.00
20191018,0.761,0.767,0.750,0.752,8080700,6103349.00
20191021,0.751,0.751,0.737,0.747,7602500,5647288.00
20191022,0.748,0.753,0.745,0.750,9826000,7351070.00
20191023,0.754,0.755,0.746,0.749,11163700,8376652.00
20191024,0.749,0.753,0.744,0.749,6079400,4551042.00
20191025,0.747,0.754,0.742,0.751,5144700,3846890.00
20191028,0.767,0.780,0.764,0.777,34031900,26356014.00
20191029,0.777,0.779,0.763,0.765,25092600,19458068.00
20191030,0.760,0.762,0.752,0.756,14987800,11337868.00
20191031,0.755,0.759,0.746,0.748,13526300,10149410.00
20191101,0.747,0.757,0.745,0.756,8937400,6721218.00
20191104,0.757,0.764,0.754,0.755,9867900,7481867.00
20191105,0.755,0.760,0.749,0.756,17539700,13257200.00
20191106,0.756,0.756,0.743,0.745,15641900,11709399.00
20191107,0.744,0.753,0.741,0.752,14702300,11023756.00
20191108,0.755,0.762,0.752,0.754,22098600,16738499.00
20191111,0.751,0.751,0.738,0.740,9314700,6930562.00
20191112,0.740,0.741,0.732,0.739,9601900,7071915.00
20191113,0.739,0.740,0.734,0.736,13030300,9597931.00
20191114,0.736,0.740,0.733,0.738,7524700,5544313.00
20191115,0.737,0.746,0.736,0.736,28696400,21227958.00
20191118,0.738,0.746,0.732,0.743,11135500,8252613.00
20191119,0.744,0.775,0.744,0.774,65903000,50607504.00
20191120,0.778,0.787,0.768,0.768,45870900,35699560.00
20191121,0.764,0.772,0.762,0.768,22064400,16883326.00
20191122,0.768,0.779,0.758,0.764,22577300,17332718.00
20191125,0.762,0.762,0.749,0.755,20876900,15731734.00
20191126,0.758,0.758,0.752,0.755,11440600,8644099.00
20191127,0.755,0.755,0.747,0.750,9709008,7277056.00
20191128,0.748,0.750,0.741,0.745,16647800,12401563.00
20191129,0.745,0.751,0.741,0.747,18074500,13475223.00
20191202,0.749,0.756,0.746,0.754,24031600,18070956.00
20191203,0.751,0.756,0.743,0.756,18440307,13803275.00
20191204,0.749,0.757,0.749,0.756,15250900,11509053.00
20191205,0.754,0.767,0.754,0.767,23032600,17537524.00
20191206,0.764,0.774,0.760,0.773,51642700,39698464.00
20191209,0.773,0.780,0.766,0.776,43175800,33519380.00
20191210,0.775,0.784,0.768,0.784,31361900,24440968.00
20191211,0.784,0.791,0.777,0.780,26714400,20956592.00
20191212,0.777,0.783,0.771,0.775,22219500,17244288.00
20191213,0.782,0.788,0.777,0.788,30364600,23728818.00
20191216,0.788,0.816,0.788,0.816,41392244,33247020.00
20191217,0.812,0.820,0.807,0.815,44676244,36356060.00
20191218,0.812,0.845,0.812,0.838,101737344,84794944.00
20191219,0.839,0.851,0.833,0.843,94540092,79631248.00
20191220,0.843,0.846,0.826,0.829,72762600,60811512.00
20191223,0.822,0.827,0.807,0.808,45417600,37057652.00
20191224,0.810,0.832,0.809,0.832,31115100,25525076.00
20191225,0.830,0.843,0.823,0.838,43718300,36349288.00
20191226,0.833,0.841,0.827,0.839,22252093,18551700.00
20191227,0.840,0.849,0.824,0.826,35808593,30065316.00
20191230,0.827,0.838,0.813,0.838,26906300,22271610.00
20191231,0.836,0.839,0.828,0.835,21923200,18264610.00
20200102,0.840,0.884,0.836,0.883,81727200,70950936.00
20200103,0.882,0.896,0.877,0.886,191512763,169842032.00
20200106,0.878,0.915,0.869,0.905,121220737,109384448.00
20200107,0.908,0.935,0.900,0.933,144423500,133290528.00
20200108,0.925,0.929,0.904,0.906,180868300,165504160.00
20200109,0.920,0.930,0.908,0.920,166522000,153043664.00
20200110,0.925,0.929,0.908,0.916,52913300,48407068.00
20200113,0.911,0.930,0.900,0.929,58502300,53601872.00
20200114,0.930,0.940,0.925,0.926,81980500,76403104.00
20200115,0.924,0.930,0.911,0.922,45202200,41494772.00
20200116,0.921,0.926,0.909,0.912,58924800,53966416.00
20200117,0.913,0.924,0.907,0.912,52442900,48018052.00
20200120,0.912,0.918,0.899,0.916,64192183,58292840.00
20200121,0.909,0.909,0.891,0.897,115959100,104196376.00
20200122,0.885,0.907,0.874,0.902,106210900,94324104.00
20200123,0.890,0.917,0.865,0.878,97898300,87617256.00
20200203,0.790,0.830,0.790,0.790,83671100,66942760.00
20200204,0.794,0.840,0.787,0.832,93435563,76804568.00
20200205,0.840,0.869,0.833,0.849,93384000,79291784.00
20200206,0.849,0.910,0.843,0.909,88020300,78252720.00
20200207,0.905,0.936,0.900,0.931,115944800,106747680.00
20200210,0.922,0.936,0.903,0.921,52247163,48142188.00
20200211,0.925,0.925,0.902,0.912,38102896,34754996.00
20200212,0.913,0.935,0.909,0.934,56567067,52377776.00
20200213,0.933,0.933,0.908,0.916,111446733,102527240.00
20200214,0.909,0.926,0.904,0.918,101981500,93282472.00
20200217,0.926,0.947,0.918,0.947,75822800,70966600.00
20200218,0.956,0.960,0.934,0.959,55406400,52615784.00
20200219,0.951,0.953,0.926,0.929,95048767,89230736.00
20200220,0.935,0.947,0.925,0.947,96013990,90169456.00
20200221,0.946,0.981,0.943,0.971,109505481,105874984.00
20200224,0.967,0.984,0.956,0.982,77235500,75065720.00
20200225,0.955,0.978,0.920,0.975,109018500,104022872.00
20200226,0.953,0.965,0.928,0.936,81070300,76765760.00
20200227,0.940,0.958,0.921,0.946,84917529,80314112.00
20200228,0.916,0.932,0.889,0.893,104951030,95984688.00
20200302,0.900,0.924,0.887,0.917,55232700,50015672.00
20200303,0.931,0.949,0.909,0.919,62820151,58673336.00
20200304,0.913,0.924,0.899,0.918,35276600,32141684.00
20200305,0.935,0.939,0.918,0.929,49310300,45839024.00
20200306,0.919,0.929,0.910,0.917,36779900,33838876.00
20200309,0.899,0.905,0.869,0.871,71561000,63272356.00
20200310,0.866,0.902,0.859,0.901,65452800,57666752.00
20200311,0.899,0.906,0.880,0.884,67419900,60405188.00
20200312,0.874,0.874,0.855,0.865,52550500,45465436.00
20200313,0.821,0.869,0.817,0.860,67454900,57206576.00
20200316,0.862,0.865,0.819,0.822,47242967,40192592.00
20200317,0.823,0.845,0.799,0.826,53592600,44020932.00
20200318,0.834,0.852,0.810,0.813,33874300,28219976.00
20200319,0.814,0.825,0.798,0.824,56430233,45993348.00
20200320,0.830,0.843,0.823,0.839,43134800,36059748.00
20200323,0.811,0.830,0.801,0.808,28219500,23054738.00
20200324,0.822,0.831,0.791,0.814,26139700,21172834.00
20200325,0.832,0.840,0.823,0.836,30673400,25567016.00
20200326,0.830,0.844,0.824,0.835,37367400,31221374.00
20200327,0.841,0.843,0.818,0.818,29887500,24768952.00
20200330,0.804,0.818,0.775,0.789,33323100,26248152.00
20200331,0.795,0.799,0.788,0.790,22226700,17618640.00
20200401,0.787,0.801,0.782,0.785,24407900,19317318.00
20200402,0.782,0.805,0.781,0.805,17295000,13684716.00
20200403,0.803,0.804,0.790,0.797,25510200,20326180.00
20200407,0.808,0.824,0.807,0.821,20798200,16964332.00
20200408,0.820,0.826,0.810,0.823,34789500,28548130.00
20200409,0.828,0.837,0.823,0.832,36984000,30762348.00
20200410,0.833,0.836,0.804,0.808,20396900,16635318.00
20200413,0.802,0.802,0.784,0.788,24404200,19300380.00
20200414,0.789,0.820,0.789,0.819,55841400,45157888.00
20200415,0.817,0.824,0.812,0.813,25162000,20626040.00
20200416,0.811,0.830,0.809,0.825,48690600,40194716.00
20200417,0.833,0.838,0.823,0.827,56795000,47279928.00
20200420,0.825,0.833,0.822,0.832,9875300,8178153.00
20200421,0.830,0.833,0.818,0.832,29995500,24823162.00
20200422,0.824,0.839,0.823,0.838,9462300,7860536.00
20200423,0.838,0.841,0.821,0.824,19445800,16123521.00
20200424,0.822,0.826,0.810,0.813,35390896,28976120.00
20200427,0.813,0.821,0.811,0.813,10707700,8752097.00
20200428,0.813,0.816,0.784,0.810,19101404,15278302.00
20200429,0.806,0.824,0.804,0.817,9748200,7976382.00
20200430,0.825,0.841,0.823,0.839,33586100,28009686.00
20200506,0.829,0.857,0.828,0.855,23312100,19680256.00
20200507,0.855,0.860,0.849,0.851,18637600,15904775.00
20200508,0.854,0.864,0.853,0.861,16136700,13865514.00
20200511,0.866,0.871,0.854,0.860,38261300,33034776.00
20200512,0.860,0.862,0.850,0.860,21230200,18189758.00
20200513,0.854,0.864,0.851,0.862,14556400,12488273.00
20200514,0.857,0.872,0.857,0.862,30776600,26563624.00
20200515,0.863,0.865,0.855,0.858,9402600,8086544.00
20200518,0.858,0.858,0.838,0.847,40574500,34450240.00
20200519,0.852,0.855,0.849,0.854,41221200,35136224.00
20200520,0.854,0.860,0.846,0.851,62281400,53279280.00
20200521,0.853,0.853,0.835,0.837,24538000,20689926.00
20200522,0.836,0.840,0.816,0.821,16151700,13323192.00
20200525,0.819,0.821,0.812,0.816,8354900,6810143.00
20200526,0.818,0.834,0.818,0.833,9116100,7549328.00
20200527,0.835,0.835,0.819,0.822,7718600,6373898.00
20200528,0.822,0.827,0.808,0.822,10145600,8277745.00
20200529,0.821,0.844,0.819,0.843,37302456,31241528.00
20200601,0.845,0.872,0.844,0.870,34271118,29578996.00
20200602,0.870,0.877,0.863,0.867,41686644,36194336.00
20200603,0.869,0.873,0.865,0.866,30077000,26118496.00
20200604,0.868,0.869,0.860,0.863,8682800,7498259.00
20200605,0.863,0.878,0.862,0.877,27765600,24255248.00
20200608,0.882,0.883,0.870,0.872,23768100,20805968.00
20200609,0.875,0.889,0.868,0.888,38575100,33973508.00
20200610,0.888,0.888,0.877,0.884,21650700,19071704.00
20200611,0.883,0.901,0.881,0.889,50513200,45016868.00
20200612,0.870,0.904,0.867,0.902,42547000,37870056.00
20200615,0.905,0.922,0.901,0.907,69743000,63715848.00
20200616,0.915,0.918,0.903,0.915,44002700,40091480.00
20200617,0.919,0.919,0.904,0.918,32890700,29989200.00
20200618,0.916,0.928,0.902,0.915,22189300,20298260.00
20200619,0.911,0.923,0.906,0.916,38563800,35346716.00
20200622,0.915,0.917,0.909,0.914,34825337,31811080.00
20200623,0.913,0.947,0.913,0.940,57642400,53687080.00
20200624,0.941,0.951,0.940,0.944,45580100,43110912.00
20200629,0.939,0.942,0.923,0.929,25726400,23931476.00
20200630,0.932,0.952,0.930,0.948,97925500,92701752.00
20200701,0.949,0.955,0.933,0.947,41683500,39350008.00
20200702,0.945,0.958,0.938,0.950,44849800,42600124.00
20200703,0.946,0.957,0.936,0.956,67949393,64268848.00
20200706,0.960,0.992,0.945,0.987,96851432,93725880.00
20200707,1.000,1.021,0.973,1.015,92568032,92810728.00
20200708,1.003,1.022,0.985,1.016,115263568,116335688.00
20200709,1.018,1.063,1.016,1.057,105839700,110514584.00
20200710,1.046,1.068,1.038,1.056,68583520,72469048.00
20200713,1.050,1.079,1.043,1.078,54942500,58481072.00
20200714,1.069,1.093,1.047,1.070,67479399,72131808.00
20200715,1.070,1.071,1.017,1.027,80923948,83932896.00
20200716,1.028,1.059,0.986,0.994,122003500,125669320.00
20200717,0.995,1.024,0.980,1.001,97754300,97925552.00
20200720,1.019,1.023,0.991,1.022,65703400,66375512.00
20200721,1.023,1.034,1.011,1.026,55945756,57215548.00
20200722,1.026,1.045,1.013,1.034,58064400,60013468.00
20200723,1.024,1.028,0.989,1.016,76042200,76407016.00
20200724,1.011,1.013,0.952,0.963,67410800,65927524.00
20200727,0.958,0.975,0.951,0.960,23617900,22697560.00
20200728,0.969,0.978,0.961,0.977,32156200,31170800.00
20200729,0.975,1.008,0.971,1.007,32381200,32218558.00
20200730,1.010,1.012,0.989,0.989,24118300,24067492.00
20200731,0.989,1.010,0.981,1.000,41088400,40889292.00
20200803,1.012,1.018,0.999,1.018,47115400,47524268.00
20200804,1.019,1.019,0.993,1.000,52101600,52312976.00
20200805,0.997,1.014,0.993,1.007,40340100,40553704.00
20200806,1.006,1.008,0.979,0.988,69138800,68299344.00
20200807,0.982,0.987,0.955,0.972,65095500,63087300.00
20200810,0.969,0.990,0.969,0.986,69030000,67678288.00
20200811,0.989,0.991,0.963,0.966,39972400,39058416.00
20200812,0.962,0.966,0.941,0.964,57196600,54466360.00
20200813,0.967,0.970,0.958,0.964,32757100,31601080.00
20200814,0.964,0.978,0.961,0.978,27050500,26265754.00
20200817,0.987,0.997,0.978,0.996,29423000,29138584.00
20200818,0.997,1.000,0.986,0.998,38459900,38183096.00
20200819,0.998,0.999,0.970,0.971,49814500,48812528.00
20200820,0.967,0.981,0.961,0.975,41787400,40689112.00
20200821,0.980,1.010,0.980,1.005,77730300,77948408.00
20200824,1.012,1.030,1.001,1.026,72068800,73407352.00
20200825,1.024,1.035,1.021,1.027,64838100,66595360.00
20200826,1.030,1.035,1.015,1.021,51164300,52421528.00
20200827,1.024,1.033,1.018,1.025,46072700,47271220.00
20200828,1.025,1.042,1.018,1.042,47471100,48927792.00
20200831,1.043,1.055,1.027,1.028,59081200,61585948.00
20200901,1.025,1.032,1.015,1.032,37285000,38200512.00
20200902,1.030,1.046,1.025,1.043,33895200,35141808.00
20200903,1.043,1.043,1.026,1.031,81189100,83972240.00
20200904,1.008,1.030,1.008,1.028,32062000,32708824.00
20200907,1.028,1.037,1.000,1.006,30749100,31235608.00
20200908,1.003,1.018,1.003,1.017,24205600,24460864.00
20200909,1.005,1.008,0.976,0.978,38994100,38595668.00
20200910,0.981,0.988,0.948,0.952,27142300,26245808.00
20200911,0.951,0.972,0.947,0.971,27767100,26676132.00
20200914,0.976,0.987,0.971,0.983,43837100,42918552.00
20200915,0.983,0.992,0.981,0.987,17933800,17688548.00
20200916,0.985,0.986,0.974,0.981,20073100,19702158.00
20200917,0.980,0.984,0.968,0.978,16917000,16498088.00
20200918,0.974,0.998,0.974,0.996,20800300,20540680.00
20200921,0.999,1.001,0.980,0.980,17577700,17366484.00
20200922,0.970,0.983,0.962,0.968,17168600,16668511.00
20200923,0.972,0.984,0.970,0.979,14500600,14148595.00
20200924,0.974,0.986,0.959,0.959,30229400,29483896.00
20200925,0.965,0.968,0.957,0.961,11271799,10838185.00
20200928,0.963,0.972,0.952,0.956,8754400,8410101.00
20200929,0.955,0.968,0.955,0.965,11534666,11110821.00
20200930,0.966,0.973,0.954,0.962,18454600,17830212.00
20201009,0.980,0.988,0.967,0.979,17704800,17292604.00
20201012,0.981,0.993,0.974,0.992,39734800,39055400.00
20201013,0.986,0.994,0.973,0.991,48345600,47523536.00
20201014,1.002,1.010,0.985,0.989,38453000,38256568.00
20201015,0.988,0.992,0.972,0.975,29429000,28872276.00
20201016,0.971,0.978,0.969,0.976,24598400,23928608.00
20201019,0.977,0.979,0.961,0.965,19351800,18759032.00
20201020,0.965,0.976,0.963,0.976,16587500,16095950.00
20201021,0.975,0.981,0.964,0.969,18364100,17833132.00
20201022,0.968,0.968,0.952,0.956,17067300,16314787.00
20201023,0.955,0.961,0.928,0.935,27287400,25711236.00
20201026,0.931,0.938,0.915,0.937,64403400,59414800.00
20201027,0.933,0.935,0.927,0.932,14555500,13549828.00
20201028,0.930,0.947,0.922,0.944,22324300,20890882.00
20201029,0.935,0.943,0.925,0.941,18540900,17359952.00
20201030,0.941,0.944,0.913,0.917,30461300,28253324.00
20201102,0.916,0.925,0.907,0.913,13028400,11918184.00
20201103,0.920,0.930,0.910,0.928,22448400,20756844.00
20201104,0.930,0.930,0.912,0.922,18232704,16749631.00
20201105,0.931,0.938,0.924,0.937,45100273,42065476.00
20201106,0.937,0.939,0.923,0.932,22332300,20785084.00
20201109,0.936,0.950,0.933,0.945,56173400,52980596.00
20201110,0.955,0.958,0.931,0.935,43149100,40550688.00
20201111,0.930,0.933,0.913,0.914,28651700,26395652.00
20201112,0.916,0.924,0.908,0.915,24689100,22582740.00
20201113,0.913,0.913,0.901,0.910,30550000,27696412.00
20201116,0.909,0.916,0.908,0.916,24550400,22409010.00
20201117,0.918,0.918,0.900,0.907,44487300,40294472.00
20201118,0.908,0.910,0.901,0.905,32029200,28987252.00
20201119,0.903,0.910,0.892,0.909,32987600,29833124.00
20201120,0.910,0.915,0.906,0.913,25143200,22914352.00
20201123,0.913,0.914,0.901,0.904,74610900,67486824.00
20201124,0.903,0.907,0.895,0.901,41750100,37593644.00
20201125,0.903,0.903,0.881,0.885,88310000,78719232.00
20201126,0.884,0.890,0.881,0.887,26204400,23204176.00
20201127,0.888,0.891,0.881,0.891,28153900,24936792.00
20201130,0.889,0.912,0.881,0.906,79463300,71715976.00
20201201,0.906,0.934,0.903,0.931,138640600,128224720.00
20201202,0.932,0.939,0.925,0.931,89750900,83564552.00
20201203,0.927,0.936,0.925,0.932,79266700,73683016.00
20201204,0.930,0.932,0.920,0.930,48869600,45243892.00
20201207,0.928,0.928,0.915,0.916,49654994,45610272.00
20201208,0.916,0.928,0.916,0.918,40786294,37598568.00
20201209,0.915,0.920,0.897,0.898,49813700,45196756.00
20201210,0.896,0.904,0.891,0.900,25789294,23146880.00
20201211,0.899,0.903,0.865,0.872,131545700,115065184.00
20201214,0.872,0.876,0.863,0.876,76542800,66625680.00
20201215,0.875,0.885,0.872,0.879,51548000,45273824.00
20201216,0.879,0.881,0.860,0.864,164045400,141447392.00
20201217,0.861,0.864,0.847,0.862,65900800,56425408.00
20201218,0.867,0.871,0.859,0.864,53376300,46224872.00
20201221,0.864,0.879,0.860,0.877,77178200,67440608.00
20201222,0.877,0.877,0.860,0.862,69879000,60625108.00
20201223,0.862,0.862,0.851,0.858,53280300,45631436.00
20201224,0.856,0.856,0.837,0.838,89951700,75926848.00
20201225,0.836,0.837,0.824,0.829,70537701,58484184.00
20201228,0.830,0.832,0.813,0.817,74969200,61332008.00
20201229,0.816,0.845,0.814,0.842,114230096,95562408.00
20201230,0.839,0.853,0.833,0.850,135236400,114181096.00
20201231,0.852,0.864,0.848,0.862,72125100,61833504.00
20210104,0.867,0.876,0.861,0.874,116512200,101361192.00
20210105,0.870,0.877,0.860,0.868,89663510,77764136.00
20210106,0.862,0.866,0.851,0.862,107313000,92070480.00
20210107,0.862,0.863,0.832,0.841,125660900,105938464.00
20210108,0.834,0.878,0.834,0.874,143609400,124287568.00
20210111,0.876,0.889,0.867,0.880,116609717,102548008.00
20210112,0.878,0.879,0.862,0.875,157692317,136954544.00
20210113,0.871,0.875,0.866,0.871,106363200,92604160.00
20210114,0.873,0.881,0.863,0.870,123943600,108206336.00
20210115,0.869,0.872,0.860,0.867,105887200,91618072.00
20210118,0.869,0.883,0.864,0.878,123239110,108069216.00
20210119,0.880,0.882,0.871,0.875,114566242,100412224.00
20210120,0.878,0.880,0.869,0.875,95464410,83492280.00
20210121,0.878,0.898,0.878,0.895,160442600,142942656.00
20210122,0.894,0.894,0.873,0.884,120169088,105952120.00
20210125,0.883,0.883,0.866,0.873,101195500,88468320.00
20210126,0.868,0.879,0.860,0.862,89578800,77678856.00
20210127,0.863,0.905,0.863,0.897,234215721,208710480.00
20210128,0.894,0.910,0.883,0.887,235645026,211186016.00
20210129,0.888,0.891,0.862,0.874,122953821,107778264.00
20210201,0.877,0.883,0.869,0.882,69200000,60709384.00
20210202,0.882,0.887,0.868,0.877,81625004,71561200.00
20210203,0.875,0.883,0.867,0.871,135121870,118227184.00
20210204,0.863,0.869,0.832,0.842,138324170,116802608.00
20210205,0.842,0.853,0.828,0.830,72576500,61011984.00
20210208,0.828,0.839,0.818,0.837,108782571,90205120.00
20210209,0.837,0.850,0.831,0.850,75055371,63106940.00
20210210,0.848,0.853,0.843,0.852,103656100,87976192.00
20210218,0.888,0.891,0.859,0.861,176271002,153433904.00
20210219,0.856,0.886,0.855,0.885,152293318,132947128.00
20210222,0.886,0.889,0.864,0.865,179893302,157867024.00
20210223,0.859,0.863,0.848,0.850,106835400,91254264.00
20210224,0.848,0.865,0.845,0.851,79596900,68193984.00
20210225,0.854,0.858,0.844,0.848,65932700,55942360.00
20210226,0.839,0.843,0.831,0.836,79986833,66962184.00
20210301,0.839,0.860,0.839,0.860,63359527,53990712.00
20210302,0.861,0.862,0.840,0.845,55782800,47348464.00
20210303,0.845,0.858,0.840,0.857,44252200,37772024.00
20210304,0.852,0.854,0.843,0.846,69328300,58713040.00
20210305,0.839,0.859,0.833,0.857,58868400,50117808.00
20210308,0.860,0.873,0.842,0.845,82948700,71296456.00
20210309,0.841,0.849,0.817,0.835,79419856,66265792.00
20210310,0.837,0.841,0.818,0.818,80246600,66286104.00
20210311,0.820,0.831,0.815,0.827,76315400,62856704.00
20210312,0.826,0.828,0.813,0.817,58361599,47709520.00
20210315,0.812,0.815,0.798,0.802,209998900,168314496.00
20210316,0.800,0.805,0.796,0.805,42420300,33956872.00
20210317,0.803,0.812,0.799,0.811,59058100,47683800.00
20210318,0.810,0.813,0.805,0.807,90247400,72997448.00
20210319,0.802,0.804,0.790,0.794,62819450,50057264.00
20210322,0.792,0.801,0.790,0.801,47052700,37428060.00
20210323,0.801,0.802,0.795,0.799,46976300,37493568.00
20210324,0.798,0.806,0.795,0.803,28116188,22496138.00
20210325,0.801,0.808,0.796,0.800,26342000,21103864.00
20210326,0.800,0.808,0.800,0.806,35592100,28636434.00
20210329,0.806,0.807,0.791,0.794,67284000,53478796.00
20210330,0.794,0.794,0.786,0.788,46702110,36873096.00
20210331,0.790,0.793,0.787,0.791,42489501,33556940.00
20210401,0.792,0.795,0.787,0.794,35497000,28066752.00
20210402,0.796,0.802,0.791,0.799,68102500,54306108.00
20210406,0.800,0.809,0.799,0.808,48208900,38827724.00
20210407,0.807,0.807,0.799,0.806,46396900,37246292.00
20210408,0.804,0.807,0.800,0.802,26563700,21345014.00
20210409,0.801,0.804,0.799,0.802,26821433,21500570.00
20210412,0.802,0.802,0.786,0.787,42612600,33750636.00
20210413,0.786,0.793,0.781,0.784,51000351,40140104.00
20210414,0.784,0.798,0.782,0.797,58609200,46475624.00
20210415,0.795,0.796,0.786,0.791,40442900,31924088.00
20210416,0.790,0.802,0.789,0.799,35486029,28305100.00
20210419,0.799,0.811,0.794,0.810,51262400,41296004.00
20210420,0.810,0.824,0.805,0.814,59050800,48264196.00
20210421,0.810,0.813,0.808,0.811,24281729,19675220.00
20210422,0.811,0.819,0.809,0.816,22701329,18499278.00
20210423,0.820,0.823,0.809,0.813,22610600,18388768.00
20210426,0.813,0.824,0.809,0.810,43040200,35029172.00
20210427,0.808,0.817,0.804,0.807,42172500,34171648.00
20210428,0.804,0.816,0.804,0.815,44338700,36051896.00
20210429,0.812,0.818,0.807,0.813,93097600,75728144.00
20210430,0.812,0.817,0.802,0.805,64763500,52230056.00
20210506,0.802,0.805,0.790,0.796,56338900,44894876.00
20210507,0.796,0.802,0.791,0.791,63029800,50168904.00
20210510,0.791,0.794,0.784,0.793,51702600,40779472.00
20210511,0.790,0.791,0.777,0.787,57702100,45244008.00
20210512,0.784,0.800,0.779,0.800,58165700,46037484.00
20210513,0.796,0.803,0.793,0.797,25688000,20500056.00
20210514,0.798,0.806,0.797,0.806,52109100,41848232.00
20210517,0.807,0.818,0.802,0.810,69438900,56384960.00
20210518,0.810,0.818,0.808,0.815,49521213,40323844.00
20210519,0.815,0.817,0.808,0.814,30581000,24883060.00
20210520,0.813,0.827,0.807,0.822,48485900,39637548.00
20210521,0.822,0.829,0.814,0.816,34144800,28053700.00
20210524,0.814,0.825,0.812,0.825,34592478,28383136.00
20210525,0.825,0.839,0.822,0.837,63438496,52824428.00
20210526,0.837,0.840,0.829,0.831,39023251,32557992.00
20210527,0.830,0.841,0.830,0.838,43646500,36555456.00
20210528,0.836,0.843,0.825,0.830,52080227,43327552.00
20210531,0.830,0.830,0.822,0.828,26883651,22232856.00
20210601,0.828,0.831,0.822,0.828,33350089,27574228.00
20210602,0.830,0.831,0.814,0.814,48113700,39448088.00
20210603,0.815,0.827,0.815,0.815,30870300,25331134.00
20210604,0.816,0.824,0.814,0.821,29153500,23888064.00
20210607,0.821,0.833,0.818,0.832,45086200,37243824.00
20210608,0.833,0.836,0.824,0.836,56568000,47057776.00
20210609,0.835,0.835,0.827,0.830,28538500,23722532.00
20210610,0.831,0.842,0.831,0.837,51273787,42996284.00
20210611,0.838,0.841,0.822,0.825,36535813,30314352.00
20210615,0.825,0.827,0.818,0.822,28209900,23203532.00
20210616,0.821,0.822,0.806,0.807,45629400,37069848.00
20210617,0.807,0.810,0.801,0.804,45164300,36315784.00
20210618,0.804,0.812,0.800,0.811,56687700,45651252.00
20210621,0.810,0.818,0.803,0.818,50636300,41124428.00
20210622,0.816,0.820,0.809,0.814,28566200,23224332.00
20210623,0.815,0.818,0.809,0.816,41965400,34163124.00
20210624,0.816,0.818,0.802,0.805,50701529,40958284.00
20210625,0.804,0.806,0.798,0.806,110833000,88933088.00
20210628,0.806,0.813,0.803,0.811,56509429,45747256.00
20210629,0.809,0.810,0.802,0.803,34960300,28190860.00
20210630,0.803,0.803,0.797,0.802,65769900,52635836.00
20210701,0.804,0.808,0.795,0.796,53040200,42413216.00
20210702,0.795,0.799,0.784,0.787,87914086,69416104.00
20210705,0.785,0.790,0.767,0.772,133400300,103377280.00
20210706,0.772,0.774,0.763,0.774,75436600,57989904.00
20210707,0.766,0.774,0.766,0.773,62129100,47837788.00
20210708,0.772,0.773,0.758,0.760,85719100,65348856.00
20210709,0.759,0.761,0.755,0.760,53128400,40268736.00
20210712,0.765,0.768,0.754,0.765,62516097,47793252.00
20210713,0.765,0.780,0.761,0.780,80686800,62507556.00
20210714,0.779,0.780,0.766,0.769,80414400,61931464.00
20210715,0.769,0.769,0.755,0.765,100365500,76377712.00
20210716,0.766,0.770,0.762,0.769,45749300,35038684.00
20210719,0.766,0.767,0.754,0.759,84816700,64302224.00
20210720,0.754,0.758,0.752,0.756,44531800,33592812.00
20210721,0.757,0.762,0.756,0.758,38438300,29149342.00
20210722,0.759,0.762,0.755,0.759,49696200,37757472.00
20210723,0.759,0.759,0.741,0.742,164503600,122826616.00
20210726,0.740,0.742,0.707,0.712,315534400,229124432.00
20210727,0.712,0.715,0.688,0.692,107225903,75130320.00
20210728,0.692,0.695,0.679,0.683,143439400,97899808.00
20210729,0.690,0.697,0.690,0.693,74791979,51865688.00
20210730,0.692,0.692,0.683,0.689,77375779,53053412.00
20210802,0.686,0.701,0.682,0.700,54910900,38080468.00
20210803,0.695,0.697,0.687,0.691,62439400,43227848.00
20210804,0.691,0.691,0.681,0.683,89285100,61036956.00
20210805,0.681,0.682,0.665,0.667,171613600,115591952.00
20210806,0.668,0.668,0.658,0.663,70497100,46641860.00
20210809,0.660,0.679,0.659,0.679,75284700,50667560.00
20210810,0.679,0.692,0.673,0.690,76407926,52155512.00
20210811,0.689,0.698,0.684,0.689,70901426,49113016.00
20210812,0.689,0.697,0.686,0.688,57038626,39419400.00
20210813,0.690,0.690,0.681,0.685,79837400,54619924.00
20210816,0.687,0.691,0.683,0.690,37833142,26013494.00
20210817,0.689,0.689,0.674,0.674,51303229,34929612.00
20210818,0.674,0.678,0.668,0.677,84849168,56987984.00
20210819,0.677,0.686,0.675,0.683,78118500,53333636.00
20210820,0.679,0.679,0.665,0.671,88982400,59723812.00
20210823,0.671,0.688,0.668,0.687,58280126,39673216.00
20210824,0.685,0.686,0.680,0.684,71054600,48580696.00
20210825,0.683,0.696,0.682,0.696,96992686,67174896.00
20210826,0.696,0.697,0.687,0.689,45307200,31252348.00
20210827,0.687,0.689,0.672,0.679,60954900,41501708.00
20210830,0.675,0.679,0.670,0.675,128365000,86491608.00
20210831,0.673,0.679,0.668,0.678,62022800,41808560.00
20210901,0.677,0.706,0.677,0.703,208761156,145504080.00
20210902,0.704,0.710,0.699,0.702,93669300,65960180.00
20210903,0.700,0.708,0.698,0.703,128784301,90616616.00
20210906,0.704,0.714,0.701,0.711,119210942,84628336.00
20210907,0.712,0.729,0.708,0.727,152678542,110233304.00
20210908,0.727,0.763,0.727,0.762,444845809,331600160.00
20210909,0.750,0.750,0.736,0.740,238019842,176429088.00
20210910,0.739,0.741,0.730,0.735,174330768,128452144.00
20210913,0.733,0.754,0.726,0.744,181676956,135086064.00
20210914,0.742,0.747,0.727,0.729,135323400,99744288.00
20210915,0.724,0.737,0.723,0.734,85266900,62443344.00
20210916,0.734,0.742,0.721,0.723,101739440,74394656.00
20210917,0.723,0.725,0.707,0.717,139922758,100078928.00
20210922,0.714,0.715,0.706,0.709,85160100,60480832.00
20210923,0.713,0.727,0.713,0.720,117224600,84529000.00
20210924,0.721,0.730,0.719,0.721,91430374,66247264.00
20210927,0.719,0.722,0.704,0.709,80978395,57611856.00
20210928,0.710,0.712,0.701,0.703,77549600,54529268.00
20210929,0.700,0.701,0.687,0.689,138551200,95822944.00
20210930,0.689,0.701,0.689,0.697,69927043,48737320.00
20211008,0.704,0.716,0.702,0.715,78964343,56020680.00
20211011,0.717,0.725,0.711,0.720,88163800,63376604.00
20211012,0.719,0.719,0.694,0.701,130952400,91955384.00
20211013,0.699,0.705,0.695,0.704,104540000,73209816.00
20211014,0.702,0.708,0.700,0.707,80994993,57159840.00
20211015,0.706,0.708,0.701,0.701,55042600,38709792.00
20211018,0.702,0.702,0.688,0.692,85594700,59136904.00
20211019,0.691,0.697,0.688,0.695,75219093,52165800.00
20211020,0.697,0.698,0.691,0.695,45025537,31243614.00
20211021,0.692,0.695,0.685,0.689,134994499,93205008.00
20211022,0.690,0.699,0.689,0.696,118835777,82681744.00
20211025,0.694,0.696,0.687,0.690,108286412,74638672.00
20211026,0.689,0.692,0.685,0.687,109099400,75076464.00
20211027,0.688,0.688,0.676,0.679,265397100,180275520.00
20211028,0.680,0.680,0.669,0.677,104494200,70391840.00
20211029,0.678,0.700,0.675,0.697,189207700,131110600.00
20211101,0.697,0.716,0.696,0.708,168147112,119106080.00
20211102,0.708,0.714,0.694,0.701,87751400,61684812.00
20211103,0.700,0.722,0.697,0.713,144508353,103117048.00
20211104,0.713,0.724,0.710,0.724,103537900,74392320.00
20211105,0.724,0.750,0.722,0.740,442611771,328043136.00
20211108,0.741,0.751,0.732,0.745,127607912,94860336.00
20211109,0.744,0.747,0.736,0.740,100062500,74158904.00
20211110,0.743,0.755,0.739,0.746,179113705,133566704.00
20211111,0.738,0.765,0.735,0.758,128563290,96675144.00
20211112,0.754,0.765,0.753,0.758,104418106,79265160.00
20211115,0.757,0.790,0.757,0.785,293359900,229450224.00
20211116,0.783,0.803,0.780,0.791,246197981,195891712.00
20211117,0.788,0.802,0.788,0.794,107577381,85747824.00
20211118,0.792,0.799,0.769,0.774,169156906,131709024.00
20211119,0.772,0.786,0.770,0.776,76144087,59235040.00
20211122,0.774,0.782,0.769,0.774,85701800,66463604.00
20211123,0.771,0.776,0.759,0.776,118164980,90789456.00
20211124,0.773,0.790,0.768,0.785,84479699,65840892.00
20211125,0.778,0.783,0.761,0.765,97829100,75340720.00
20211126,0.759,0.765,0.754,0.755,106769499,80892888.00
20211129,0.747,0.751,0.738,0.743,283595199,210402128.00
20211130,0.743,0.750,0.736,0.741,124174128,92094920.00
20211201,0.740,0.755,0.740,0.753,72385400,54113288.00
20211202,0.747,0.750,0.737,0.737,73648800,54668912.00
20211203,0.737,0.746,0.737,0.744,88882900,66014620.00
20211206,0.743,0.744,0.732,0.736,89106700,65760080.00
20211207,0.739,0.746,0.735,0.741,95731000,70778608.00
20211208,0.741,0.758,0.735,0.755,134070517,100311224.00
20211209,0.755,0.770,0.754,0.765,100164700,76413008.00
20211210,0.763,0.782,0.760,0.776,132832351,102877952.00
20211213,0.780,0.809,0.780,0.808,372232400,296986624.00
20211214,0.805,0.820,0.799,0.811,202149900,164004592.00
20211215,0.809,0.822,0.804,0.812,180766000,146696640.00
20211216,0.810,0.834,0.805,0.826,159121274,130983720.00
20211217,0.825,0.833,0.814,0.822,142622200,117409736.00
20211220,0.818,0.827,0.793,0.796,134074200,107994088.00
20211221,0.795,0.815,0.794,0.811,100206979,80886304.00
20211222,0.812,0.845,0.810,0.838,156761079,130575576.00
20211223,0.838,0.844,0.827,0.828,102411279,85241368.00
20211224,0.828,0.842,0.821,0.832,97413825,81118200.00
20211227,0.830,0.831,0.808,0.816,112048300,91602992.00
20211228,0.813,0.826,0.812,0.816,115350006,94457672.00
20211229,0.814,0.814,0.802,0.803,80149625,64707336.00
20211230,0.803,0.849,0.802,0.844,205457076,171534864.00
20211231,0.849,0.860,0.839,0.858,255138050,218151648.00
20220104,0.860,0.896,0.858,0.891,195673350,172337120.00
20220105,0.887,0.903,0.878,0.892,222933335,198124720.00
20220106,0.887,0.887,0.865,0.879,162530949,142461216.00
20220107,0.874,0.903,0.861,0.864,202376998,179321328.00
20220110,0.858,0.867,0.841,0.864,156418000,134138816.00
20220111,0.859,0.866,0.831,0.835,302315000,255457840.00
20220112,0.836,0.849,0.830,0.843,156711150,131756632.00
20220113,0.842,0.846,0.822,0.824,102047800,84990384.00
20220114,0.817,0.841,0.816,0.831,143222025,118988640.00
20220117,0.832,0.860,0.832,0.860,214214175,182591424.00
20220118,0.859,0.865,0.838,0.842,182381801,155026864.00
20220119,0.843,0.862,0.841,0.849,106186683,90393336.00
20220120,0.848,0.848,0.822,0.827,156014900,129784744.00
20220121,0.820,0.830,0.801,0.803,145926330,118360128.00
20220124,0.797,0.809,0.795,0.804,202495000,162135728.00
20220125,0.802,0.803,0.751,0.754,301352330,231525824.00
20220126,0.754,0.764,0.743,0.754,159025800,119643424.00
20220127,0.749,0.751,0.721,0.723,330569700,242971136.00
20220128,0.726,0.738,0.721,0.727,152938100,111589168.00
20220207,0.729,0.730,0.713,0.720,103097700,74280816.00
20220208,0.720,0.732,0.711,0.731,179195000,129619968.00
20220209,0.728,0.754,0.726,0.753,189058000,140065776.00
20220210,0.750,0.763,0.741,0.762,185339769,140028416.00
20220211,0.755,0.764,0.740,0.743,187986178,141225840.00
20220214,0.739,0.755,0.737,0.745,124415200,92850064.00
20220215,0.745,0.758,0.745,0.751,112026100,84076280.00
20220216,0.755,0.758,0.749,0.754,85975600,64768524.00
20220217,0.748,0.750,0.738,0.740,96271700,71621136.00
20220218,0.734,0.746,0.731,0.745,76326816,56511136.00
20220221,0.745,0.753,0.742,0.752,84881269,63549176.00
20220222,0.743,0.743,0.712,0.718,196815569,141636512.00
20220223,0.718,0.735,0.718,0.733,109178226,79636272.00
20220224,0.726,0.730,0.690,0.701,192427600,135974592.00
20220225,0.707,0.715,0.704,0.707,129756843,92053232.00
20220228,0.704,0.706,0.691,0.704,180765700,125959648.00
20220301,0.702,0.712,0.702,0.712,131710243,93221832.00
20220302,0.705,0.712,0.702,0.707,134331200,95135184.00
20220303,0.710,0.711,0.698,0.703,156861657,110159040.00
20220304,0.696,0.708,0.694,0.701,145529800,101848280.00
20220307,0.696,0.697,0.680,0.685,161114800,110742384.00
20220308,0.681,0.687,0.660,0.662,203979042,137363040.00
20220309,0.665,0.667,0.626,0.655,162550002,105981336.00
20220310,0.667,0.672,0.657,0.658,119445018,79322520.00
20220311,0.649,0.671,0.645,0.667,103226092,67871928.00
20220314,0.658,0.671,0.646,0.647,65213455,42715872.00
20220315,0.640,0.642,0.589,0.608,126888400,79358944.00
20220316,0.616,0.636,0.599,0.635,137584700,84797440.00
20220317,0.643,0.670,0.643,0.657,198102200,130345808.00
20220318,0.656,0.666,0.650,0.662,71870298,47364880.00
20220321,0.666,0.670,0.653,0.663,61362100,40577824.00
20220322,0.658,0.672,0.653,0.667,55979400,37162372.00
20220323,0.670,0.675,0.664,0.670,73330400,49164156.00
20220324,0.667,0.667,0.653,0.654,56392000,37113168.00
20220325,0.654,0.665,0.654,0.655,49026600,32293770.00
20220328,0.654,0.669,0.651,0.665,102874300,68197776.00
20220329,0.665,0.667,0.653,0.656,69267029,45636356.00
20220330,0.656,0.672,0.655,0.671,96451918,64118144.00
20220331,0.666,0.675,0.662,0.670,75468147,50468032.00
20220401,0.662,0.691,0.657,0.691,167117081,113829640.00
20220406,0.689,0.700,0.686,0.693,118077281,81837680.00
20220407,0.690,0.694,0.673,0.675,146029900,100094808.00
20220408,0.673,0.675,0.654,0.658,109083500,72101280.00
20220411,0.656,0.656,0.632,0.635,117617702,75803120.00
20220412,0.653,0.657,0.635,0.653,115224900,74589496.00
20220413,0.645,0.645,0.628,0.630,181179589,115555456.00
20220414,0.636,0.641,0.629,0.635,124023500,78798736.00
20220415,0.631,0.631,0.618,0.621,89485500,55762080.00
20220418,0.616,0.618,0.603,0.616,110964100,67744160.00
20220419,0.615,0.621,0.611,0.620,156966000,96744080.00
20220420,0.620,0.628,0.614,0.617,97268458,60481592.00
20220421,0.611,0.618,0.594,0.597,143949100,87190352.00
20220422,0.593,0.596,0.582,0.589,153905517,90579960.00
20220425,0.578,0.581,0.546,0.550,298874083,169513776.00
20220426,0.553,0.565,0.543,0.548,151932017,84227784.00
20220427,0.541,0.562,0.531,0.561,149400101,81244704.00
20220428,0.554,0.557,0.541,0.550,130270900,71481136.00
20220429,0.552,0.596,0.551,0.590,208151400,120209928.00
20220505,0.582,0.589,0.578,0.587,124838400,72970576.00
20220506,0.570,0.578,0.566,0.573,98811700,56391588.00
20220509,0.569,0.584,0.569,0.580,53955900,31190626.00
20220510,0.572,0.584,0.567,0.583,61179601,35310960.00
20220511,0.582,0.601,0.582,0.586,132401801,78500072.00
20220512,0.580,0.588,0.577,0.586,82265401,47925480.00
20220513,0.588,0.590,0.581,0.588,61109700,35818324.00
20220516,0.590,0.593,0.586,0.590,81830900,48250648.00
20220517,0.589,0.592,0.580,0.590,73468600,43152348.00
20220518,0.592,0.599,0.586,0.587,67476600,39950616.00
20220519,0.575,0.586,0.575,0.585,70517901,40980000.00
20220520,0.588,0.595,0.586,0.595,71964095,42520852.00
20220523,0.602,0.611,0.596,0.599,106059200,63827656.00
20220524,0.598,0.602,0.576,0.577,104475400,61701808.00
20220525,0.576,0.601,0.572,0.600,141208253,83200664.00
20220526,0.600,0.610,0.592,0.606,138466653,83386536.00
20220527,0.608,0.611,0.594,0.601,94971600,57289992.00
20220530,0.602,0.604,0.596,0.603,109262900,65645956.00
20220531,0.601,0.617,0.598,0.614,148103064,90144384.00
20220601,0.614,0.622,0.610,0.615,95403208,58770680.00
20220602,0.613,0.616,0.606,0.615,82139400,50086632.00
20220606,0.614,0.627,0.612,0.626,104009132,64677568.00
20220607,0.626,0.631,0.620,0.624,100488200,62893648.00
20220608,0.631,0.635,0.614,0.629,184694248,115523464.00
20220609,0.625,0.631,0.618,0.621,97485100,60888696.00
20220610,0.617,0.630,0.613,0.629,73746200,45947960.00
20220613,0.623,0.626,0.613,0.621,76245500,47170432.00
20220614,0.613,0.621,0.600,0.620,75903800,46246584.00
20220615,0.618,0.635,0.618,0.626,105749000,66196708.00
20220616,0.625,0.649,0.624,0.645,146015548,93520040.00
20220617,0.645,0.645,0.624,0.635,149756183,95049832.00
20220620,0.635,0.642,0.631,0.641,81159178,51725848.00
20220621,0.639,0.649,0.636,0.646,150165000,96610952.00
20220622,0.646,0.648,0.623,0.625,98381900,62135624.00
20220623,0.624,0.631,0.616,0.628,88892601,55431004.00
20220624,0.629,0.635,0.626,0.630,101687444,64211800.00
20220627,0.631,0.646,0.631,0.639,129679460,83166240.00
20220628,0.639,0.645,0.630,0.644,77135300,49215184.00
20220629,0.641,0.649,0.633,0.635,144744200,92866752.00
20220630,0.637,0.649,0.637,0.643,145974100,94153688.00
20220701,0.643,0.644,0.631,0.632,90067894,57253132.00
20220704,0.631,0.633,0.626,0.632,120945900,76234576.00
20220705,0.632,0.634,0.616,0.623,195304700,121612800.00
20220706,0.621,0.621,0.606,0.612,110515300,67708240.00
20220707,0.610,0.613,0.607,0.609,132825700,81016792.00
20220708,0.610,0.623,0.610,0.616,144852200,89415200.00
20220711,0.615,0.615,0.602,0.606,98248850,59572264.00
20220712,0.604,0.607,0.600,0.601,62779000,37832760.00
20220713,0.604,0.610,0.601,0.604,69948800,42303160.00
20220714,0.600,0.606,0.599,0.602,54918643,33104748.00
20220715,0.601,0.602,0.587,0.588,75989000,45131584.00
20220718,0.588,0.604,0.588,0.604,74015200,44241240.00
20220719,0.601,0.614,0.601,0.613,88406500,53725840.00
20220720,0.618,0.620,0.612,0.615,74078200,45573796.00
20220721,0.614,0.626,0.613,0.621,115404166,71603072.00
20220722,0.621,0.622,0.607,0.611,95856000,58982184.00
20220725,0.610,0.615,0.603,0.605,50179500,30465300.00
20220726,0.606,0.618,0.606,0.617,109299145,66991504.00
20220727,0.614,0.617,0.610,0.611,43775100,26846588.00
20220728,0.613,0.619,0.612,0.615,56683700,34871728.00
20220729,0.614,0.617,0.604,0.605,59645900,36365432.00
20220801,0.604,0.606,0.596,0.605,53501297,32271736.00
20220802,0.599,0.600,0.575,0.583,133537698,77964080.00
20220803,0.583,0.590,0.575,0.577,111460346,65152920.00
20220804,0.578,0.583,0.575,0.582,60760103,35215096.00
20220805,0.582,0.599,0.582,0.599,109734040,64934824.00
20220808,0.599,0.600,0.594,0.598,48131000,28712844.00
20220809,0.598,0.598,0.590,0.594,43074400,25534490.00
20220810,0.594,0.594,0.587,0.589,47665300,28127864.00
20220811,0.594,0.609,0.593,0.609,78335000,47173032.00
20220812,0.609,0.617,0.605,0.615,85540400,52375972.00
20220815,0.613,0.613,0.606,0.608,68379900,41627256.00
20220816,0.608,0.611,0.602,0.604,60408900,36574916.00
20220817,0.606,0.615,0.602,0.613,62706600,38239104.00
20220818,0.612,0.613,0.601,0.603,49554200,29954654.00
20220819,0.602,0.619,0.602,0.609,120827700,74176664.00
20220822,0.607,0.618,0.598,0.618,76698700,47011496.00
20220823,0.616,0.618,0.607,0.609,70641700,43147836.00
20220824,0.609,0.616,0.600,0.602,75901812,46041784.00
20220825,0.605,0.605,0.592,0.604,92047500,55177216.00
20220826,0.604,0.611,0.601,0.603,60719300,36813356.00
20220829,0.597,0.601,0.592,0.600,57611800,34354936.00
20220830,0.600,0.611,0.598,0.606,68476400,41501488.00
20220831,0.603,0.616,0.603,0.606,139123600,84755592.00
20220901,0.603,0.607,0.592,0.592,231177800,138288800.00
20220902,0.592,0.609,0.592,0.603,181235600,109570088.00
20220905,0.602,0.603,0.590,0.595,226451600,134406848.00
20220906,0.594,0.597,0.590,0.596,171079100,101546464.00
20220907,0.593,0.594,0.582,0.585,248732500,145483408.00
20220908,0.584,0.588,0.581,0.582,69486500,40573304.00
20220909,0.582,0.586,0.578,0.585,137278800,80046816.00
20220913,0.585,0.590,0.584,0.586,66625400,39067556.00
20220914,0.581,0.582,0.577,0.579,91247900,52868224.00
20220915,0.581,0.586,0.570,0.576,107474800,62185276.00
20220916,0.574,0.578,0.563,0.565,133682901,76375520.00
20220919,0.564,0.564,0.548,0.553,168511500,93122448.00
20220920,0.554,0.558,0.553,0.556,84413800,46914368.00
20220921,0.554,0.560,0.545,0.558,93097586,51319268.00
20220922,0.555,0.558,0.550,0.550,63838900,35381224.00
20220923,0.550,0.552,0.537,0.540,121385500,65965644.00
20220926,0.537,0.541,0.531,0.531,81675900,43747788.00
20220927,0.533,0.549,0.533,0.548,214114400,115676560.00
20220928,0.546,0.547,0.538,0.539,77662800,42118680.00
20220929,0.542,0.545,0.526,0.528,108976500,58305340.00
20220930,0.529,0.533,0.526,0.528,91773900,48598340.00
20221010,0.528,0.529,0.513,0.514,140030600,72579736.00
20221011,0.514,0.516,0.506,0.513,131873700,67397560.00
20221012,0.513,0.525,0.506,0.524,109129500,55934864.00
20221013,0.521,0.531,0.519,0.525,91908900,48252768.00
20221014,0.528,0.540,0.528,0.537,103830700,55565680.00
20221017,0.536,0.543,0.534,0.541,85174700,46000332.00
20221018,0.543,0.544,0.537,0.539,52217200,28179214.00
20221019,0.539,0.539,0.531,0.531,62494900,33330724.00
20221020,0.530,0.540,0.528,0.535,71627000,38264168.00
20221021,0.536,0.536,0.525,0.526,70054500,37037824.00
20221024,0.526,0.533,0.508,0.510,100482300,52276356.00
20221025,0.509,0.511,0.500,0.506,68100600,34391028.00
20221026,0.506,0.522,0.505,0.515,90795600,46821892.00
20221027,0.518,0.527,0.515,0.523,81991053,42793104.00
20221028,0.521,0.522,0.504,0.506,71450200,36563560.00
20221031,0.504,0.515,0.501,0.511,69617800,35376536.00
20221101,0.510,0.529,0.509,0.528,84832600,43904244.00
20221102,0.539,0.545,0.536,0.540,174815500,94644240.00
20221103,0.533,0.537,0.531,0.535,90600300,48383732.00
20221104,0.534,0.548,0.533,0.546,156975800,85377000.00
20221107,0.542,0.560,0.540,0.555,126654700,69619072.00
20221108,0.554,0.558,0.550,0.555,104108700,57613248.00
20221109,0.555,0.558,0.550,0.552,75784200,41869504.00
20221110,0.547,0.568,0.546,0.567,135338800,75808104.00
20221111,0.576,0.580,0.567,0.569,144757000,82905912.00
20221114,0.568,0.576,0.562,0.571,135742700,77599544.00
20221115,0.568,0.580,0.568,0.579,121670400,70130240.00
20221116,0.581,0.592,0.580,0.587,151068100,88857008.00
20221117,0.600,0.604,0.590,0.603,229897900,137351600.00
20221118,0.603,0.623,0.600,0.601,235889100,144305840.00
20221121,0.598,0.601,0.581,0.587,146355700,85820912.00
20221122,0.583,0.587,0.577,0.581,71879900,41834636.00
20221123,0.579,0.581,0.569,0.576,76726600,44098432.00
20221124,0.576,0.579,0.568,0.571,64579500,37049492.00
20221125,0.570,0.576,0.568,0.572,65870500,37698448.00
20221128,0.565,0.574,0.559,0.572,95894100,54444392.00
20221129,0.571,0.589,0.569,0.588,101150998,58881320.00
20221130,0.588,0.592,0.583,0.587,94937898,55870148.00
20221201,0.597,0.602,0.594,0.595,111321898,66643472.00
20221202,0.595,0.608,0.595,0.600,96018800,57909180.00
20221205,0.605,0.616,0.603,0.614,135794169,82933216.00
20221206,0.616,0.617,0.604,0.606,107622400,65775496.00
20221207,0.605,0.618,0.601,0.610,100088165,60889836.00
20221208,0.607,0.611,0.599,0.609,69432100,42024136.00
20221209,0.608,0.609,0.595,0.605,87934034,52950784.00
20221212,0.603,0.606,0.595,0.597,56507445,33858560.00
20221213,0.595,0.606,0.593,0.600,64879700,39018732.00
20221214,0.596,0.608,0.594,0.603,59901200,36006776.00
20221215,0.601,0.607,0.597,0.599,81662900,49112260.00
20221216,0.595,0.596,0.589,0.595,53686600,31836576.00
20221219,0.592,0.595,0.580,0.583,78461196,46013728.00
20221220,0.583,0.586,0.570,0.572,113808100,65633508.00
20221221,0.572,0.581,0.571,0.576,49558800,28554536.00
20221222,0.577,0.591,0.576,0.580,74678872,43662944.00
20221223,0.576,0.595,0.576,0.590,137380400,80950800.00
20221226,0.590,0.596,0.587,0.590,139203960,82446688.00
20221227,0.593,0.593,0.586,0.591,126721360,74841376.00
20221228,0.590,0.595,0.583,0.593,75208140,44443652.00
20221229,0.594,0.599,0.588,0.588,54989200,32664014.00
20221230,0.589,0.601,0.588,0.599,92052820,54956888.00
20230103,0.599,0.619,0.598,0.615,258083000,158245808.00
20230104,0.615,0.627,0.613,0.622,144435300,89733984.00
20230105,0.622,0.638,0.622,0.632,204684200,129434528.00
20230106,0.633,0.633,0.615,0.617,118940067,73835304.00
20230109,0.619,0.630,0.618,0.628,84323867,52854248.00
20230110,0.628,0.639,0.623,0.636,121219700,76627560.00
20230111,0.636,0.637,0.621,0.622,126701880,79572792.00
20230112,0.624,0.629,0.619,0.624,83356300,51990768.00
20230113,0.624,0.634,0.622,0.633,62304255,39163392.00
20230116,0.636,0.637,0.629,0.632,205581300,130365296.00
20230117,0.631,0.633,0.620,0.624,157939200,98746152.00
20230118,0.625,0.637,0.625,0.633,106647000,67487824.00
20230119,0.630,0.641,0.626,0.640,157570200,100344544.00
20230120,0.640,0.645,0.638,0.644,109769600,70395320.00
20230130,0.651,0.659,0.641,0.642,278192800,179550608.00
20230131,0.639,0.645,0.637,0.645,123300200,78974240.00
20230201,0.643,0.654,0.639,0.653,140084900,90401192.00
20230202,0.653,0.669,0.653,0.660,315496200,208966832.00
20230203,0.656,0.670,0.656,0.668,157166800,104274136.00
20230206,0.666,0.677,0.658,0.672,177750363,119098552.00
20230207,0.671,0.689,0.667,0.686,368344500,250458288.00
20230208,0.686,0.688,0.669,0.671,175838300,118656824.00
20230209,0.665,0.688,0.663,0.687,125257600,84608496.00
20230210,0.685,0.697,0.682,0.688,154406037,106542864.00
20230213,0.686,0.696,0.681,0.694,163131337,112143208.00
20230214,0.694,0.698,0.686,0.688,119644037,82490752.00
20230215,0.687,0.702,0.685,0.701,119560000,83187000.00
20230216,0.699,0.720,0.690,0.698,208325900,147467952.00
20230217,0.697,0.700,0.677,0.678,182504000,124925584.00
20230220,0.679,0.705,0.679,0.704,214064400,148457824.00
20230221,0.701,0.706,0.688,0.694,134082100,93330696.00
20230222,0.688,0.692,0.679,0.686,107303300,73501920.00
20230223,0.686,0.688,0.670,0.675,87914000,59597760.00
20230224,0.673,0.678,0.668,0.674,73762100,49663624.00
20230227,0.670,0.675,0.661,0.663,88890500,59327576.00
20230228,0.665,0.672,0.662,0.671,97736700,65312800.00
20230301,0.670,0.700,0.670,0.698,124247800,85558160.00
20230302,0.697,0.714,0.696,0.709,424900484,301475072.00
20230303,0.708,0.713,0.697,0.706,121606600,85744904.00
20230306,0.703,0.708,0.698,0.701,88705484,62341972.00
20230307,0.700,0.705,0.684,0.684,96868600,67367560.00
20230308,0.683,0.694,0.682,0.694,93563500,64474784.00
20230309,0.694,0.695,0.684,0.692,82766800,57031408.00
20230310,0.686,0.692,0.680,0.680,84402900,57895908.00
20230313,0.680,0.699,0.675,0.699,206497900,141091872.00
20230314,0.697,0.709,0.690,0.695,116425811,81376672.00
20230315,0.697,0.703,0.690,0.692,80408300,55924352.00
20230316,0.689,0.704,0.679,0.697,117037800,80965536.00
20230317,0.699,0.733,0.699,0.730,251574409,181926240.00
20230320,0.745,0.765,0.730,0.750,464086500,349360000.00
20230321,0.747,0.772,0.745,0.766,462448435,351021280.00
20230322,0.768,0.789,0.761,0.789,281073499,217939584.00
20230323,0.783,0.790,0.775,0.787,208580925,163625136.00
20230324,0.784,0.820,0.784,0.820,447645872,360721632.00
20230327,0.816,0.839,0.804,0.828,343966772,284020416.00
20230328,0.818,0.833,0.808,0.814,269111000,220482192.00
20230329,0.808,0.823,0.795,0.806,259678700,210579344.00
20230330,0.801,0.810,0.787,0.799,143672417,114907312.00
20230331,0.793,0.847,0.791,0.846,323635097,265607808.00
20230403,0.838,0.893,0.835,0.887,525111904,454797312.00
20230404,0.880,0.905,0.875,0.882,512658184,457008896.00
20230406,0.860,0.871,0.842,0.858,469147812,402510208.00
20230407,0.854,0.897,0.845,0.890,391322912,340955744.00
20230410,0.888,0.896,0.838,0.843,306229400,263575616.00
20230411,0.841,0.907,0.841,0.890,363273799,319414080.00
20230412,0.887,0.941,0.880,0.939,444858357,406932896.00
20230413,0.933,0.954,0.916,0.920,390081700,366988064.00
20230414,0.911,0.930,0.875,0.898,461774100,416956576.00
20230417,0.888,0.890,0.860,0.863,409398200,356689920.00
20230418,0.860,0.873,0.838,0.870,315311900,269617920.00
20230419,0.860,0.894,0.859,0.871,349835900,308307040.00
20230420,0.868,0.924,0.867,0.922,357331734,321866272.00
20230421,0.922,0.934,0.874,0.876,373688272,335732800.00
20230424,0.868,0.925,0.868,0.909,523627630,472359968.00
20230425,0.905,0.940,0.893,0.933,449933866,412744192.00
20230426,0.922,0.952,0.887,0.922,400700700,369940320.00
20230427,0.908,0.923,0.864,0.880,322803800,288439552.00
20230428,0.871,0.968,0.871,0.961,459866671,434232448.00
20230504,0.975,1.028,0.968,1.019,495869143,493124960.00
20230505,1.004,1.016,0.980,0.992,318141216,316168160.00
20230508,0.974,1.001,0.955,0.984,346270491,339214976.00
20230509,0.970,1.000,0.953,0.956,280796241,272935808.00
20230510,0.946,0.975,0.923,0.946,325207881,309546112.00
20230511,0.947,0.989,0.945,0.966,304844160,295179456.00
20230512,0.954,0.966,0.916,0.917,255322860,239569840.00
20230515,0.920,0.930,0.876,0.902,327792900,295028512.00
20230516,0.901,0.911,0.863,0.866,302347860,268896448.00
20230517,0.853,0.889,0.853,0.872,230900160,200767728.00
20230518,0.868,0.902,0.860,0.898,221416660,196648080.00
20230519,0.893,0.907,0.873,0.877,181991400,161545472.00
20230522,0.868,0.878,0.844,0.859,285089800,245397152.00
20230523,0.860,0.866,0.842,0.843,245256855,208752576.00
20230524,0.838,0.856,0.827,0.850,269157987,226003520.00
20230525,0.845,0.857,0.807,0.828,202175700,167796880.00
20230526,0.823,0.851,0.819,0.848,290741700,244411808.00
20230529,0.849,0.878,0.841,0.860,280256198,240238528.00
20230530,0.851,0.904,0.835,0.900,338332295,296784032.00
20230531,0.895,0.922,0.895,0.913,415972095,378928512.00
20230601,0.904,0.955,0.902,0.934,560050900,521781440.00
20230602,0.938,0.949,0.928,0.934,315211248,295303584.00
20230605,0.929,0.959,0.925,0.954,232043100,219157456.00
20230606,0.950,0.968,0.920,0.927,274652328,259271632.00
20230607,0.921,0.946,0.912,0.936,184651275,171861120.00
20230608,0.929,0.934,0.900,0.917,210585380,192423632.00
20230609,0.910,0.957,0.908,0.955,326456074,304593344.00
20230612,0.950,0.963,0.943,0.948,244166000,232904064.00
20230613,0.945,0.985,0.945,0.979,311294350,302709440.00
20230614,0.974,1.011,0.973,0.992,352004803,349039200.00
20230615,0.994,1.015,0.981,0.986,284250436,282665376.00
20230616,0.974,1.014,0.967,1.005,241877000,239893440.00
20230619,1.004,1.016,0.995,1.012,251956000,253067424.00
20230620,1.011,1.035,1.000,1.019,241179373,246138288.00
20230621,1.005,1.009,0.940,0.941,437649817,424125888.00
20230626,0.923,0.942,0.884,0.890,332284018,301115328.00
20230627,0.890,0.914,0.883,0.900,192526545,172382592.00
20230628,0.889,0.899,0.856,0.888,254157300,223058304.00
20230629,0.881,0.908,0.881,0.900,266040400,238413760.00
20230630,0.901,0.906,0.883,0.894,295697200,263768448.00
20230703,0.895,0.899,0.845,0.860,280860700,241482112.00
20230704,0.855,0.869,0.855,0.867,167629900,144252912.00
20230705,0.863,0.870,0.853,0.854,237779055,204354304.00
20230706,0.854,0.880,0.851,0.859,214026752,185059520.00
20230707,0.854,0.860,0.828,0.852,176182697,148896624.00
20230710,0.852,0.863,0.845,0.863,125356524,107301552.00
20230711,0.861,0.867,0.846,0.855,161214400,138039536.00
20230712,0.853,0.862,0.833,0.836,147958639,125070192.00
20230713,0.836,0.868,0.834,0.866,216614932,184857088.00
20230714,0.869,0.890,0.868,0.879,171341468,150516048.00
20230717,0.874,0.876,0.855,0.858,169661000,145953600.00
20230718,0.859,0.862,0.844,0.846,204479000,173780368.00
20230719,0.847,0.862,0.844,0.857,142123177,121413664.00
20230720,0.853,0.855,0.834,0.837,121309800,102506912.00
20230721,0.832,0.844,0.825,0.833,128517591,107238160.00
20230724,0.828,0.846,0.824,0.831,111697600,93147416.00
20230725,0.835,0.852,0.832,0.842,168081200,141388016.00
20230726,0.843,0.843,0.813,0.819,210006900,172375856.00
20230727,0.817,0.825,0.807,0.808,227623591,185092000.00
20230728,0.805,0.811,0.798,0.806,167070700,134455328.00
20230731,0.809,0.839,0.800,0.831,298145867,245428240.00
20230801,0.824,0.833,0.817,0.829,172121366,141836912.00
20230802,0.826,0.828,0.816,0.827,132749309,108957272.00
20230803,0.820,0.829,0.816,0.819,127319600,104565696.00
20230804,0.821,0.845,0.819,0.841,277815410,232187520.00
20230807,0.843,0.862,0.840,0.851,464042600,395505056.00
20230808,0.850,0.865,0.846,0.852,377644700,323679040.00
20230809,0.846,0.851,0.821,0.822,368628000,307791456.00
20230810,0.822,0.836,0.820,0.825,243663158,201212656.00
20230811,0.825,0.837,0.812,0.813,203159999,167571088.00
20230814,0.808,0.841,0.802,0.839,229492720,189077840.00
20230815,0.841,0.842,0.810,0.817,184140220,151578384.00
20230816,0.813,0.818,0.796,0.801,164916577,132710200.00
20230817,0.797,0.813,0.793,0.810,143853100,115772952.00
20230818,0.808,0.814,0.783,0.784,172033900,136778432.00
20230821,0.783,0.799,0.779,0.780,167083500,131459088.00
20230822,0.784,0.808,0.778,0.806,258823169,205663664.00
20230823,0.801,0.807,0.793,0.794,158237100,126704992.00
20230824,0.798,0.826,0.797,0.807,353458139,286916704.00
20230825,0.800,0.806,0.778,0.784,186643040,147940448.00
20230828,0.836,0.840,0.795,0.799,242604985,196013888.00
20230829,0.795,0.831,0.793,0.829,292180786,239326192.00
20230830,0.829,0.849,0.826,0.845,413043900,346656160.00
20230831,0.840,0.844,0.827,0.832,191318300,159665472.00
20230901,0.832,0.833,0.817,0.822,197449080,162512080.00
20230904,0.822,0.826,0.812,0.825,190371644,156038992.00
20230905,0.824,0.824,0.804,0.807,185640300,150596208.00
20230906,0.803,0.803,0.788,0.795,150091833,119170896.00
20230907,0.792,0.801,0.782,0.785,292655500,230768352.00
20230908,0.779,0.782,0.759,0.765,362787833,278313856.00
20230911,0.765,0.789,0.765,0.781,238969200,185490880.00
20230912,0.777,0.779,0.769,0.771,127212900,98367760.00
20230913,0.771,0.771,0.754,0.760,221179500,168328864.00
20230914,0.760,0.760,0.749,0.755,178578200,134768304.00
20230915,0.757,0.762,0.747,0.752,120195300,90793568.00
20230918,0.748,0.758,0.744,0.755,150381300,113218000.00
20230919,0.754,0.754,0.740,0.743,120859400,90193008.00
20230920,0.742,0.748,0.736,0.737,116597100,86637200.00
20230921,0.738,0.740,0.729,0.731,127963700,93925680.00
20230922,0.730,0.765,0.729,0.765,208437130,156011104.00
20230925,0.761,0.768,0.756,0.760,132591700,101019208.00
20230926,0.760,0.777,0.757,0.770,135399406,104309528.00
20230927,0.767,0.779,0.766,0.775,139682000,107888032.00
20230928,0.776,0.778,0.769,0.771,120817921,93281864.00
20231009,0.769,0.769,0.752,0.760,108609800,82343800.00
20231010,0.760,0.768,0.758,0.761,82395900,62745924.00
20231011,0.761,0.779,0.757,0.769,142295200,109461904.00
20231012,0.769,0.772,0.755,0.760,95034501,72264952.00
20231013,0.755,0.756,0.742,0.744,120600100,90081872.00
20231016,0.744,0.747,0.732,0.736,121074700,89274536.00
20231017,0.736,0.738,0.728,0.736,103215400,75611552.00
20231018,0.734,0.735,0.717,0.719,120759000,87088816.00
20231019,0.717,0.725,0.715,0.716,172572500,124406112.00
20231020,0.714,0.716,0.698,0.700,134469500,94597128.00
20231023,0.694,0.699,0.676,0.680,136461800,93820440.00
20231024,0.683,0.701,0.683,0.696,145792400,101196832.00
20231025,0.700,0.705,0.691,0.698,129912400,90505632.00
20231026,0.690,0.696,0.684,0.694,108122800,74527976.00
20231027,0.696,0.707,0.690,0.707,128801900,90040280.00
20231030,0.706,0.717,0.701,0.715,150688800,107054304.00
20231031,0.720,0.728,0.711,0.717,143128590,103130776.00
20231101,0.712,0.738,0.711,0.720,153152469,111164312.00
20231102,0.721,0.745,0.720,0.734,198982600,146704752.00
20231103,0.732,0.741,0.722,0.735,146996300,107583704.00
20231106,0.740,0.773,0.740,0.771,294964104,224104080.00
20231107,0.772,0.778,0.764,0.774,245912212,189928368.00
20231108,0.769,0.806,0.767,0.798,310689326,246420880.00
20231109,0.796,0.798,0.780,0.784,210606300,165912976.00
20231110,0.780,0.784,0.767,0.769,206983200,160007136.00
20231113,0.773,0.788,0.773,0.779,183868300,143564784.00
20231114,0.777,0.783,0.774,0.782,128630200,100206656.00
20231115,0.789,0.793,0.771,0.775,145370411,113114936.00
20231116,0.773,0.786,0.766,0.779,162316162,126571880.00
20231117,0.776,0.788,0.775,0.785,162877100,127377856.00
20231120,0.782,0.797,0.780,0.794,167268200,131999376.00
20231121,0.796,0.815,0.796,0.803,229617664,184676496.00
20231122,0.800,0.813,0.796,0.804,237022200,191015504.00
20231123,0.800,0.800,0.781,0.789,175323400,137924560.00
20231124,0.787,0.796,0.773,0.777,232902900,182016992.00
20231127,0.773,0.773,0.758,0.761,146393000,111860968.00
20231128,0.759,0.766,0.752,0.765,114367800,86845056.00
20231129,0.764,0.765,0.754,0.757,85071200,64547616.00
20231130,0.754,0.760,0.747,0.754,97695300,73641744.00
20231201,0.751,0.793,0.751,0.790,202334600,156138192.00
20231204,0.790,0.804,0.786,0.792,216403500,172097952.00
20231205,0.788,0.791,0.768,0.770,170866700,132815392.00
20231206,0.764,0.799,0.756,0.788,209030200,162236416.00
20231207,0.790,0.808,0.790,0.803,436022349,348539360.00
20231208,0.800,0.809,0.788,0.798,249800300,199388576.00
20231211,0.795,0.824,0.791,0.822,257384925,207901888.00
20231212,0.823,0.837,0.816,0.819,231319227,190672560.00
20231213,0.818,0.829,0.811,0.812,338947718,278504800.00
20231214,0.814,0.826,0.805,0.808,243142800,198151616.00
20231215,0.806,0.821,0.793,0.810,230397800,186175136.00
20231218,0.809,0.810,0.787,0.790,220151125,175569184.00
20231219,0.785,0.804,0.785,0.802,212044950,168843984.00
20231220,0.802,0.803,0.772,0.773,230194547,180607232.00
20231221,0.765,0.788,0.765,0.783,237904500,184600720.00
20231222,0.780,0.781,0.705,0.710,629220113,457011296.00
20231225,0.706,0.713,0.690,0.707,642670800,450768960.00
20231226,0.708,0.714,0.693,0.699,202293700,141951584.00
20231227,0.703,0.708,0.688,0.691,151435600,105039448.00
20231228,0.685,0.704,0.680,0.701,171134800,118785776.00
20231229,0.700,0.727,0.699,0.722,254814415,182668384.00
20240102,0.726,0.738,0.717,0.717,181090092,131744552.00
20240103,0.715,0.733,0.705,0.725,173338500,125265744.00
20240104,0.721,0.722,0.706,0.718,153263900,109424736.00
20240105,0.714,0.716,0.697,0.700,121279491,85824400.00
20240108,0.701,0.704,0.692,0.692,123942100,86501760.00
20240109,0.695,0.702,0.685,0.692,128862519,89218592.00
20240110,0.685,0.690,0.673,0.673,118999700,80665208.00
20240111,0.673,0.698,0.672,0.696,123000300,84462768.00
20240112,0.691,0.696,0.680,0.681,105352400,72325464.00
20240115,0.679,0.690,0.675,0.682,114159353,77994688.00
20240116,0.678,0.681,0.666,0.676,110017099,73930640.00
20240117,0.674,0.676,0.658,0.658,113054151,75823496.00
20240118,0.656,0.673,0.645,0.671,150650169,98808104.00
20240119,0.668,0.688,0.667,0.676,153031118,104056656.00
20240122,0.674,0.677,0.627,0.638,193184432,125646448.00
20240123,0.630,0.665,0.626,0.658,168068968,108926008.00
20240124,0.660,0.669,0.645,0.668,152196022,99969792.00
20240125,0.667,0.691,0.657,0.690,204697132,138418512.00
20240126,0.690,0.704,0.678,0.682,219329172,151296560.00
20240129,0.681,0.686,0.663,0.667,191350000,128363552.00
20240130,0.663,0.666,0.642,0.644,141357600,92791232.00
20240131,0.640,0.654,0.623,0.624,231638900,148450944.00
20240201,0.615,0.640,0.606,0.624,252460100,157294800.00
20240202,0.624,0.646,0.595,0.616,213695017,133474344.00
20240205,0.607,0.607,0.564,0.580,297567092,174690816.00
20240206,0.569,0.626,0.564,0.621,198704547,118114320.00
20240207,0.617,0.645,0.616,0.637,149840046,95146248.00
20240208,0.639,0.664,0.638,0.656,114801251,75169152.00
20240219,0.696,0.697,0.671,0.694,303172125,207233664.00
20240220,0.690,0.701,0.678,0.692,191622000,132740568.00
20240221,0.682,0.710,0.678,0.691,191398900,133040864.00
20240222,0.694,0.707,0.690,0.703,146083700,102032880.00
20240223,0.702,0.721,0.694,0.720,186527258,132357120.00
20240226,0.713,0.721,0.703,0.710,140033700,99462048.00
20240227,0.706,0.740,0.705,0.739,201482885,146273664.00
20240228,0.739,0.756,0.704,0.706,368528869,271962464.00
20240229,0.700,0.735,0.695,0.733,204273300,147357456.00
20240301,0.733,0.749,0.727,0.745,170587900,125764976.00
20240304,0.745,0.758,0.731,0.755,185490500,137946032.00
20240305,0.748,0.759,0.738,0.745,117228900,87667984.00
20240306,0.736,0.749,0.731,0.735,114244500,84404344.00
20240307,0.736,0.745,0.713,0.714,167980600,121603040.00
20240308,0.714,0.730,0.712,0.728,119364900,85930000.00
20240311,0.725,0.741,0.720,0.740,215137710,156958976.00
20240312,0.738,0.751,0.738,0.744,121458638,90470336.00
20240313,0.747,0.773,0.743,0.768,280407697,212890304.00
20240314,0.759,0.759,0.735,0.747,174111200,129804360.00
20240315,0.743,0.749,0.734,0.748,136880600,101404976.00
20240318,0.750,0.771,0.746,0.771,118358300,89711072.00
20240319,0.765,0.780,0.761,0.762,164342600,126959008.00
20240320,0.761,0.791,0.757,0.789,208088699,162515344.00
20240321,0.802,0.812,0.795,0.796,313053800,251665184.00
20240322,0.791,0.820,0.780,0.810,363362382,291523776.00
20240325,0.811,0.815,0.771,0.774,300025164,238627424.00
20240326,0.768,0.776,0.747,0.754,266240100,202409728.00
20240327,0.751,0.757,0.724,0.725,290614546,214541088.00
20240328,0.721,0.753,0.720,0.744,229990374,170243072.00
20240329,0.739,0.740,0.724,0.736,194941997,142674656.00
20240401,0.739,0.764,0.739,0.763,165842861,125069328.00
20240402,0.761,0.761,0.741,0.748,160576900,120120416.00
20240403,0.742,0.745,0.725,0.733,202057300,147981344.00
20240408,0.730,0.733,0.720,0.723,164894300,119840208.00
20240409,0.723,0.730,0.715,0.728,180814600,130842360.00
20240410,0.726,0.726,0.702,0.706,132567200,94226504.00
20240411,0.702,0.730,0.701,0.720,138031145,99448576.00
20240412,0.718,0.721,0.706,0.707,205133000,145989824.00
20240415,0.702,0.716,0.697,0.703,192170449,135396800.00
20240416,0.701,0.707,0.678,0.680,143940928,99286432.00
20240417,0.687,0.709,0.687,0.708,147668767,103610936.00
20240418,0.704,0.709,0.691,0.699,168021400,118049032.00
20240419,0.695,0.700,0.685,0.688,87154100,60171108.00
20240422,0.681,0.688,0.671,0.681,181906300,123522520.00
20240423,0.683,0.690,0.681,0.683,98210108,67209384.00
20240424,0.682,0.696,0.675,0.695,145313472,99906528.00
20240425,0.688,0.698,0.684,0.689,114959400,79222584.00
20240426,0.686,0.708,0.685,0.707,231028300,161969440.00
20240429,0.710,0.728,0.710,0.725,262479100,188888896.00
20240430,0.722,0.724,0.705,0.712,295132900,210557648.00
20240506,0.723,0.728,0.716,0.717,243543900,175626224.00
20240507,0.719,0.731,0.715,0.717,220421303,159228160.00
20240508,0.713,0.714,0.695,0.697,168663103,118318240.00
20240509,0.694,0.707,0.694,0.704,234311700,164149520.00
20240510,0.705,0.712,0.694,0.698,123935100,86750440.00
20240513,0.692,0.696,0.685,0.690,118595400,81824392.00
20240514,0.695,0.704,0.692,0.702,156566600,109524024.00
20240515,0.703,0.703,0.692,0.695,94364900,65792264.00
20240516,0.693,0.703,0.690,0.693,144939500,100949288.00
20240517,0.691,0.696,0.684,0.695,90082700,62171660.00
20240520,0.692,0.700,0.683,0.696,137651700,95609472.00
20240521,0.695,0.704,0.692,0.694,145082000,101176288.00
20240522,0.691,0.696,0.686,0.695,124134700,86014280.00
20240523,0.694,0.694,0.676,0.677,180577800,123095920.00
20240524,0.676,0.682,0.668,0.669,169016000,113989600.00
20240527,0.671,0.673,0.658,0.672,169056199,112584352.00
20240528,0.669,0.669,0.656,0.656,131199900,86777904.00
20240529,0.655,0.664,0.654,0.659,146443209,96442016.00
20240530,0.656,0.661,0.650,0.656,172088300,112928928.00
20240531,0.656,0.665,0.655,0.662,141644800,93569056.00
20240603,0.659,0.663,0.652,0.658,122247100,80320080.00
20240604,0.656,0.664,0.651,0.663,108930200,71621568.00
20240605,0.660,0.662,0.649,0.651,195848400,128013776.00
20240606,0.651,0.656,0.633,0.638,262535000,168512496.00
20240607,0.640,0.645,0.629,0.639,179695500,114670224.00
20240611,0.636,0.642,0.627,0.641,112603500,71639448.00
20240612,0.638,0.655,0.638,0.652,172897450,112094400.00
20240613,0.651,0.652,0.644,0.649,101651700,65882320.00
20240614,0.648,0.654,0.645,0.652,106200300,68980800.00
20240617,0.651,0.651,0.641,0.644,89378400,57624604.00
20240618,0.642,0.648,0.639,0.643,138069500,88819488.00
20240619,0.644,0.645,0.632,0.632,104881300,66634884.00
20240620,0.631,0.633,0.616,0.617,131110800,81614688.00
20240621,0.615,0.623,0.612,0.619,89178400,55044848.00
20240624,0.616,0.617,0.598,0.600,129479200,78377704.00
20240625,0.600,0.605,0.589,0.593,105004700,62653488.00
20240626,0.593,0.626,0.593,0.625,244807700,149611376.00
20240627,0.620,0.626,0.612,0.613,166620300,103058520.00
20240628,0.611,0.621,0.609,0.612,147088100,90597904.00
20240701,0.610,0.619,0.600,0.618,185748258,112672032.00
20240702,0.616,0.622,0.613,0.617,162831058,100588648.00
20240703,0.613,0.619,0.610,0.614,188772300,115921808.00
20240704,0.613,0.616,0.600,0.601,253320620,153778688.00
20240705,0.599,0.609,0.595,0.605,133004700,80261432.00
20240708,0.603,0.603,0.586,0.589,148040100,87776128.00
20240709,0.588,0.597,0.579,0.596,207643200,122273032.00
20240710,0.592,0.598,0.585,0.587,123860700,73154784.00
20240711,0.593,0.598,0.588,0.593,213096200,126172568.00
20240712,0.593,0.597,0.587,0.590,141146500,83478272.00
20240715,0.587,0.591,0.583,0.586,103755700,60839228.00
20240716,0.584,0.590,0.580,0.589,116982200,68414256.00
20240717,0.586,0.598,0.586,0.591,118525300,70194608.00
20240718,0.586,0.589,0.576,0.588,122702500,71429840.00
20240719,0.585,0.594,0.584,0.593,127520500,75352200.00
20240722,0.591,0.593,0.583,0.591,125281600,73707328.00
20240723,0.591,0.591,0.573,0.573,172266900,100241856.00
20240724,0.573,0.576,0.562,0.565,186538900,105966424.00
20240725,0.562,0.575,0.558,0.570,93225211,52915472.00
20240726,0.573,0.580,0.570,0.578,192531800,111084480.00
20240729,0.578,0.580,0.570,0.576,77827400,44743008.00
20240730,0.574,0.578,0.570,0.576,105853828,60765720.00
20240731,0.576,0.600,0.575,0.599,230615200,136615248.00
20240801,0.598,0.604,0.592,0.594,115240500,68841664.00
20240802,0.589,0.599,0.586,0.586,119646600,70969368.00
20240805,0.586,0.605,0.583,0.586,188427500,112285840.00
20240806,0.593,0.601,0.589,0.599,153614700,91394560.00
20240807,0.597,0.602,0.591,0.596,205984400,123101920.00
20240808,0.595,0.599,0.584,0.595,155703500,91898456.00
20240809,0.596,0.599,0.582,0.584,127176700,74909224.00
20240812,0.581,0.589,0.576,0.583,104956300,61119592.00
20240813,0.581,0.585,0.576,0.584,84900000,49286112.00
20240814,0.583,0.594,0.582,0.588,134418100,79269352.00
20240815,0.588,0.607,0.584,0.599,163301800,97613120.00
20240816,0.598,0.599,0.590,0.593,110874400,65708364.00
20240819,0.592,0.599,0.589,0.594,102837500,61140312.00
20240820,0.594,0.598,0.583,0.586,82013200,48252840.00
20240821,0.587,0.597,0.580,0.581,90414000,53166860.00
20240822,0.580,0.584,0.564,0.566,108181100,61833296.00
20240823,0.564,0.568,0.559,0.565,66999000,37788104.00
20240826,0.565,0.569,0.557,0.566,63263600,35657312.00
20240827,0.564,0.571,0.560,0.562,71825900,40660352.00
20240828,0.560,0.568,0.552,0.567,85236500,47898304.00
20240829,0.565,0.573,0.562,0.572,85800200,48835720.00
20240830,0.570,0.594,0.570,0.588,119296700,69844000.00
20240902,0.587,0.588,0.571,0.571,104236200,60320568.00
20240903,0.572,0.581,0.570,0.578,71479900,41196012.00
20240904,0.575,0.582,0.571,0.576,64042400,36908412.00
20240905,0.574,0.595,0.574,0.591,112354800,66027936.00
20240906,0.590,0.595,0.584,0.585,87620100,51507604.00
20240909,0.585,0.589,0.579,0.580,65471800,38154992.00
20240910,0.582,0.591,0.573,0.590,101416500,58929684.00
20240911,0.586,0.592,0.583,0.588,60141815,35319776.00
20240912,0.589,0.594,0.580,0.581,80054500,46869076.00
20240913,0.580,0.585,0.574,0.575,83503400,48414944.00
20240918,0.575,0.577,0.563,0.570,87286300,49595160.00
20240919,0.572,0.585,0.566,0.583,98569400,56990012.00
20240920,0.579,0.581,0.575,0.581,71160700,41146544.00
20240923,0.580,0.585,0.577,0.579,61621200,35839576.00
20240924,0.580,0.602,0.576,0.602,144435700,85481032.00
20240925,0.605,0.630,0.605,0.611,232033300,143400288.00
20240926,0.610,0.638,0.607,0.638,175835000,108994864.00
20240927,0.650,0.674,0.644,0.671,139219000,91308112.00
20240930,0.698,0.738,0.690,0.738,478680329,342728864.00
20241008,0.812,0.812,0.746,0.805,882002133,701505088.00
20241009,0.775,0.775,0.725,0.725,504015697,374714688.00
20241010,0.722,0.740,0.701,0.715,450634106,325335808.00
20241011,0.710,0.713,0.671,0.682,379087284,261705472.00
20241014,0.684,0.698,0.667,0.698,206590384,141302272.00
20241015,0.690,0.714,0.684,0.690,197002700,138484784.00
20241016,0.678,0.712,0.678,0.700,139264100,97382400.00
20241017,0.702,0.719,0.699,0.705,141357500,100268048.00
20241018,0.702,0.740,0.693,0.724,218317500,157281120.00
20241021,0.720,0.756,0.715,0.742,552737900,410683520.00
20241022,0.742,0.784,0.740,0.760,485831600,371330176.00
20241023,0.755,0.758,0.741,0.745,505946522,378406592.00
20241024,0.738,0.742,0.728,0.738,229794000,169043216.00
20241025,0.735,0.758,0.735,0.757,187322000,140461648.00
20241028,0.758,0.779,0.754,0.772,454617300,349257312.00
20241029,0.788,0.794,0.754,0.757,580118422,444673856.00
20241030,0.748,0.766,0.745,0.753,146125522,110354976.00
20241031,0.750,0.762,0.739,0.754,125976200,94628624.00
20241101,0.750,0.759,0.734,0.737,228472700,169507296.00
20241104,0.734,0.751,0.733,0.749,145620500,108207976.00
20241105,0.748,0.771,0.745,0.770,376582100,286688000.00
20241106,0.768,0.803,0.767,0.791,272539900,215393488.00
20241107,0.787,0.806,0.782,0.803,247692600,196178656.00
20241108,0.806,0.811,0.788,0.793,312257700,248847648.00
20241111,0.783,0.828,0.781,0.828,261555240,211562976.00
20241112,0.826,0.827,0.791,0.799,206214327,166747696.00
20241113,0.794,0.828,0.792,0.821,185535646,151306720.00
20241114,0.821,0.832,0.791,0.794,239972032,194186560.00
20241115,0.789,0.829,0.789,0.797,172636477,139943456.00
20241118,0.802,0.803,0.752,0.759,294618432,224937744.00
20241119,0.753,0.766,0.743,0.766,166283328,125511712.00
20241120,0.762,0.804,0.760,0.794,241366000,189621728.00
20241121,0.787,0.805,0.785,0.792,116435400,92419976.00
20241122,0.787,0.814,0.773,0.777,212299504,169980544.00
20241125,0.778,0.789,0.760,0.787,164052500,126864480.00
20241126,0.782,0.811,0.778,0.783,158560499,125978232.00
20241127,0.775,0.815,0.763,0.815,243722000,193030464.00
20241128,0.815,0.832,0.799,0.803,171946000,140248528.00
20241129,0.799,0.827,0.797,0.820,193483504,156601552.00
数据来源:通达信
