513080 法国CAC40ETF 日线 后复权
      日期	    开盘	    最高	    最低	    收盘	    成交量	    成交额
20200612,0.975,0.994,0.970,0.991,37742000,37267628.00
20200615,0.997,0.997,0.979,0.982,6977100,6872778.00
20200616,0.992,1.004,0.991,1.003,25064900,25003252.00
20200617,1.011,1.015,0.997,1.006,33977400,34149752.00
20200618,1.004,1.006,1.001,1.006,17039500,17097498.00
20200619,1.005,1.006,1.000,1.006,12088400,12117918.00
20200622,1.003,1.003,0.998,1.001,5634500,5634407.00
20200623,0.998,1.002,0.990,1.001,4663700,4657017.00
20200624,1.009,1.011,1.003,1.004,8523500,8576818.00
20200629,0.990,0.995,0.987,0.988,3886400,3848143.00
20200630,1.000,1.001,0.994,0.995,3261900,3254513.00
20200701,0.996,0.999,0.994,0.996,2974800,2963272.00
20200702,0.995,1.001,0.992,1.001,3800200,3785874.00
20200703,1.012,1.014,1.006,1.014,18014600,18195964.00
20200706,1.013,1.024,1.010,1.021,13621100,13825926.00
20200707,1.022,1.022,1.013,1.014,12371200,12592997.00
20200708,1.011,1.012,1.007,1.009,4249400,4287276.00
20200709,1.006,1.008,1.004,1.005,7786100,7829759.00
20200710,1.001,1.001,0.992,0.992,5408700,5378032.00
20200713,0.998,1.004,0.996,1.003,5719500,5724033.00
20200714,1.002,1.004,0.998,1.003,5822400,5823080.00
20200715,1.007,1.016,1.006,1.016,6704800,6778362.00
20200716,1.025,1.029,1.023,1.027,5477300,5623036.00
20200717,1.022,1.032,1.022,1.032,4618300,4754834.00
20200720,1.032,1.032,1.000,1.029,3386500,3474002.00
20200721,1.031,1.042,1.031,1.042,3926200,4071149.00
20200722,1.041,1.042,1.034,1.042,2154600,2240406.00
20200723,1.038,1.041,1.035,1.040,2697100,2798359.00
20200724,1.039,1.039,1.032,1.032,1008900,1043584.00
20200727,1.024,1.034,1.024,1.028,1374000,1415424.00
20200728,1.030,1.040,1.030,1.033,2190600,2267023.00
20200729,1.034,1.036,1.033,1.036,1084900,1122676.00
20200730,1.039,1.046,1.039,1.040,2228000,2317792.00
20200731,1.038,1.038,1.030,1.032,1241800,1281669.00
20200803,1.026,1.035,1.018,1.028,8697900,8897353.00
20200804,1.036,1.036,1.027,1.030,4343300,4473153.00
20200805,1.030,1.031,1.026,1.031,2463900,2536541.00
20200806,1.031,1.040,1.031,1.036,2908600,3014517.00
20200807,1.034,1.034,1.026,1.029,1417000,1459176.00
20200810,1.028,1.032,1.027,1.031,2313500,2381312.00
20200811,1.030,1.035,1.030,1.033,3226700,3330586.00
20200812,1.041,1.049,1.037,1.044,4044400,4215492.00
20200813,1.052,1.059,1.052,1.059,3598300,3798005.00
20200814,1.058,1.058,1.050,1.054,1988000,2092655.00
20200817,1.048,1.048,1.037,1.044,4328200,4508474.00
20200818,1.044,1.045,1.043,1.044,1069600,1116643.00
20200819,1.043,1.044,1.041,1.043,1229300,1281668.00
20200820,1.043,1.043,1.034,1.038,2849100,2955941.00
20200821,1.040,1.040,1.037,1.038,1381800,1433909.00
20200824,1.038,1.038,1.036,1.038,1057300,1096623.00
20200825,1.046,1.054,1.046,1.053,3123500,3280991.00
20200826,1.050,1.050,1.045,1.046,1735800,1815709.00
20200827,1.053,1.053,1.048,1.051,2923000,3065953.00
20200828,1.049,1.049,1.039,1.046,3858500,4033579.00
20200831,1.046,1.053,1.046,1.053,2542400,2671999.00
20200901,1.045,1.045,1.039,1.044,1416200,1476112.00
20200902,1.044,1.044,1.039,1.043,1269400,1321346.00
20200903,1.053,1.055,1.050,1.052,2027800,2131471.00
20200904,1.047,1.047,1.035,1.037,1612700,1673920.00
20200907,1.037,1.037,1.031,1.033,756100,780733.00
20200908,1.044,1.049,1.044,1.046,2193000,2295232.00
20200909,1.026,1.032,1.026,1.029,1046100,1075203.00
20200910,1.039,1.050,1.039,1.046,4714500,4934011.00
20200911,1.045,1.045,1.037,1.039,1106200,1148600.00
20200914,1.038,1.047,1.036,1.047,2202600,2294062.00
20200915,1.045,1.045,1.038,1.043,2337900,2435980.00
20200916,1.046,1.047,1.042,1.045,1534800,1602358.00
20200917,1.044,1.044,1.035,1.037,1292400,1339979.00
20200918,1.039,1.040,1.032,1.035,1271800,1314477.00
20200921,1.025,1.036,1.022,1.024,1342900,1375640.00
20200922,1.011,1.018,0.998,1.004,2867600,2879234.00
20200923,0.999,0.999,0.991,0.999,3468600,3451838.00
20200924,0.993,0.993,0.984,0.985,2089100,2060902.00
20200925,0.989,0.989,0.983,0.985,3134700,3086061.00
20200928,0.987,0.989,0.982,0.987,2332000,2296446.00
20200929,0.995,0.995,0.985,0.991,1569000,1556483.00
20200930,0.991,0.995,0.991,0.994,2147000,2131951.00
20201009,0.997,1.005,0.997,1.002,2190900,2196084.00
20201012,1.003,1.007,1.003,1.007,1735100,1744046.00
20201013,1.007,1.008,1.005,1.006,879700,885212.00
20201014,1.005,1.005,0.999,1.000,319500,319510.00
20201015,0.999,0.999,0.995,0.996,1479700,1475408.00
20201016,0.996,0.996,0.989,0.992,750800,743918.00
20201019,1.000,1.000,0.995,0.998,218200,217598.00
20201020,0.998,0.998,0.993,0.995,882800,877412.00
20201021,0.995,0.996,0.992,0.996,791600,786998.00
20201022,0.990,0.991,0.979,0.980,1829500,1794469.00
20201023,0.981,0.982,0.979,0.981,514800,504638.00
20201026,0.981,0.986,0.981,0.983,1010000,994528.00
20201027,0.979,0.980,0.977,0.980,371600,363455.00
20201028,0.972,0.979,0.965,0.968,1906600,1843512.00
20201029,0.942,0.949,0.939,0.942,3781200,3560434.00
20201030,0.942,0.942,0.931,0.934,2403500,2248142.00
20201102,0.935,0.935,0.926,0.926,2092700,1945770.00
20201103,0.933,0.945,0.932,0.944,2668900,2512630.00
20201104,0.956,0.963,0.951,0.954,6000500,5746442.00
20201105,0.980,0.984,0.971,0.983,5398600,5266721.00
20201106,0.988,0.994,0.980,0.986,2095700,2071005.00
20201109,0.988,0.997,0.988,0.996,1428800,1420174.00
20201110,1.040,1.046,1.034,1.036,5775800,6002295.00
20201111,1.050,1.061,1.041,1.059,7604700,8013537.00
20201112,1.073,1.073,1.058,1.063,4048200,4301083.00
20201113,1.059,1.059,1.044,1.053,1382200,1447582.00
20201116,1.057,1.072,1.057,1.072,1891400,2016495.00
20201117,1.082,1.082,1.072,1.078,2424900,2608777.00
20201118,1.077,1.081,1.077,1.079,717600,774204.00
20201119,1.085,1.085,1.078,1.079,933400,1008513.00
20201120,1.070,1.079,1.070,1.074,951700,1021078.00
20201123,1.081,1.088,1.081,1.087,1042400,1132254.00
20201124,1.087,1.093,1.087,1.093,982200,1070421.00
20201125,1.101,1.105,1.097,1.097,1208800,1330635.00
20201126,1.097,1.113,1.096,1.111,402300,446190.00
20201127,1.112,1.112,1.097,1.111,3213400,3558199.00
20201130,1.116,1.116,1.106,1.112,1012200,1123993.00
20201201,1.108,1.115,1.108,1.111,275100,305669.00
20201202,1.112,1.116,1.107,1.116,675200,749785.00
20201203,1.118,1.121,1.118,1.119,110800,123950.00
20201204,1.118,1.123,1.117,1.121,1321800,1480972.00
20201207,1.130,1.133,1.123,1.129,1552500,1750808.00
20201208,1.124,1.124,1.116,1.119,1243800,1391734.00
20201209,1.118,1.123,1.118,1.122,511800,573457.00
20201210,1.121,1.121,1.110,1.114,2018100,2249907.00
20201211,1.114,1.118,1.113,1.115,1132200,1263608.00
20201214,1.110,1.113,1.107,1.109,694000,770018.00
20201215,1.111,1.115,1.111,1.114,1617000,1800197.00
20201216,1.118,1.124,1.117,1.121,235900,264009.00
20201217,1.122,1.128,1.122,1.127,490500,551806.00
20201218,1.126,1.127,1.121,1.124,428900,482287.00
20201221,1.127,1.128,1.124,1.125,101500,114367.00
20201222,1.115,1.115,1.090,1.103,755000,830930.00
20201223,1.106,1.110,1.102,1.103,925500,1022506.00
20201224,1.111,1.119,1.107,1.118,2833800,3158042.00
20201225,1.116,1.118,1.113,1.114,142400,158829.00
20201228,1.116,1.117,1.109,1.115,1345200,1496464.00
20201229,1.121,1.133,1.121,1.132,1876000,2121157.00
20201230,1.131,1.140,1.128,1.139,1192700,1353078.00
20201231,1.138,1.139,1.134,1.136,808700,918977.00
20210104,1.140,1.140,1.123,1.125,1442700,1629051.00
20210105,1.126,1.128,1.122,1.125,346000,388741.00
20210106,1.122,1.128,1.117,1.128,535400,601381.00
20210107,1.140,1.145,1.135,1.143,798700,912038.00
20210108,1.143,1.154,1.142,1.153,1020800,1170292.00
20210111,1.158,1.169,1.142,1.145,182600,209382.00
20210112,1.141,1.143,1.133,1.140,4047400,4598798.00
20210113,1.138,1.140,1.133,1.137,470200,534560.00
20210114,1.137,1.139,1.133,1.136,1108800,1259073.00
20210115,1.136,1.137,1.134,1.137,1819500,2065660.00
20210118,1.133,1.133,1.123,1.126,612500,689743.00
20210119,1.125,1.137,1.125,1.132,2183800,2475988.00
20210120,1.085,1.140,1.085,1.124,1906200,2138777.00
20210121,1.129,1.132,1.129,1.131,410900,464273.00
20210122,1.131,1.131,1.116,1.120,1197700,1341084.00
20210125,1.120,1.123,1.114,1.116,1025300,1145265.00
20210126,1.105,1.113,1.101,1.112,2198700,2435575.00
20210127,1.168,1.168,1.110,1.117,851400,950312.00
20210128,1.109,1.109,1.093,1.095,1118800,1226945.00
20210129,1.096,1.106,1.095,1.098,955000,1048573.00
20210201,1.087,1.094,1.080,1.089,2498400,2715612.00
20210202,1.091,1.095,1.091,1.093,1652400,1804054.00
20210203,1.101,1.107,1.096,1.103,1606400,1768822.00
20210204,1.101,1.104,1.097,1.100,435800,479498.00
20210205,1.104,1.115,1.104,1.109,3934500,4359403.00
20210208,1.114,1.119,1.114,1.114,1328600,1482080.00
20210209,1.118,1.122,1.116,1.121,583200,652386.00
20210210,1.123,1.135,1.121,1.132,1330600,1505974.00
20210218,1.133,1.140,1.123,1.129,775400,876499.00
20210219,1.129,1.130,1.118,1.129,3610100,4051737.00
20210222,1.134,1.148,1.134,1.140,1611600,1840340.00
20210223,1.141,1.146,1.131,1.143,1294400,1480708.00
20210224,1.146,1.157,1.137,1.152,2152000,2475303.00
20210225,1.153,1.164,1.153,1.162,855700,992090.00
20210226,1.162,1.162,1.130,1.142,2702900,3095274.00
20210301,1.143,1.150,1.140,1.150,551900,630706.00
20210302,1.150,1.163,1.140,1.141,1672000,1920164.00
20210303,1.142,1.149,1.141,1.147,1272600,1455543.00
20210304,1.140,1.147,1.140,1.144,635200,726164.00
20210305,1.130,1.144,1.129,1.139,1649800,1874116.00
20210308,1.140,1.149,1.140,1.141,2059300,2356468.00
20210309,1.153,1.173,1.150,1.173,2982400,3479190.00
20210310,1.209,1.209,1.174,1.185,1016600,1209537.00
20210311,1.186,1.263,1.186,1.234,2705000,3314874.00
20210312,1.234,1.234,1.182,1.187,5018400,6000524.00
20210315,1.188,1.197,1.182,1.187,2040900,2428741.00
20210316,1.187,1.187,1.179,1.186,711700,842879.00
20210317,1.188,1.190,1.180,1.181,1661500,1969806.00
20210318,1.166,1.210,1.166,1.204,3888200,4636798.00
20210319,1.205,1.206,1.182,1.184,2947600,3515820.00
20210322,1.184,1.184,1.161,1.169,1695200,1981174.00
20210323,1.170,1.177,1.166,1.167,1049000,1226806.00
20210324,1.160,1.167,1.155,1.156,826600,956621.00
20210325,1.156,1.160,1.152,1.158,1264400,1462143.00
20210326,1.158,1.173,1.158,1.173,1408700,1643142.00
20210329,1.172,1.172,1.160,1.168,650400,760470.00
20210330,1.169,1.178,1.169,1.177,602200,707504.00
20210331,1.187,1.190,1.178,1.188,941000,1116880.00
20210401,1.200,1.200,1.156,1.190,445700,529040.00
20210402,1.201,1.201,1.189,1.193,350700,418075.00
20210406,1.196,1.215,1.196,1.211,1708800,2058165.00
20210407,1.212,1.213,1.183,1.213,294100,355037.00
20210408,1.232,1.232,1.209,1.217,829700,1011510.00
20210409,1.218,1.228,1.218,1.226,773800,947686.00
20210412,1.221,1.240,1.221,1.239,674100,834090.00
20210413,1.238,1.238,1.203,1.226,621500,760380.00
20210414,1.229,1.234,1.228,1.232,1070000,1316283.00
20210415,1.248,1.248,1.225,1.231,1067700,1312214.00
20210416,1.232,1.241,1.232,1.236,766600,948927.00
20210419,1.242,1.253,1.242,1.249,531200,663345.00
20210420,1.247,1.252,1.205,1.248,919600,1145930.00
20210421,1.239,1.239,1.213,1.228,662100,811521.00
20210422,1.232,1.238,1.232,1.238,302700,374203.00
20210423,1.239,1.245,1.239,1.239,225400,279638.00
20210426,1.235,1.247,1.235,1.246,657900,817313.00
20210427,1.246,1.289,1.246,1.279,549600,691028.00
20210428,1.279,1.284,1.233,1.251,2295200,2869509.00
20210429,1.271,1.271,1.253,1.256,806500,1012755.00
20210430,1.256,1.257,1.252,1.257,749500,940087.00
20210506,1.258,1.284,1.253,1.258,1576800,1984209.00
20210507,1.258,1.258,1.249,1.254,941300,1180827.00
20210510,1.257,1.263,1.256,1.263,629500,793278.00
20210511,1.260,1.263,1.255,1.257,1315600,1652702.00
20210512,1.252,1.252,1.239,1.246,419400,520864.00
20210513,1.241,1.251,1.239,1.241,1143500,1421814.00
20210514,1.246,1.259,1.246,1.253,639900,800362.00
20210517,1.252,1.271,1.252,1.270,2086400,2641904.00
20210518,1.305,1.305,1.261,1.274,694100,882532.00
20210519,1.274,1.274,1.264,1.264,892900,1130445.00
20210520,1.265,1.265,1.247,1.257,1053100,1323580.00
20210521,1.261,1.274,1.261,1.274,795300,1010836.00
20210524,1.275,1.283,1.275,1.282,1425500,1827206.00
20210525,1.283,1.293,1.281,1.286,571700,734477.00
20210526,1.286,1.286,1.270,1.281,488400,624833.00
20210527,1.279,1.279,1.270,1.271,1315700,1674346.00
20210528,1.277,1.278,1.272,1.275,1087100,1385902.00
20210531,1.277,1.281,1.277,1.279,372100,475836.00
20210601,1.276,1.284,1.271,1.284,1363200,1742855.00
20210602,1.285,1.294,1.285,1.293,334200,431446.00
20210603,1.310,1.310,1.296,1.303,480800,625882.00
20210604,1.300,1.300,1.288,1.291,1471300,1899941.00
20210607,1.290,1.292,1.288,1.291,390200,503531.00
20210608,1.295,1.303,1.295,1.302,677100,879985.00
20210609,1.303,1.306,1.303,1.305,604200,788381.00
20210610,1.306,1.310,1.303,1.304,728500,950722.00
20210611,1.305,1.305,1.299,1.301,632300,823361.00
20210615,1.315,1.316,1.235,1.315,848300,1113751.00
20210616,1.312,1.339,1.310,1.316,613100,806444.00
20210617,1.313,1.318,1.290,1.307,2505000,3278246.00
20210618,1.309,1.309,1.302,1.304,2117700,2762243.00
20210621,1.282,1.290,1.271,1.278,2451800,3127353.00
20210622,1.282,1.298,1.282,1.295,1997700,2576942.00
20210623,1.300,1.307,1.299,1.305,410700,534611.00
20210624,1.299,1.299,1.293,1.299,454300,588716.00
20210625,1.307,1.311,1.305,1.309,489900,641240.00
20210628,1.307,1.308,1.303,1.306,421100,549384.00
20210629,1.303,1.305,1.291,1.293,1667000,2155040.00
20210630,1.292,1.293,1.288,1.289,855800,1103982.00
20210701,1.280,1.287,1.277,1.285,2291300,2936150.00
20210702,1.290,1.290,1.280,1.285,1852000,2377449.00
20210705,1.284,1.285,1.278,1.280,1311600,1680028.00
20210706,1.277,1.298,1.277,1.295,1880900,2420796.00
20210707,1.285,1.285,1.273,1.275,3118100,3975291.00
20210708,1.275,1.275,1.266,1.269,885800,1124650.00
20210709,1.254,1.279,1.247,1.266,4439900,5604825.00
20210712,1.273,1.289,1.273,1.281,1834700,2349249.00
20210713,1.288,1.293,1.281,1.286,1496200,1924750.00
20210714,1.285,1.285,1.276,1.278,757200,968372.00
20210715,1.278,1.280,1.275,1.277,333000,425696.00
20210716,1.273,1.273,1.270,1.273,283200,360041.00
20210719,1.271,1.271,1.262,1.265,341700,432448.00
20210720,1.239,1.253,1.238,1.250,533900,667085.00
20210721,1.260,1.260,1.243,1.253,3781300,4726614.00
20210722,1.254,1.275,1.254,1.269,1378000,1739852.00
20210723,1.270,1.272,1.261,1.268,1784200,2260270.00
20210726,1.270,1.278,1.267,1.273,1014300,1291220.00
20210727,1.273,1.283,1.273,1.279,1069800,1369468.00
20210728,1.283,1.310,1.238,1.286,4583900,5884841.00
20210729,1.288,1.309,1.288,1.299,1736800,2251634.00
20210730,1.303,1.308,1.281,1.293,1161300,1501639.00
20210802,1.297,1.303,1.291,1.302,1765800,2293050.00
20210803,1.311,1.311,1.301,1.308,525900,688086.00
20210804,1.310,1.322,1.310,1.321,1064400,1401189.00
20210805,1.317,1.324,1.317,1.317,1501100,1982088.00
20210806,1.321,1.329,1.313,1.319,1712200,2260540.00
20210809,1.320,1.325,1.318,1.322,449900,594583.00
20210810,1.322,1.326,1.320,1.326,249200,329703.00
20210811,1.326,1.339,1.321,1.325,188900,250471.00
20210812,1.330,1.334,1.326,1.330,385000,512797.00
20210813,1.331,1.343,1.331,1.339,606300,812098.00
20210816,1.340,1.348,1.328,1.334,1064700,1421825.00
20210817,1.333,1.333,1.321,1.324,874600,1160526.00
20210818,1.321,1.330,1.321,1.325,178700,236965.00
20210819,1.315,1.315,1.295,1.295,1558000,2027157.00
20210820,1.294,1.300,1.266,1.292,2196200,2821652.00
20210823,1.296,1.306,1.283,1.300,2540100,3285097.00
20210824,1.299,1.305,1.299,1.304,499700,650534.00
20210825,1.308,1.308,1.282,1.294,1026200,1326686.00
20210826,1.294,1.295,1.290,1.292,619100,800143.00
20210827,1.292,1.297,1.288,1.296,574200,742572.00
20210830,1.305,1.305,1.298,1.301,535200,696245.00
20210831,1.299,1.310,1.298,1.309,859300,1120464.00
20210901,1.301,1.308,1.300,1.307,202800,264501.00
20210902,1.311,1.322,1.311,1.322,1335600,1763279.00
20210903,1.331,1.331,1.318,1.323,423600,560229.00
20210906,1.315,1.315,1.299,1.309,1760600,2305014.00
20210907,1.311,1.318,1.311,1.314,566900,745445.00
20210908,1.313,1.315,1.309,1.310,554400,727377.00
20210909,1.300,1.310,1.292,1.300,559000,725741.00
20210910,1.300,1.308,1.297,1.304,352500,458975.00
20210913,1.299,1.306,1.281,1.303,2012600,2600725.00
20210914,1.300,1.303,1.296,1.299,317600,412560.00
20210915,1.292,1.299,1.291,1.291,798500,1033066.00
20210916,1.290,1.297,1.282,1.288,813700,1048762.00
20210917,1.285,1.293,1.285,1.292,225800,291289.00
20210922,1.289,1.296,1.267,1.285,6939900,8925969.00
20210923,1.298,1.298,1.284,1.292,2087200,2693248.00
20210924,1.290,1.296,1.287,1.289,1316700,1699909.00
20210927,1.283,1.295,1.283,1.290,2712400,3496661.00
20210928,1.290,1.290,1.273,1.277,2812400,3599834.00
20210929,1.245,1.276,1.245,1.257,6482600,8151970.00
20210930,1.258,1.278,1.254,1.267,9949900,12563789.00
20211008,1.296,1.296,1.265,1.265,17369800,22257232.00
20211011,1.272,1.272,1.248,1.250,2053300,2574435.00
20211012,1.242,1.253,1.242,1.251,3671000,4580600.00
20211013,1.253,1.253,1.244,1.247,831200,1036145.00
20211014,1.258,1.259,1.251,1.259,2083900,2614600.00
20211015,1.269,1.284,1.265,1.271,3200000,4068094.00
20211018,1.277,1.277,1.266,1.271,1266800,1609259.00
20211019,1.262,1.271,1.262,1.265,2143900,2709795.00
20211020,1.265,1.265,1.255,1.257,2057800,2589986.00
20211021,1.261,1.267,1.260,1.265,1590700,2011140.00
20211022,1.276,1.276,1.262,1.271,2582600,3271212.00
20211025,1.273,1.280,1.270,1.275,3611600,4606665.00
20211026,1.275,1.278,1.266,1.269,2169700,2754804.00
20211027,1.269,1.274,1.263,1.267,2130400,2700692.00
20211028,1.268,1.268,1.261,1.266,1891400,2395516.00
20211029,1.270,1.281,1.270,1.277,1923800,2458827.00
20211101,1.290,1.300,1.287,1.291,653000,843942.00
20211102,1.296,1.296,1.287,1.295,459200,594029.00
20211103,1.298,1.307,1.298,1.301,556400,724522.00
20211104,1.305,1.314,1.305,1.312,442600,579797.00
20211105,1.312,1.316,1.310,1.312,722800,949600.00
20211108,1.316,1.329,1.315,1.315,400300,527361.00
20211109,1.315,1.326,1.315,1.318,294600,388138.00
20211110,1.318,1.322,1.291,1.317,527200,694343.00
20211111,1.319,1.321,1.308,1.309,2302300,3020742.00
20211112,1.309,1.313,1.305,1.306,470800,616317.00
20211115,1.311,1.312,1.307,1.311,729800,955889.00
20211116,1.311,1.313,1.308,1.310,144800,189809.00
20211117,1.310,1.313,1.307,1.307,140900,184331.00
20211118,1.307,1.307,1.301,1.306,407700,531970.00
20211119,1.306,1.314,1.306,1.314,695400,912258.00
20211122,1.314,1.314,1.300,1.300,726700,945620.00
20211123,1.292,1.293,1.286,1.288,869600,1120313.00
20211124,1.275,1.291,1.275,1.289,1325300,1700827.00
20211125,1.288,1.288,1.283,1.283,129700,166628.00
20211126,1.277,1.286,1.254,1.261,6217700,7885883.00
20211129,1.249,1.255,1.235,1.254,3677000,4578876.00
20211130,1.258,1.258,1.210,1.220,4915400,6039897.00
20211201,1.220,1.249,1.220,1.249,10600700,13165502.00
20211202,1.249,1.251,1.238,1.251,1257100,1566515.00
20211203,1.251,1.256,1.238,1.250,1776300,2217466.00
20211206,1.251,1.251,1.240,1.245,283400,352612.00
20211207,1.254,1.266,1.249,1.266,1135500,1428426.00
20211208,1.280,1.296,1.278,1.288,1886800,2430284.00
20211209,1.283,1.283,1.271,1.282,669200,855122.00
20211210,1.282,1.282,1.275,1.275,114600,146367.00
20211213,1.279,1.287,1.277,1.281,654400,836788.00
20211214,1.277,1.277,1.263,1.266,1804700,2285939.00
20211215,1.259,1.261,1.252,1.256,2679500,3366016.00
20211216,1.264,1.292,1.264,1.288,1341800,1714623.00
20211217,1.282,1.282,1.274,1.278,589800,753271.00
20211220,1.278,1.285,1.234,1.236,2643000,3297248.00
20211221,1.249,1.272,1.249,1.271,2842000,3592400.00
20211222,1.263,1.280,1.263,1.276,730200,933015.00
20211223,1.278,1.295,1.278,1.295,426400,550719.00
20211224,1.299,1.305,1.273,1.299,317500,412422.00
20211227,1.290,1.299,1.290,1.295,145200,187944.00
20211228,1.302,1.311,1.302,1.310,365800,478954.00
20211229,1.311,1.311,1.303,1.308,335100,438174.00
20211230,1.311,1.315,1.306,1.308,574400,751055.00
20211231,1.308,1.311,1.300,1.305,408200,533218.00
20220104,1.307,1.322,1.307,1.322,1081700,1425556.00
20220105,1.328,1.335,1.324,1.329,1025000,1363964.00
20220106,1.330,1.333,1.311,1.316,1288900,1705845.00
20220107,1.315,1.326,1.315,1.324,785900,1038041.00
20220110,1.310,1.328,1.305,1.327,1035500,1367251.00
20220111,1.327,1.327,1.310,1.312,1544700,2034385.00
20220112,1.345,1.345,1.313,1.323,1096400,1451971.00
20220113,1.326,1.338,1.326,1.331,488200,650551.00
20220114,1.331,1.331,1.303,1.322,1050600,1385106.00
20220117,1.322,1.323,1.314,1.318,623000,820280.00
20220118,1.321,1.338,1.316,1.316,711400,939337.00
20220119,1.301,1.310,1.295,1.296,1152000,1496425.00
20220120,1.298,1.316,1.298,1.313,1294100,1689247.00
20220121,1.298,1.298,1.286,1.289,479100,617205.00
20220124,1.283,1.283,1.273,1.279,1128400,1440379.00
20220125,1.266,1.270,1.243,1.255,1662200,2078957.00
20220126,1.253,1.255,1.236,1.248,6158600,7686402.00
20220127,1.260,1.260,1.225,1.227,1849900,2281812.00
20220128,1.234,1.278,1.234,1.271,5793400,7361376.00
20220207,1.270,1.310,1.266,1.286,895500,1149473.00
20220208,1.291,1.302,1.287,1.296,150200,194793.00
20220209,1.296,1.306,1.294,1.305,209600,273275.00
20220210,1.321,1.321,1.310,1.312,359400,473124.00
20220211,1.307,1.307,1.280,1.288,2826500,3653976.00
20220214,1.286,1.286,1.256,1.259,2803700,3535705.00
20220215,1.258,1.258,1.245,1.249,3811900,4759794.00
20220216,1.266,1.276,1.264,1.275,2857400,3629318.00
20220217,1.279,1.279,1.251,1.259,687300,868590.00
20220218,1.255,1.275,1.255,1.271,1902300,2406571.00
20220221,1.266,1.274,1.255,1.271,175400,222358.00
20220222,1.257,1.257,1.215,1.217,3379000,4126716.00
20220223,1.235,1.245,1.226,1.237,1256900,1553412.00
20220224,1.213,1.230,1.191,1.196,2202100,2648155.00
20220225,1.211,1.214,1.188,1.193,4425200,5284700.00
20220228,1.198,1.200,1.161,1.174,6055000,7091239.00
20220301,1.177,1.209,1.177,1.192,4616400,5491943.00
20220302,1.155,1.157,1.148,1.153,5265600,6067240.00
20220303,1.162,1.163,1.151,1.161,3077100,3556525.00
20220304,1.119,1.126,1.110,1.122,3859700,4322672.00
20220307,1.077,1.088,1.065,1.071,3501800,3766639.00
20220308,1.073,1.076,1.049,1.057,2262000,2385639.00
20220309,1.060,1.087,1.059,1.086,3442200,3682803.00
20220310,1.149,1.150,1.116,1.132,3494700,3952739.00
20220311,1.099,1.105,1.090,1.105,1839400,2022550.00
20220314,1.099,1.119,1.096,1.119,3160500,3504609.00
20220315,1.133,1.140,1.121,1.126,3489500,3937431.00
20220316,1.129,1.150,1.116,1.149,4083000,4629097.00
20220317,1.169,1.178,1.165,1.177,2772800,3250713.00
20220318,1.169,1.179,1.169,1.176,917700,1077214.00
20220321,1.176,1.179,1.170,1.173,901900,1058043.00
20220322,1.168,1.173,1.149,1.165,1774100,2059656.00
20220323,1.177,1.203,1.177,1.202,1614700,1917603.00
20220324,1.173,1.183,1.166,1.169,2558800,3003119.00
20220325,1.165,1.174,1.165,1.169,549900,643692.00
20220328,1.166,1.172,1.158,1.166,1644100,1918040.00
20220329,1.180,1.189,1.170,1.189,1087800,1286668.00
20220330,1.214,1.227,1.213,1.223,2904200,3541534.00
20220331,1.206,1.218,1.206,1.218,851100,1033164.00
20220401,1.190,1.216,1.188,1.190,4073000,4851637.00
20220406,1.179,1.180,1.166,1.171,2788100,3258661.00
20220407,1.146,1.146,1.139,1.144,2062800,2355595.00
20220408,1.141,1.153,1.135,1.148,5895400,6735892.00
20220411,1.152,1.152,1.136,1.137,2559300,2929344.00
20220412,1.140,1.145,1.138,1.141,1030000,1176356.00
20220413,1.141,1.157,1.138,1.146,5103500,5859853.00
20220414,1.150,1.169,1.150,1.165,2316800,2679790.00
20220415,1.160,1.165,1.146,1.146,1257200,1447540.00
20220418,1.133,1.146,1.133,1.136,872500,995083.00
20220419,1.140,1.152,1.140,1.150,5432600,6219943.00
20220420,1.154,1.162,1.146,1.152,3011000,3466302.00
20220421,1.165,1.198,1.158,1.191,3148500,3704779.00
20220422,1.181,1.191,1.173,1.177,4739600,5597462.00
20220425,1.155,1.164,1.150,1.151,2041200,2356551.00
20220426,1.157,1.173,1.157,1.172,1549900,1809720.00
20220427,1.150,1.152,1.130,1.142,3694700,4207418.00
20220428,1.149,1.155,1.146,1.153,1983800,2281626.00
20220429,1.158,1.175,1.156,1.165,3815800,4447985.00
20220505,1.169,1.181,1.169,1.180,2764500,3248991.00
20220506,1.143,1.150,1.130,1.140,2258300,2578105.00
20220509,1.130,1.130,1.112,1.121,2438700,2727651.00
20220510,1.097,1.123,1.097,1.118,2704000,2999615.00
20220511,1.121,1.128,1.118,1.121,2311500,2593066.00
20220512,1.132,1.132,1.114,1.115,2108600,2362719.00
20220513,1.124,1.139,1.124,1.138,3162500,3587447.00
20220516,1.209,1.209,1.143,1.148,2248300,2587042.00
20220517,1.152,1.163,1.151,1.163,1958100,2266751.00
20220518,1.169,1.180,1.169,1.173,752800,882970.00
20220519,1.155,1.155,1.145,1.148,3360600,3865035.00
20220520,1.152,1.160,1.151,1.154,918600,1062021.00
20220523,1.156,1.162,1.154,1.160,1577000,1824523.00
20220524,1.147,1.154,1.145,1.149,1955200,2246833.00
20220525,1.156,1.156,1.150,1.156,334400,386062.00
20220526,1.161,1.176,1.159,1.162,4152200,4835859.00
20220527,1.173,1.195,1.173,1.192,2219100,2636898.00
20220530,1.213,1.218,1.207,1.212,1044100,1263698.00
20220531,1.213,1.213,1.205,1.206,592500,714634.00
20220601,1.201,1.208,1.201,1.202,204900,246510.00
20220602,1.192,1.192,1.181,1.185,861100,1021803.00
20220606,1.190,1.202,1.188,1.202,911800,1090756.00
20220607,1.200,1.203,1.193,1.196,532700,637516.00
20220608,1.200,1.204,1.197,1.204,397300,476984.00
20220609,1.199,1.199,1.187,1.188,742500,883620.00
20220610,1.179,1.179,1.160,1.165,3132600,3652421.00
20220613,1.120,1.148,1.112,1.113,3433500,3837244.00
20220614,1.095,1.111,1.095,1.109,3108200,3434371.00
20220615,1.101,1.108,1.093,1.103,3289000,3608689.00
20220616,1.116,1.119,1.101,1.103,1787300,1979137.00
20220617,1.080,1.097,1.080,1.086,2228800,2417514.00
20220620,1.086,1.088,1.071,1.086,1400300,1513883.00
20220621,1.090,1.096,1.085,1.096,2072900,2260466.00
20220622,1.093,1.093,1.069,1.070,3896800,4216042.00
20220623,1.076,1.083,1.075,1.083,2420300,2615587.00
20220624,1.079,1.094,1.079,1.092,3368300,3665698.00
20220627,1.115,1.122,1.105,1.120,5232000,5828199.00
20220628,1.107,1.114,1.097,1.113,2363400,2621802.00
20220629,1.101,1.108,1.099,1.100,2999300,3309053.00
20220630,1.102,1.102,1.087,1.089,3955900,4314251.00
20220701,1.083,1.084,1.077,1.080,1892600,2040958.00
20220704,1.079,1.091,1.079,1.090,1496300,1625145.00
20220705,1.086,1.097,1.086,1.097,991400,1083717.00
20220706,1.077,1.095,1.061,1.066,5524400,5920824.00
20220707,1.074,1.075,1.060,1.066,3460300,3687993.00
20220708,1.073,1.074,1.066,1.069,3158900,3380302.00
20220711,1.073,1.073,1.055,1.059,2798700,2968927.00
20220712,1.055,1.055,1.041,1.043,2203700,2305746.00
20220713,1.048,1.056,1.048,1.056,1729200,1817021.00
20220714,1.051,1.052,1.046,1.048,892000,935466.00
20220715,1.044,1.048,1.040,1.045,1109000,1159602.00
20220718,1.055,1.073,1.055,1.072,1470700,1565850.00
20220719,1.066,1.070,1.065,1.067,2501800,2669063.00
20220720,1.095,1.114,1.095,1.108,6962200,7696987.00
20220721,1.100,1.107,1.097,1.103,2168400,2390879.00
20220722,1.103,1.106,1.101,1.104,1144300,1262650.00
20220725,1.102,1.104,1.098,1.101,704600,775371.00
20220726,1.105,1.109,1.102,1.106,1421000,1572539.00
20220727,1.105,1.108,1.105,1.106,468900,518634.00
20220728,1.113,1.121,1.113,1.120,2087000,2331642.00
20220729,1.125,1.140,1.125,1.140,1801100,2044184.00
20220801,1.150,1.154,1.146,1.152,1997800,2296871.00
20220802,1.146,1.158,1.146,1.157,2628500,3036068.00
20220803,1.157,1.157,1.136,1.147,1443300,1655071.00
20220804,1.164,1.164,1.138,1.157,1179100,1363850.00
20220805,1.159,1.165,1.159,1.162,871400,1013516.00
20220808,1.153,1.159,1.152,1.157,1403500,1621929.00
20220809,1.155,1.160,1.155,1.158,928800,1076245.00
20220810,1.155,1.158,1.151,1.151,513100,591932.00
20220811,1.167,1.181,1.167,1.180,774600,911023.00
20220812,1.178,1.178,1.175,1.178,459300,540570.00
20220815,1.185,1.193,1.185,1.185,1022100,1213556.00
20220816,1.180,1.184,1.172,1.178,1033500,1218389.00
20220817,1.176,1.182,1.176,1.181,426300,503321.00
20220818,1.169,1.173,1.163,1.169,1106800,1290700.00
20220819,1.173,1.173,1.162,1.165,872600,1015951.00
20220822,1.160,1.163,1.152,1.154,1469300,1699242.00
20220823,1.140,1.140,1.124,1.125,2804700,3170203.00
20220824,1.123,1.126,1.121,1.123,389300,436977.00
20220825,1.127,1.141,1.123,1.140,3211400,3628785.00
20220826,1.140,1.140,1.132,1.136,852200,967979.00
20220829,1.100,1.118,1.096,1.101,5015500,5521969.00
20220830,1.106,1.117,1.105,1.116,1568600,1746710.00
20220831,1.108,1.120,1.108,1.117,469500,523728.00
20220901,1.096,1.114,1.092,1.093,1001700,1097454.00
20220902,1.095,1.096,1.086,1.091,1196100,1303496.00
20220905,1.092,1.092,1.073,1.083,3285300,3551386.00
20220906,1.086,1.092,1.086,1.089,758000,824734.00
20220907,1.086,1.089,1.079,1.085,611900,662412.00
20220908,1.095,1.108,1.095,1.107,2889700,3184850.00
20220909,1.107,1.110,1.101,1.108,1625400,1797020.00
20220913,1.143,1.152,1.139,1.149,2639400,3025952.00
20220914,1.123,1.127,1.115,1.123,937500,1050999.00
20220915,1.125,1.127,1.120,1.125,201100,225749.00
20220916,1.121,1.128,1.111,1.113,862500,958681.00
20220919,1.110,1.112,1.107,1.107,1114100,1234660.00
20220920,1.111,1.119,1.111,1.118,575600,641329.00
20220921,1.112,1.112,1.094,1.096,2565400,2817197.00
20220922,1.091,1.091,1.077,1.078,1541300,1666135.00
20220923,1.070,1.079,1.070,1.079,378800,406628.00
20220926,1.069,1.069,1.038,1.042,2716000,2832224.00
20220927,1.041,1.053,1.040,1.052,2699900,2822503.00
20220928,1.041,1.041,1.017,1.022,5925500,6065017.00
20220929,1.035,1.043,1.034,1.038,4694100,4875330.00
20220930,1.024,1.037,1.024,1.037,818300,843988.00
20221010,1.032,1.049,1.023,1.045,1233300,1286049.00
20221011,1.040,1.054,1.040,1.053,708900,744711.00
20221012,1.049,1.061,1.047,1.059,931400,982466.00
20221013,1.049,1.050,1.045,1.049,449700,471090.00
20221014,1.061,1.087,1.061,1.083,2749200,2963574.00
20221017,1.076,1.083,1.071,1.082,744200,801577.00
20221018,1.100,1.125,1.100,1.120,1499600,1665990.00
20221019,1.125,1.126,1.119,1.119,1037400,1164223.00
20221020,1.120,1.120,1.098,1.110,756900,835281.00
20221021,1.117,1.117,1.107,1.113,697800,775016.00
20221024,1.121,1.128,1.121,1.123,734600,824772.00
20221025,1.123,1.149,1.123,1.149,1894300,2163163.00
20221026,1.168,1.176,1.159,1.172,1235400,1447272.00
20221027,1.177,1.177,1.166,1.172,811800,951298.00
20221028,1.175,1.176,1.158,1.159,1544800,1804483.00
20221031,1.164,1.181,1.164,1.180,1051400,1240190.00
20221101,1.180,1.184,1.175,1.182,1666000,1963861.00
20221102,1.179,1.183,1.178,1.183,729500,861561.00
20221103,1.181,1.181,1.162,1.164,1408800,1642320.00
20221104,1.161,1.161,1.147,1.156,2442000,2822054.00
20221107,1.174,1.187,1.171,1.184,3712800,4382922.00
20221108,1.208,1.208,1.191,1.200,1076100,1292643.00
20221109,1.210,1.218,1.201,1.210,868900,1050880.00
20221110,1.212,1.212,1.200,1.207,950700,1146656.00
20221111,1.256,1.260,1.201,1.245,3604100,4477585.00
20221114,1.246,1.252,1.244,1.246,1068300,1332816.00
20221115,1.247,1.251,1.242,1.247,1120600,1395694.00
20221116,1.242,1.259,1.236,1.257,2926500,3654343.00
20221117,1.257,1.272,1.254,1.265,1228500,1551908.00
20221118,1.262,1.269,1.258,1.265,1583500,1999540.00
20221121,1.265,1.275,1.261,1.262,1221500,1548043.00
20221122,1.265,1.267,1.258,1.258,460500,580966.00
20221123,1.261,1.274,1.261,1.274,1414800,1795452.00
20221124,1.279,1.294,1.275,1.287,2200600,2830715.00
20221125,1.292,1.296,1.290,1.295,967000,1250948.00
20221128,1.291,1.293,1.289,1.289,550300,710393.00
20221129,1.282,1.287,1.280,1.282,859500,1101959.00
20221130,1.282,1.284,1.276,1.276,946000,1210531.00
20221201,1.315,1.315,1.295,1.302,1848500,2401132.00
20221202,1.299,1.299,1.286,1.289,770600,992433.00
20221205,1.288,1.289,1.281,1.283,988900,1270027.00
20221206,1.278,1.278,1.267,1.269,778400,987808.00
20221207,1.264,1.266,1.261,1.263,822500,1039117.00
20221208,1.257,1.270,1.256,1.262,749000,943546.00
20221209,1.257,1.272,1.257,1.267,924900,1172138.00
20221212,1.262,1.263,1.255,1.261,513200,645564.00
20221213,1.265,1.272,1.264,1.271,456000,578118.00
20221214,1.280,1.292,1.279,1.289,927800,1194163.00
20221215,1.289,1.289,1.280,1.283,329400,422572.00
20221216,1.272,1.272,1.250,1.253,829000,1040717.00
20221219,1.246,1.246,1.238,1.241,455500,564663.00
20221220,1.242,1.257,1.227,1.227,1098200,1355058.00
20221221,1.235,1.244,1.235,1.243,440000,545495.00
20221222,1.253,1.270,1.253,1.269,2312900,2917598.00
20221223,1.259,1.259,1.251,1.254,2144400,2689642.00
20221226,1.251,1.253,1.247,1.251,781400,976686.00
20221227,1.249,1.259,1.249,1.258,214700,269859.00
20221228,1.258,1.259,1.247,1.254,195700,245104.00
20221229,1.249,1.249,1.242,1.244,391800,486922.00
20221230,1.255,1.259,1.250,1.252,502100,629508.00
20230103,1.261,1.261,1.243,1.247,1344200,1676525.00
20230104,1.250,1.253,1.238,1.251,637900,798014.00
20230105,1.276,1.280,1.272,1.273,1020600,1301979.00
20230106,1.270,1.275,1.270,1.273,358400,456396.00
20230109,1.286,1.298,1.286,1.298,1556100,2015964.00
20230110,1.298,1.298,1.292,1.293,877600,1135021.00
20230111,1.297,1.302,1.296,1.302,2003200,2601606.00
20230112,1.308,1.313,1.304,1.309,742000,971235.00
20230113,1.312,1.325,1.312,1.325,1131500,1492523.00
20230116,1.325,1.340,1.325,1.328,704600,937799.00
20230117,1.325,1.332,1.325,1.332,804400,1068985.00
20230118,1.334,1.347,1.334,1.342,1054100,1414190.00
20230119,1.337,1.338,1.332,1.335,1013500,1353025.00
20230120,1.325,1.334,1.320,1.334,1398300,1855200.00
20230130,1.345,1.348,1.335,1.342,1678800,2258217.00
20230131,1.349,1.349,1.337,1.337,1170600,1568521.00
20230201,1.346,1.350,1.343,1.349,532100,716197.00
20230202,1.355,1.370,1.355,1.365,799300,1089032.00
20230203,1.378,1.378,1.364,1.366,1633500,2233387.00
20230206,1.370,1.372,1.367,1.371,745400,1020690.00
20230207,1.364,1.364,1.352,1.355,1783600,2414806.00
20230208,1.362,1.362,1.352,1.358,1809600,2451907.00
20230209,1.351,1.352,1.340,1.351,1274300,1716998.00
20230210,1.351,1.353,1.349,1.352,800100,1080821.00
20230213,1.350,1.350,1.341,1.342,714000,958381.00
20230214,1.353,1.369,1.353,1.369,1376200,1875743.00
20230215,1.369,1.377,1.368,1.368,857200,1174934.00
20230216,1.378,1.400,1.378,1.400,1226900,1712731.00
20230217,1.410,1.430,1.393,1.395,2282900,3195801.00
20230220,1.390,1.407,1.390,1.406,1203100,1688160.00
20230221,1.407,1.408,1.392,1.394,1596800,2230948.00
20230222,1.389,1.390,1.380,1.385,1351600,1869821.00
20230223,1.387,1.393,1.387,1.393,1213000,1686965.00
20230224,1.399,1.408,1.392,1.401,2356500,3298969.00
20230227,1.389,1.389,1.372,1.377,1803300,2486310.00
20230228,1.387,1.401,1.387,1.395,2734900,3816819.00
20230301,1.394,1.394,1.384,1.391,1984100,2751401.00
20230302,1.383,1.387,1.371,1.374,2701100,3713607.00
20230303,1.384,1.389,1.382,1.388,2079300,2879063.00
20230306,1.398,1.412,1.398,1.410,2383300,3346460.00
20230307,1.410,1.419,1.406,1.418,1503300,2127929.00
20230308,1.407,1.407,1.393,1.394,2223100,3103306.00
20230309,1.394,1.398,1.394,1.397,586500,818704.00
20230310,1.385,1.385,1.374,1.375,2041500,2814937.00
20230313,1.373,1.389,1.371,1.389,2355200,3254176.00
20230314,1.350,1.351,1.331,1.332,4646600,6220554.00
20230315,1.361,1.368,1.358,1.367,2643500,3603976.00
20230316,1.330,1.336,1.325,1.332,2901200,3861728.00
20230317,1.345,1.355,1.335,1.339,2576300,3449183.00
20230320,1.328,1.329,1.301,1.305,3136200,4123187.00
20230321,1.325,1.352,1.324,1.352,3832100,5152584.00
20230322,1.376,1.376,1.356,1.371,1404500,1924683.00
20230323,1.371,1.374,1.366,1.373,1931700,2646682.00
20230324,1.376,1.377,1.360,1.366,3951000,5388452.00
20230327,1.354,1.364,1.229,1.363,2957800,4004925.00
20230328,1.363,1.377,1.363,1.377,3655600,5009824.00
20230329,1.372,1.383,1.371,1.378,1447600,1996715.00
20230330,1.396,1.399,1.391,1.397,1541510,2150426.00
20230331,1.413,1.413,1.409,1.411,972000,1371057.00
20230403,1.416,1.417,1.409,1.413,2926510,4131566.00
20230404,1.418,1.434,1.414,1.434,3078500,4390067.00
20230406,1.428,1.428,1.415,1.422,1469500,2084287.00
20230407,1.426,1.431,1.425,1.426,1214900,1734042.00
20230410,1.426,1.428,1.419,1.419,842200,1196880.00
20230411,1.427,1.434,1.425,1.433,1624900,2321347.00
20230412,1.436,1.441,1.435,1.438,885500,1272691.00
20230413,1.438,1.458,1.437,1.457,1739500,2522388.00
20230414,1.472,1.475,1.466,1.474,4443900,6529203.00
20230417,1.505,1.505,1.476,1.480,1736700,2569693.00
20230418,1.475,1.475,1.463,1.469,1320900,1936755.00
20230419,1.470,1.474,1.469,1.469,947300,1393742.00
20230420,1.471,1.476,1.471,1.474,1069500,1576969.00
20230421,1.473,1.475,1.469,1.471,1246200,1833044.00
20230424,1.479,1.502,1.479,1.498,4328300,6441830.00
20230425,1.502,1.516,1.502,1.515,3257900,4906830.00
20230426,1.505,1.505,1.495,1.503,1965700,2946718.00
20230427,1.489,1.492,1.486,1.487,3355800,4992345.00
20230428,1.490,1.497,1.490,1.496,2764924,4132346.00
20230504,1.485,1.485,1.474,1.476,2468200,3646887.00
20230505,1.476,1.476,1.463,1.468,1941800,2844579.00
20230508,1.486,1.487,1.480,1.484,2434600,3609974.00
20230509,1.485,1.485,1.476,1.479,1377400,2037337.00
20230510,1.475,1.475,1.465,1.469,2760700,4050430.00
20230511,1.461,1.464,1.460,1.463,2383300,3485505.00
20230512,1.466,1.470,1.465,1.468,2276800,3340107.00
20230515,1.470,1.476,1.466,1.474,2527900,3716310.00
20230516,1.472,1.472,1.465,1.465,1869000,2744160.00
20230517,1.463,1.474,1.463,1.469,2876500,4222820.00
20230518,1.478,1.501,1.474,1.484,6344300,9421713.00
20230519,1.495,1.509,1.490,1.501,10878000,16323514.00
20230522,1.505,1.507,1.486,1.491,6018100,8988578.00
20230523,1.487,1.494,1.485,1.486,5522400,8220946.00
20230524,1.472,1.472,1.457,1.460,6134488,8964472.00
20230525,1.446,1.458,1.441,1.455,5737900,8300568.00
20230526,1.443,1.443,1.437,1.442,4342400,6252944.00
20230529,1.459,1.469,1.455,1.466,7720000,11286215.00
20230530,1.450,1.454,1.446,1.450,4845800,7027945.00
20230531,1.434,1.437,1.426,1.429,5252300,7524131.00
20230601,1.419,1.431,1.417,1.430,3849500,5480839.00
20230602,1.433,1.447,1.431,1.446,6328800,9109570.00
20230605,1.457,1.463,1.456,1.462,5313000,7752957.00
20230606,1.450,1.450,1.442,1.445,3777800,5463913.00
20230607,1.444,1.451,1.444,1.451,2415500,3499036.00
20230608,1.443,1.450,1.442,1.443,3744100,5408225.00
20230609,1.452,1.461,1.452,1.459,5812510,8462981.00
20230612,1.459,1.462,1.458,1.461,3973888,5803883.00
20230613,1.469,1.487,1.468,1.486,6983800,10333281.00
20230614,1.493,1.493,1.481,1.482,4580898,6797682.00
20230615,1.492,1.493,1.484,1.486,4525700,6745033.00
20230616,1.489,1.501,1.489,1.499,7207800,10774817.00
20230619,1.515,1.516,1.506,1.510,7234900,10922668.00
20230620,1.502,1.505,1.500,1.500,2898100,4354189.00
20230621,1.503,1.513,1.503,1.507,6204700,9358503.00
20230626,1.490,1.490,1.478,1.484,5603500,8294546.00
20230627,1.485,1.506,1.485,1.497,5445000,8133197.00
20230628,1.502,1.513,1.497,1.512,4304900,6486638.00
20230629,1.520,1.528,1.514,1.515,6305200,9592363.00
20230630,1.521,1.523,1.513,1.518,6213000,9421870.00
20230703,1.531,1.541,1.531,1.540,6605400,10142573.00
20230704,1.535,1.535,1.528,1.530,3882700,5948218.00
20230705,1.524,1.526,1.516,1.516,5959600,9063785.00
20230706,1.510,1.510,1.496,1.500,6312800,9484604.00
20230707,1.471,1.481,1.471,1.476,7917000,11674753.00
20230710,1.479,1.483,1.476,1.479,3971600,5874873.00
20230711,1.494,1.503,1.488,1.500,5478800,8204540.00
20230712,1.510,1.516,1.507,1.516,6267100,9470589.00
20230713,1.532,1.549,1.532,1.544,8613300,13283336.00
20230714,1.550,1.552,1.538,1.539,6688700,10335572.00
20230717,1.547,1.550,1.544,1.548,3941200,6099316.00
20230718,1.546,1.548,1.541,1.547,5046400,7793765.00
20230719,1.557,1.580,1.552,1.569,7305500,11402595.00
20230720,1.565,1.565,1.543,1.543,6597500,10240089.00
20230721,1.552,1.558,1.548,1.551,5379400,8348062.00
20230724,1.558,1.568,1.555,1.567,6786400,10592592.00
20230725,1.565,1.565,1.546,1.557,7738800,12023418.00
20230726,1.552,1.552,1.536,1.545,7720800,11906869.00
20230727,1.530,1.553,1.530,1.548,12710300,19576980.00
20230728,1.547,1.564,1.542,1.545,16520300,25622924.00
20230731,1.551,1.553,1.544,1.548,7852700,12147870.00
20230801,1.550,1.552,1.546,1.546,6565912,10171563.00
20230802,1.537,1.537,1.516,1.517,6472000,9887617.00
20230803,1.507,1.517,1.507,1.514,5305800,8029208.00
20230804,1.509,1.519,1.509,1.518,10489600,15895560.00
20230807,1.518,1.518,1.513,1.516,3840700,5817773.00
20230808,1.519,1.522,1.519,1.521,3604300,5481826.00
20230809,1.517,1.528,1.514,1.528,5337300,8127704.00
20230810,1.528,1.536,1.524,1.536,4805800,7356231.00
20230811,1.550,1.552,1.530,1.544,8403700,12983019.00
20230814,1.530,1.530,1.521,1.526,4614000,7032452.00
20230815,1.533,1.542,1.532,1.541,4700900,7232433.00
20230816,1.521,1.527,1.512,1.514,5008600,7591893.00
20230817,1.510,1.513,1.498,1.510,7154400,10761775.00
20230818,1.494,1.505,1.484,1.485,5039000,7514237.00
20230821,1.489,1.503,1.489,1.503,4929600,7373436.00
20230822,1.510,1.515,1.501,1.515,3597700,5428570.00
20230823,1.516,1.516,1.508,1.512,3725000,5630279.00
20230824,1.515,1.524,1.511,1.521,8123100,12337170.00
20230825,1.489,1.498,1.478,1.479,6295600,9331760.00
20230828,1.490,1.508,1.488,1.508,6520700,9784486.00
20230829,1.520,1.523,1.514,1.519,7662300,11635507.00
20230830,1.530,1.542,1.530,1.534,6974100,10706098.00
20230831,1.535,1.539,1.533,1.537,7589600,11651376.00
20230901,1.523,1.529,1.513,1.516,9029800,13715237.00
20230904,1.511,1.519,1.507,1.515,5879500,8880159.00
20230905,1.500,1.508,1.500,1.502,6267100,9425271.00
20230906,1.498,1.503,1.498,1.501,6144101,9216942.00
20230907,1.490,1.495,1.488,1.490,5434200,8102934.00
20230908,1.492,1.507,1.490,1.506,7952700,11920894.00
20230911,1.512,1.512,1.493,1.503,4226800,6347637.00
20230912,1.505,1.506,1.499,1.503,7521400,11302654.00
20230913,1.497,1.497,1.484,1.488,5570100,8296641.00
20230914,1.487,1.494,1.487,1.491,5449500,8123377.00
20230915,1.499,1.505,1.496,1.504,6302100,9449900.00
20230918,1.497,1.501,1.494,1.501,4777600,7158543.00
20230919,1.489,1.489,1.484,1.487,2871200,4267167.00
20230920,1.487,1.494,1.486,1.494,2954300,4404207.00
20230921,1.490,1.494,1.479,1.479,4263700,6325933.00
20230922,1.461,1.475,1.458,1.473,4509000,6608975.00
20230925,1.463,1.470,1.462,1.468,4005700,5879455.00
20230926,1.449,1.455,1.440,1.443,6209400,8988128.00
20230927,1.429,1.441,1.429,1.437,5523800,7910566.00
20230928,1.435,1.439,1.429,1.435,7202000,10316527.00
20231009,1.421,1.430,1.421,1.423,2061200,2934953.00
20231010,1.430,1.437,1.429,1.437,3617300,5185826.00
20231011,1.448,1.450,1.446,1.449,4520600,6546926.00
20231012,1.456,1.462,1.449,1.461,10097300,14684290.00
20231013,1.445,1.445,1.431,1.431,6372100,9138443.00
20231016,1.413,1.419,1.410,1.418,4031600,5702642.00
20231017,1.425,1.427,1.423,1.426,3002500,4278300.00
20231018,1.419,1.428,1.418,1.423,3881200,5522688.00
20231019,1.412,1.412,1.393,1.396,3558300,4983949.00
20231020,1.382,1.395,1.382,1.388,1880900,2612212.00
20231023,1.374,1.387,1.372,1.387,3502800,4840173.00
20231024,1.398,1.405,1.391,1.404,2568700,3594561.00
20231025,1.407,1.407,1.393,1.395,3187400,4463968.00
20231026,1.392,1.392,1.381,1.384,2387900,3307175.00
20231027,1.397,1.405,1.386,1.398,3469700,4858840.00
20231030,1.375,1.393,1.375,1.392,1953600,2702177.00
20231031,1.394,1.395,1.389,1.394,1744000,2427025.00
20231101,1.407,1.410,1.400,1.409,2467500,3466624.00
20231102,1.416,1.422,1.414,1.417,3313600,4700394.00
20231103,1.433,1.444,1.432,1.442,6568600,9458863.00
20231106,1.450,1.450,1.439,1.443,4736400,6830698.00
20231107,1.431,1.431,1.420,1.421,4377800,6242353.00
20231108,1.420,1.423,1.416,1.418,3687200,5233002.00
20231109,1.425,1.440,1.425,1.438,3795500,5438454.00
20231110,1.440,1.441,1.434,1.438,3361200,4829796.00
20231113,1.442,1.445,1.435,1.441,4949700,7127682.00
20231114,1.450,1.450,1.443,1.446,2191300,3169042.00
20231115,1.478,1.489,1.475,1.485,6277600,9301794.00
20231116,1.482,1.484,1.477,1.484,2280200,3376104.00
20231117,1.484,1.484,1.479,1.484,1835100,2720328.00
20231120,1.491,1.492,1.467,1.480,2578400,3828844.00
20231121,1.490,1.490,1.483,1.486,2835800,4211937.00
20231122,1.477,1.479,1.472,1.473,2515100,3711111.00
20231123,1.478,1.485,1.478,1.485,1979300,2933908.00
20231124,1.486,1.490,1.483,1.487,1583300,2352441.00
20231127,1.485,1.490,1.485,1.488,1560600,2321442.00
20231128,1.487,1.488,1.483,1.486,2118000,3145943.00
20231129,1.494,1.494,1.484,1.490,1519700,2264225.00
20231130,1.491,1.498,1.491,1.498,4210400,6294405.00
20231201,1.504,1.504,1.494,1.496,3065700,4591994.00
20231204,1.497,1.501,1.492,1.499,2930800,4388955.00
20231205,1.490,1.490,1.471,1.482,2912900,4319206.00
20231206,1.499,1.505,1.496,1.503,5462200,8205340.00
20231207,1.502,1.503,1.498,1.500,2193100,3290363.00
20231208,1.496,1.508,1.496,1.508,2531000,3810406.00
20231211,1.520,1.534,1.520,1.533,4997300,7638061.00
20231212,1.543,1.549,1.530,1.532,4908000,7557583.00
20231213,1.537,1.541,1.529,1.540,3124100,4789390.00
20231214,1.542,1.560,1.542,1.559,7415600,11522527.00
20231215,1.550,1.558,1.547,1.556,3990800,6200020.00
20231218,1.552,1.554,1.543,1.551,4825500,7473252.00
20231219,1.550,1.564,1.543,1.554,5755400,8948990.00
20231220,1.555,1.569,1.555,1.560,12987400,20277984.00
20231221,1.545,1.546,1.536,1.538,7443100,11469135.00
20231222,1.547,1.555,1.544,1.546,7722700,11962546.00
20231225,1.547,1.556,1.546,1.556,2892800,4484542.00
20231226,1.556,1.568,1.554,1.566,4432300,6914886.00
20231227,1.570,1.572,1.562,1.567,3966100,6218839.00
20231228,1.566,1.573,1.563,1.566,6953200,10891632.00
20231229,1.559,1.559,1.544,1.548,5788700,8953484.00
20240102,1.544,1.560,1.544,1.557,6288800,9760873.00
20240103,1.542,1.542,1.524,1.532,5593300,8580260.00
20240104,1.507,1.519,1.501,1.516,4965700,7499820.00
20240105,1.519,1.524,1.511,1.513,3930300,5963839.00
20240108,1.517,1.518,1.515,1.518,1839000,2789655.00
20240109,1.533,1.544,1.531,1.542,14338800,22033048.00
20240110,1.533,1.539,1.526,1.528,9809000,15006892.00
20240111,1.530,1.547,1.530,1.546,13930560,21467712.00
20240112,1.535,1.535,1.529,1.533,6953600,10645457.00
20240115,1.542,1.552,1.536,1.549,15897100,24553506.00
20240116,1.534,1.539,1.514,1.516,19769200,30141660.00
20240117,1.514,1.517,1.493,1.495,17743800,26690944.00
20240118,1.490,1.502,1.488,1.500,12158800,18200108.00
20240119,1.520,1.527,1.517,1.525,10164900,15466014.00
20240122,1.531,1.555,1.523,1.538,47805500,73393800.00
20240123,1.538,1.594,1.530,1.541,254240900,394235744.00
20240124,1.539,1.617,1.516,1.525,547462500,859169600.00
20240125,1.550,1.560,1.512,1.521,186056300,285592576.00
20240126,1.519,1.528,1.511,1.514,65182600,98976832.00
20240129,1.547,1.569,1.540,1.567,125806400,195044112.00
20240130,1.567,1.591,1.550,1.585,205234600,324053216.00
20240131,1.589,1.608,1.559,1.560,244642400,387260800.00
20240201,1.540,1.555,1.539,1.540,56809000,87863344.00
20240202,1.550,1.554,1.548,1.553,61815800,95894848.00
20240205,1.550,1.550,1.528,1.534,49063600,75291168.00
20240206,1.529,1.531,1.515,1.524,45545100,69311464.00
20240207,1.532,1.535,1.526,1.532,19513100,29870584.00
20240208,1.522,1.538,1.522,1.538,23911300,36590832.00
20240219,1.555,1.566,1.550,1.563,27325200,42514680.00
20240220,1.563,1.576,1.556,1.559,21136000,33058652.00
20240221,1.565,1.571,1.561,1.569,23738800,37161220.00
20240222,1.577,1.592,1.576,1.591,24797900,39286108.00
20240223,1.605,1.606,1.597,1.602,18156400,29068396.00
20240226,1.610,1.610,1.603,1.605,11506500,18477164.00
20240227,1.603,1.605,1.600,1.601,12998699,20823462.00
20240228,1.605,1.612,1.605,1.612,14023800,22569144.00
20240229,1.614,1.619,1.606,1.611,14589697,23517822.00
20240301,1.610,1.619,1.606,1.617,15311899,24678384.00
20240304,1.616,1.616,1.607,1.610,14690000,23674964.00
20240305,1.609,1.613,1.607,1.608,10508700,16924256.00
20240306,1.599,1.613,1.599,1.610,9368600,15053974.00
20240307,1.615,1.627,1.614,1.619,13128000,21253676.00
20240308,1.639,1.653,1.639,1.643,17603000,28974298.00
20240311,1.643,1.643,1.627,1.631,11058260,18046612.00
20240312,1.636,1.647,1.634,1.646,11061100,18152260.00
20240313,1.655,1.661,1.647,1.653,9991500,16504623.00
20240314,1.661,1.669,1.657,1.668,18267500,30412086.00
20240315,1.671,1.672,1.618,1.652,18235400,30195768.00
20240318,1.659,1.669,1.652,1.667,13883700,23090716.00
20240319,1.654,1.656,1.646,1.649,13733900,22664130.00
20240320,1.658,1.658,1.651,1.653,16891500,27934622.00
20240321,1.662,1.690,1.662,1.684,25780100,43276108.00
20240322,1.666,1.671,1.662,1.669,26450600,44099940.00
20240325,1.660,1.665,1.651,1.658,12641100,20959200.00
20240326,1.659,1.664,1.658,1.663,8780900,14587344.00
20240327,1.663,1.677,1.663,1.673,26950100,45028972.00
20240328,1.681,1.681,1.674,1.676,21721800,36404044.00
20240329,1.673,1.674,1.665,1.672,18912800,31586522.00
20240401,1.674,1.678,1.672,1.674,13411100,22448490.00
20240402,1.668,1.668,1.661,1.665,8621200,14350477.00
20240403,1.644,1.646,1.637,1.642,20006000,32833828.00
20240408,1.635,1.644,1.634,1.642,12123700,19873950.00
20240409,1.650,1.654,1.648,1.653,13075500,21590142.00
20240410,1.643,1.648,1.640,1.648,16800900,27612332.00
20240411,1.638,1.638,1.618,1.622,22433500,36429684.00
20240412,1.620,1.627,1.620,1.625,17650600,28668948.00
20240415,1.603,1.610,1.597,1.608,14426600,23131116.00
20240416,1.589,1.595,1.575,1.578,29325000,46383888.00
20240417,1.581,1.592,1.579,1.586,19986600,31668956.00
20240418,1.585,1.610,1.585,1.607,15290600,24474332.00
20240419,1.583,1.600,1.564,1.594,20567400,32466132.00
20240422,1.603,1.625,1.597,1.623,13377600,21605116.00
20240423,1.625,1.636,1.617,1.620,13129300,21268116.00
20240424,1.641,1.647,1.635,1.637,22647300,37195084.00
20240425,1.630,1.638,1.627,1.638,12936400,21109028.00
20240426,1.629,1.640,1.629,1.638,14288600,23351380.00
20240429,1.645,1.650,1.639,1.640,8060300,13255467.00
20240430,1.637,1.637,1.626,1.634,10789600,17598806.00
20240506,1.621,1.625,1.610,1.623,13394500,21669452.00
20240507,1.629,1.630,1.624,1.628,10366500,16866988.00
20240508,1.637,1.649,1.636,1.648,12942400,21230616.00
20240509,1.659,1.659,1.651,1.654,13210700,21866142.00
20240510,1.664,1.675,1.663,1.673,11292900,18845416.00
20240513,1.674,1.676,1.672,1.674,9199900,15399162.00
20240514,1.673,1.679,1.669,1.677,9171950,15349563.00
20240515,1.689,1.695,1.685,1.687,9773200,16511373.00
20240516,1.695,1.705,1.695,1.697,12902100,21913996.00
20240517,1.685,1.685,1.674,1.675,15366400,25754858.00
20240520,1.675,1.682,1.674,1.681,7869600,13218717.00
20240521,1.679,1.685,1.675,1.684,6869900,11539440.00
20240522,1.679,1.682,1.675,1.681,8752800,14679425.00
20240523,1.675,1.676,1.665,1.672,13264000,22169228.00
20240524,1.655,1.663,1.650,1.651,17531400,29008380.00
20240527,1.656,1.671,1.656,1.671,9270500,15445099.00
20240528,1.680,1.690,1.679,1.689,9570500,16121534.00
20240529,1.667,1.669,1.661,1.665,13458200,22416994.00
20240530,1.636,1.642,1.624,1.628,17120300,27972910.00
20240531,1.640,1.649,1.637,1.648,10230400,16796690.00
20240603,1.660,1.669,1.658,1.664,11475300,19089638.00
20240604,1.663,1.663,1.652,1.653,10287200,17053588.00
20240605,1.651,1.658,1.650,1.658,7241900,11981400.00
20240606,1.669,1.672,1.666,1.671,17844600,29788206.00
20240607,1.671,1.672,1.665,1.671,11306300,18873248.00
20240611,1.645,1.647,1.631,1.640,28299400,46337180.00
20240612,1.614,1.621,1.610,1.620,35134600,56743244.00
20240613,1.630,1.630,1.622,1.625,25541900,41493060.00
20240614,1.592,1.596,1.587,1.587,36830000,58646576.00
20240617,1.550,1.566,1.545,1.565,56632000,88017880.00
20240618,1.565,1.584,1.565,1.584,45130100,71025384.00
20240619,1.587,1.588,1.575,1.578,34090300,53846740.00
20240620,1.570,1.578,1.566,1.575,28216300,44369480.00
20240621,1.588,1.593,1.584,1.591,41801800,66454540.00
20240624,1.580,1.581,1.571,1.576,24468600,38540940.00
20240625,1.586,1.595,1.586,1.595,30390400,48343104.00
20240626,1.589,1.603,1.587,1.599,60595200,96609024.00
20240627,1.582,1.585,1.577,1.584,35557300,56220016.00
20240628,1.569,1.583,1.567,1.582,48935300,77028992.00
20240701,1.577,1.603,1.571,1.594,78482900,124440304.00
20240702,1.588,1.589,1.579,1.580,51491300,81597608.00
20240703,1.585,1.596,1.582,1.591,42412000,67348576.00
20240704,1.602,1.626,1.598,1.621,95083300,153270176.00
20240705,1.638,1.647,1.615,1.626,78219000,127738512.00
20240708,1.612,1.627,1.611,1.622,56751200,91947992.00
20240709,1.616,1.628,1.615,1.627,57659700,93444632.00
20240710,1.611,1.612,1.603,1.603,54973700,88337592.00
20240711,1.612,1.627,1.611,1.626,58557300,94671200.00
20240712,1.624,1.624,1.611,1.616,39668800,64205948.00
20240715,1.630,1.640,1.627,1.635,40688900,66526504.00
20240716,1.623,1.632,1.623,1.631,40584800,66039924.00
20240717,1.630,1.656,1.629,1.639,63611700,104359776.00
20240718,1.633,1.640,1.619,1.639,47193000,76933032.00
20240719,1.633,1.633,1.602,1.605,44617200,72183144.00
20240722,1.593,1.603,1.581,1.589,43795700,69520328.00
20240723,1.606,1.610,1.598,1.604,31333300,50291664.00
20240724,1.596,1.596,1.581,1.582,31404400,49865992.00
20240725,1.563,1.563,1.535,1.539,53582000,82942464.00
20240726,1.535,1.550,1.535,1.548,32280100,49777552.00
20240729,1.569,1.575,1.567,1.574,37006600,58173840.00
20240730,1.547,1.556,1.540,1.549,35936900,55593800.00
20240731,1.553,1.562,1.548,1.562,38533900,59921984.00
20240801,1.561,1.562,1.552,1.553,32103000,50029232.00
20240802,1.518,1.518,1.491,1.494,63851500,96121656.00
20240805,1.467,1.477,1.427,1.437,82020397,119360536.00
20240806,1.475,1.483,1.468,1.469,44326700,65392272.00
20240807,1.474,1.488,1.472,1.474,20945200,30978414.00
20240808,1.480,1.490,1.479,1.489,25699500,38160308.00
20240809,1.497,1.500,1.486,1.497,32934200,49226856.00
20240812,1.501,1.503,1.498,1.503,11745597,17630654.00
20240813,1.500,1.503,1.496,1.503,12009300,18007548.00
20240814,1.508,1.513,1.504,1.512,24344000,36735052.00
20240815,1.519,1.527,1.515,1.523,17121700,26048828.00
20240816,1.539,1.547,1.538,1.545,27483500,42391076.00
20240819,1.544,1.544,1.535,1.537,28029200,43142952.00
20240820,1.552,1.565,1.552,1.564,26410600,41204272.00
20240821,1.559,1.561,1.552,1.561,14031000,21850222.00
20240822,1.572,1.574,1.564,1.569,19228000,30182680.00
20240823,1.563,1.573,1.561,1.573,16548100,25897856.00
20240826,1.582,1.583,1.578,1.579,12090600,19106856.00
20240827,1.582,1.590,1.582,1.586,13268200,21035202.00
20240828,1.583,1.583,1.577,1.583,9354500,14784803.00
20240829,1.581,1.581,1.566,1.567,20447400,32120286.00
20240830,1.578,1.579,1.572,1.574,18395900,28980220.00
20240902,1.571,1.575,1.568,1.572,14566900,22888334.00
20240903,1.574,1.581,1.574,1.580,15158700,23931990.00
20240904,1.541,1.552,1.536,1.539,23129300,35737768.00
20240905,1.540,1.553,1.540,1.541,18216800,28161224.00
20240906,1.538,1.538,1.531,1.533,11498800,17644674.00
20240909,1.521,1.530,1.519,1.522,14395100,21932846.00
20240910,1.531,1.534,1.527,1.528,10896200,16672216.00
20240911,1.524,1.529,1.521,1.528,6159200,9387852.00
20240912,1.536,1.543,1.535,1.540,21497800,33085890.00
20240913,1.540,1.543,1.533,1.534,16878300,25969620.00
20240918,1.542,1.554,1.542,1.551,13331900,20638630.00
20240919,1.551,1.562,1.546,1.561,20430200,31732452.00
20240920,1.573,1.575,1.566,1.568,21621100,33934280.00
20240923,1.565,1.565,1.547,1.553,25435400,39553512.00
20240924,1.552,1.560,1.541,1.558,26003500,40230340.00
20240925,1.558,1.559,1.546,1.549,15242500,23712280.00
20240926,1.553,1.567,1.553,1.564,16218800,25295584.00
20240927,1.579,1.585,1.567,1.572,14735800,23249216.00
20240930,1.571,1.598,1.567,1.594,32917750,52295476.00
20241008,1.545,1.545,1.526,1.533,67494150,103461776.00
20241009,1.534,1.536,1.530,1.534,29698583,45512684.00
20241010,1.536,1.541,1.532,1.536,32638400,50153920.00
20241011,1.534,1.540,1.534,1.540,17330590,26632936.00
20241014,1.544,1.548,1.537,1.547,24920600,38420568.00
20241015,1.550,1.567,1.549,1.563,40042000,62359112.00
20241016,1.537,1.541,1.528,1.529,41785900,64035708.00
20241017,1.531,1.536,1.530,1.536,21680500,33238016.00
20241018,1.543,1.545,1.532,1.537,36413400,56082152.00
20241021,1.540,1.546,1.539,1.541,18798000,29003656.00
20241022,1.530,1.531,1.526,1.529,19402400,29644700.00
20241023,1.528,1.528,1.523,1.523,16271800,24824758.00
20241024,1.520,1.523,1.514,1.522,12999600,19727504.00
20241025,1.520,1.523,1.516,1.517,14580400,22149706.00
20241028,1.521,1.524,1.515,1.520,52413900,79569384.00
20241029,1.526,1.539,1.524,1.537,43188590,66072248.00
20241030,1.521,1.525,1.514,1.519,54701400,83121152.00
20241031,1.506,1.507,1.500,1.502,25221197,37924352.00
20241101,1.493,1.498,1.491,1.497,13403300,20028900.00
20241104,1.502,1.506,1.500,1.504,15660000,23534530.00
20241105,1.495,1.500,1.494,1.499,11199800,16761276.00
20241106,1.502,1.509,1.486,1.498,75298090,112689048.00
20241107,1.488,1.499,1.484,1.498,35969800,53621964.00
20241108,1.502,1.507,1.501,1.505,45332090,68177160.00
20241111,1.492,1.498,1.490,1.496,27619000,41225376.00
20241112,1.502,1.502,1.492,1.493,36971200,55369128.00
20241113,1.460,1.469,1.459,1.468,41099800,60185836.00
20241114,1.466,1.467,1.459,1.461,26647400,38961296.00
20241115,1.468,1.469,1.461,1.463,24742000,36241448.00
20241118,1.460,1.468,1.460,1.467,16354100,23935900.00
20241119,1.468,1.472,1.465,1.472,16754500,24608696.00
20241120,1.466,1.473,1.463,1.473,18065600,26502312.00
20241121,1.460,1.461,1.455,1.457,24485800,35677504.00
20241122,1.456,1.459,1.448,1.451,23032400,33486820.00
20241125,1.460,1.474,1.460,1.473,45266900,66348172.00
20241126,1.461,1.462,1.446,1.460,28394500,41285712.00
20241127,1.456,1.458,1.451,1.457,24415300,35527040.00
20241128,1.453,1.465,1.451,1.464,30750900,44866216.00
20241129,1.463,1.468,1.462,1.464,27709700,40564880.00
数据来源:通达信
