513520 日经ETF 日线 后复权
      日期	    开盘	    最高	    最低	    收盘	    成交量	    成交额
20190625,0.990,0.996,0.981,0.991,98764722,97981256.00
20190626,0.992,0.995,0.990,0.993,32825166,32588676.00
20190627,0.996,1.000,0.994,0.999,30961255,30908884.00
20190628,0.998,0.999,0.997,0.998,15703100,15671407.00
20190701,1.001,1.006,1.000,1.003,42664400,42780520.00
20190702,1.005,1.008,1.003,1.004,30795455,30977574.00
20190703,1.004,1.009,1.003,1.008,20098155,20236748.00
20190704,1.008,1.012,1.008,1.012,15713500,15883327.00
20190705,1.013,1.014,1.011,1.012,12257400,12403985.00
20190708,1.011,1.012,1.003,1.005,4219300,4237384.00
20190709,1.005,1.007,1.001,1.003,1876800,1882246.00
20190710,1.001,1.003,1.000,1.000,956300,957042.00
20190711,1.001,1.007,1.001,1.007,2867500,2883913.00
20190712,1.006,1.007,1.004,1.006,1165900,1172068.00
20190715,1.007,1.015,1.006,1.008,2195700,2214354.00
20190716,1.006,1.006,1.003,1.004,1651500,1657511.00
20190717,1.004,1.004,0.997,1.000,995700,995500.00
20190718,0.995,0.995,0.984,0.989,1596500,1580634.00
20190719,0.995,1.005,0.995,1.002,2188700,2192794.00
20190722,1.002,1.002,0.996,0.999,945600,944911.00
20190723,1.005,1.012,1.005,1.008,4459700,4494397.00
20190724,1.011,1.013,1.008,1.011,8457000,8548699.00
20190725,1.011,1.014,1.011,1.013,7113400,7202974.00
20190726,1.009,1.009,1.002,1.005,3094700,3111574.00
20190729,1.001,1.005,1.000,1.003,1129000,1130937.00
20190730,1.008,1.009,1.006,1.007,5351700,5391826.00
20190731,1.000,1.003,0.999,1.002,1886700,1888089.00
20190801,0.997,1.000,0.997,0.999,2062100,2058756.00
20190802,0.991,1.057,0.990,1.000,5115900,5124108.00
20190805,0.995,1.011,0.995,1.005,7012200,7054283.00
20190806,1.004,1.004,0.986,0.995,3241500,3208275.00
20190807,0.995,0.995,0.990,0.994,969800,962650.00
20190808,0.996,1.003,0.996,1.003,2126400,2128008.00
20190809,1.006,1.009,1.006,1.009,1978800,1993716.00
20190812,1.009,1.011,1.007,1.007,2150900,2171208.00
20190813,1.005,1.005,0.996,1.001,950600,948487.00
20190814,1.003,1.010,0.994,0.997,2057500,2050527.00
20190815,0.990,0.993,0.986,0.993,1211500,1199445.00
20190816,0.993,0.997,0.988,0.993,667400,662237.00
20190819,0.999,0.999,0.993,0.997,611000,607963.00
20190820,0.995,0.999,0.995,0.997,844700,842847.00
20190821,0.998,0.998,0.994,0.994,844700,841060.00
20190822,0.998,0.999,0.996,0.999,1072000,1069383.00
20190823,0.999,1.004,0.998,1.002,2028500,2031271.00
20190826,0.993,1.001,0.993,0.998,2781900,2781474.00
20190827,1.003,1.006,1.002,1.003,2289600,2300235.00
20190828,1.003,1.006,1.002,1.003,738700,741805.00
20190829,1.005,1.005,1.000,1.004,1369700,1373143.00
20190830,1.004,1.008,1.003,1.005,3351800,3372556.00
20190902,1.003,1.010,1.003,1.008,2606900,2628149.00
20190903,1.007,1.011,1.007,1.008,1604900,1620881.00
20190904,1.008,1.012,1.008,1.011,3895500,3935806.00
20190905,1.017,1.026,1.017,1.023,8433500,8623247.00
20190906,1.023,1.028,1.020,1.021,2579000,2642316.00
20190909,1.023,1.030,1.023,1.030,3037600,3119142.00
20190910,1.030,1.030,1.011,1.029,2426800,2489873.00
20190911,1.030,1.034,1.029,1.034,1459800,1506210.00
20190912,1.038,1.043,1.038,1.040,2928400,3047687.00
20190916,1.045,1.050,1.041,1.043,3383300,3534726.00
20190917,1.050,1.050,1.037,1.043,2541400,2650375.00
20190918,1.041,1.046,1.041,1.045,1518400,1585915.00
20190919,1.053,1.057,1.052,1.053,3736800,3941899.00
20190920,1.055,1.060,1.052,1.054,2414800,2548993.00
20190923,1.054,1.060,1.054,1.059,1514500,1602356.00
20190924,1.062,1.066,1.060,1.062,1658700,1761139.00
20190925,1.055,1.062,1.055,1.059,1670200,1766713.00
20190926,1.062,1.064,1.059,1.061,1671600,1774760.00
20190927,1.061,1.067,1.060,1.065,3264300,3470395.00
20190930,1.067,1.067,1.056,1.058,1903100,2011548.00
20191008,1.056,1.059,1.050,1.051,1512400,1593867.00
20191009,1.048,1.051,1.044,1.050,692700,725841.00
20191010,1.046,1.049,1.045,1.046,1000600,1046952.00
20191011,1.055,1.101,1.049,1.053,558100,586882.00
20191014,1.053,1.053,1.046,1.050,1378800,1445396.00
20191015,1.057,1.065,1.057,1.064,844800,898200.00
20191016,1.071,1.081,1.071,1.076,1381100,1488012.00
20191017,1.076,1.079,1.074,1.074,484800,521502.00
20191018,1.076,1.080,1.072,1.072,1582300,1704169.00
20191021,1.074,1.078,1.074,1.077,1103900,1188427.00
20191022,1.081,1.089,1.076,1.089,1372500,1483960.00
20191023,1.086,1.089,1.082,1.089,929900,1008921.00
20191024,1.091,1.091,1.085,1.089,596100,648456.00
20191025,1.088,1.089,1.085,1.088,411700,447225.00
20191028,1.087,1.092,1.087,1.089,710300,774447.00
20191029,1.090,1.094,1.090,1.093,465300,508021.00
20191030,1.091,1.093,1.087,1.087,407500,444009.00
20191031,1.093,1.093,1.088,1.088,470000,511627.00
20191101,1.088,1.093,1.088,1.092,1379100,1504609.00
20191104,1.093,1.096,1.091,1.096,1184600,1295293.00
20191105,1.103,1.106,1.101,1.104,1392400,1535385.00
20191106,1.101,1.101,1.096,1.099,1047900,1151059.00
20191107,1.099,1.105,1.099,1.104,643400,709944.00
20191108,1.104,1.105,1.096,1.097,1772000,1947772.00
20191111,1.098,1.100,1.097,1.097,902200,991362.00
20191112,1.102,1.108,1.098,1.107,1133800,1251984.00
20191113,1.106,1.106,1.099,1.105,1434300,1581642.00
20191114,1.105,1.106,1.099,1.101,1458800,1606707.00
20191115,1.104,1.108,1.104,1.108,696800,771270.00
20191118,1.108,1.110,1.105,1.110,1505900,1668188.00
20191119,1.108,1.111,1.107,1.109,878000,973483.00
20191120,1.109,1.109,1.102,1.102,837800,924988.00
20191121,1.097,1.099,1.088,1.099,934600,1020955.00
20191122,1.100,1.105,1.100,1.103,787700,868212.00
20191125,1.107,1.112,1.107,1.111,895600,994832.00
20191126,1.115,1.119,1.112,1.113,1025000,1144648.00
20191127,1.115,1.118,1.115,1.117,541400,604539.00
20191128,1.109,1.115,1.109,1.113,298600,332161.00
20191129,1.113,1.113,1.105,1.109,463800,514516.00
20191202,1.110,1.112,1.109,1.110,1391700,1545134.00
20191203,1.100,1.110,1.100,1.108,566000,625584.00
20191204,1.105,1.106,1.103,1.104,1309200,1446089.00
20191205,1.108,1.109,1.105,1.109,1079500,1194297.00
20191206,1.115,1.115,1.110,1.111,806400,895515.00
20191209,1.111,1.117,1.111,1.114,647500,721369.00
20191210,1.116,1.117,1.112,1.116,1663400,1853366.00
20191211,1.117,1.119,1.112,1.113,2902700,3234454.00
20191212,1.114,1.117,1.113,1.113,909000,1013509.00
20191213,1.128,1.128,1.119,1.127,1936400,2174479.00
20191216,1.127,1.131,1.127,1.128,874100,986798.00
20191217,1.130,1.131,1.129,1.131,868300,981105.00
20191218,1.131,1.131,1.122,1.123,1109500,1248224.00
20191219,1.122,1.122,1.117,1.120,1394500,1560631.00
20191220,1.120,1.121,1.115,1.120,1288100,1440671.00
20191223,1.120,1.120,1.117,1.118,2308800,2581022.00
20191224,1.118,1.119,1.116,1.118,535100,598189.00
20191225,1.118,1.119,1.117,1.118,1386700,1550184.00
20191226,1.118,1.119,1.116,1.119,1089400,1218006.00
20191227,1.119,1.122,1.119,1.120,2152900,2412594.00
20191230,1.119,1.120,1.113,1.115,2219000,2474166.00
20191231,1.116,1.120,1.110,1.111,5223400,5814361.00
20200102,1.112,1.114,1.110,1.113,3215600,3576592.00
20200103,1.114,1.118,1.111,1.115,8519100,9483967.00
20200106,1.109,1.109,1.092,1.099,5536000,6080572.00
20200107,1.103,1.109,1.103,1.108,2404700,2660698.00
20200108,1.094,1.094,1.086,1.092,4518500,4922866.00
20200109,1.097,1.104,1.097,1.103,4121900,4539430.00
20200110,1.104,1.105,1.103,1.104,3175900,3505010.00
20200113,1.103,1.103,1.097,1.100,4749100,5218731.00
20200114,1.103,1.104,1.092,1.098,10908800,11962916.00
20200115,1.097,1.100,1.096,1.097,2361200,2592168.00
20200116,1.096,1.099,1.096,1.098,1564500,1717235.00
20200117,1.099,1.102,1.098,1.100,3743400,4115385.00
20200120,1.100,1.102,1.097,1.098,3657700,4018908.00
20200121,1.097,1.097,1.090,1.092,2958700,3234689.00
20200122,1.092,1.100,1.092,1.100,1510100,1658372.00
20200123,1.100,1.100,1.094,1.096,2052200,2251875.00
20200203,1.063,1.082,1.006,1.078,4093700,4379398.00
20200204,1.086,1.086,1.078,1.084,2703400,2924623.50
20200205,1.089,1.095,1.088,1.093,4482400,4894780.00
20200206,1.100,1.112,1.096,1.112,6128000,6783747.00
20200207,1.110,1.111,1.107,1.110,2632200,2918701.00
20200210,1.108,1.111,1.102,1.105,2542200,2812840.00
20200211,1.106,1.106,1.100,1.105,3289200,3632970.00
20200212,1.106,1.107,1.104,1.106,2930300,3236180.00
20200213,1.107,1.109,1.104,1.106,1652900,1829514.00
20200214,1.103,1.104,1.100,1.102,858800,946647.00
20200217,1.095,1.097,1.091,1.097,2553200,2794510.00
20200218,1.091,1.091,1.081,1.083,3405700,3691863.00
20200219,1.085,1.089,1.084,1.088,4087400,4442638.00
20200220,1.091,1.099,1.079,1.081,11897100,12924536.00
20200221,1.081,1.081,1.071,1.071,4796500,5153529.00
20200224,1.060,1.072,1.055,1.059,6062200,6456265.00
20200225,1.044,1.057,1.043,1.053,9340200,9764511.00
20200226,1.040,1.051,1.035,1.048,5224300,5454328.00
20200227,1.043,1.046,1.030,1.036,5251300,5434634.00
20200228,1.020,1.030,1.017,1.027,11695600,11981908.00
20200302,1.019,1.032,1.018,1.032,23170000,23692790.00
20200303,1.036,1.036,1.010,1.014,42954400,43811832.00
20200304,1.013,1.013,0.998,1.000,31608800,31691210.00
20200305,1.005,1.011,1.005,1.010,12884800,12991491.00
20200306,1.001,1.001,0.995,0.997,12392800,12360156.00
20200309,0.966,0.980,0.963,0.972,29711600,28918634.00
20200310,0.974,0.985,0.969,0.984,17622100,17163176.00
20200311,0.983,0.983,0.962,0.964,28793200,27900264.00
20200312,0.953,0.953,0.918,0.920,54879200,50768376.00
20200313,0.850,0.920,0.841,0.888,60334400,52785752.00
20200316,0.873,0.873,0.818,0.820,113074400,95620592.00
20200317,0.829,0.838,0.817,0.826,48665300,40188576.00
20200318,0.829,0.838,0.811,0.813,70239400,57930904.00
20200319,0.812,0.822,0.794,0.806,46236400,37206940.00
20200320,0.808,0.837,0.799,0.835,49900300,40670416.00
20200323,0.805,0.830,0.793,0.807,69070800,55438056.00
20200324,0.833,0.865,0.833,0.857,84319400,71237728.00
20200325,0.884,0.904,0.863,0.895,123258042,109537752.00
20200326,0.869,0.882,0.862,0.871,75108609,65748288.00
20200327,0.887,0.911,0.885,0.897,103095106,92284168.00
20200330,0.889,0.909,0.884,0.900,84192606,75595008.00
20200331,0.916,0.918,0.892,0.901,124657600,113016000.00
20200401,0.895,0.908,0.870,0.872,63902203,56658728.00
20200402,0.868,0.879,0.868,0.878,49791700,43531256.00
20200403,0.874,0.878,0.867,0.868,33377700,29047124.00
20200407,0.910,0.913,0.895,0.912,54536700,49314352.00
20200408,0.909,0.925,0.904,0.914,73960800,67710256.00
20200409,0.917,0.929,0.917,0.927,35257900,32494222.00
20200410,0.923,0.930,0.919,0.923,29530000,27300528.00
20200413,0.919,0.928,0.914,0.916,17455000,16079651.00
20200414,0.925,0.948,0.925,0.944,29943200,28097518.00
20200415,0.947,0.950,0.943,0.946,21334400,20187756.00
20200416,0.939,0.939,0.929,0.937,23606100,22019016.00
20200417,0.956,0.961,0.952,0.954,34871900,33362688.00
20200420,0.950,0.954,0.949,0.951,12300500,11709427.00
20200421,0.946,0.947,0.933,0.938,22006300,20635628.00
20200422,0.922,0.930,0.920,0.929,29477300,27223964.00
20200423,0.935,0.942,0.930,0.938,25038100,23409836.00
20200424,0.930,0.934,0.928,0.933,13594100,12665510.00
20200427,0.946,0.960,0.946,0.953,26764300,25525060.00
20200428,0.953,0.962,0.952,0.959,18974500,18152064.00
20200429,0.973,0.982,0.960,0.980,50522400,49211956.00
20200430,0.987,0.989,0.976,0.980,59985310,59025440.00
20200506,0.963,0.978,0.960,0.972,28948900,27968496.00
20200507,0.972,0.973,0.961,0.967,23086800,22319716.00
20200508,0.978,0.985,0.975,0.983,32928300,32290172.00
20200511,0.993,0.997,0.990,0.996,26645600,26498564.00
20200512,0.993,0.993,0.983,0.984,27904500,27558966.00
20200513,0.980,0.991,0.979,0.990,16858600,16592082.00
20200514,0.983,0.984,0.967,0.969,23789610,23215904.00
20200515,0.971,0.977,0.966,0.975,24645900,23960832.00
20200518,0.978,0.987,0.978,0.987,16786000,16498417.00
20200519,1.000,1.001,0.995,1.001,23651300,23592872.00
20200520,1.001,1.001,0.995,0.998,21871700,21841218.00
20200521,1.000,1.003,0.993,0.998,21877100,21830468.00
20200522,0.997,0.998,0.989,0.990,15482800,15382879.00
20200525,1.001,1.014,1.000,1.013,15955200,16052223.00
20200526,1.029,1.036,1.013,1.033,59061000,60583332.00
20200527,1.037,1.050,1.035,1.049,30350400,31620780.00
20200528,1.062,1.072,1.056,1.068,33539900,35817620.00
20200529,1.061,1.075,1.060,1.066,33751500,36058920.00
20200601,1.075,1.079,1.064,1.071,35904800,38521320.00
20200602,1.079,1.085,1.076,1.085,27633400,29898124.00
20200603,1.097,1.099,1.085,1.089,24213700,26401232.00
20200604,1.092,1.095,1.082,1.089,27606600,30058352.00
20200605,1.080,1.094,1.080,1.091,23863600,25953570.00
20200608,1.094,1.100,1.093,1.096,18598500,20381038.00
20200609,1.097,1.113,1.097,1.110,20374300,22508464.00
20200610,1.112,1.120,1.112,1.119,14118200,15752519.00
20200611,1.116,1.116,1.080,1.087,21277200,23351212.00
20200612,1.057,1.080,1.057,1.072,18787700,20138152.00
20200615,1.069,1.074,1.040,1.041,17484800,18567394.00
20200616,1.077,1.095,1.073,1.095,23932800,25916976.00
20200617,1.095,1.095,1.082,1.095,19910600,21671572.00
20200618,1.083,1.090,1.076,1.085,24400900,26439536.00
20200619,1.084,1.092,1.084,1.090,20745900,22606644.00
20200622,1.093,1.094,1.085,1.087,17547200,19119448.00
20200623,1.082,1.098,1.081,1.094,23974500,26152380.00
20200624,1.098,1.100,1.092,1.094,8874300,9727029.00
20200629,1.072,1.081,1.066,1.072,12227800,13134475.00
20200630,1.080,1.083,1.067,1.070,15044000,16185704.00
20200701,1.071,1.071,1.061,1.068,13618900,14522444.00
20200702,1.068,1.073,1.065,1.072,10405300,11140831.00
20200703,1.073,1.076,1.071,1.075,10055300,10793353.00
20200706,1.081,1.089,1.081,1.088,15524300,16835596.00
20200707,1.084,1.085,1.075,1.077,9270200,10008261.00
20200708,1.077,1.079,1.071,1.074,7955000,8553474.00
20200709,1.070,1.077,1.070,1.072,7769200,8341405.00
20200710,1.068,1.073,1.064,1.064,11496600,12279352.00
20200713,1.077,1.085,1.072,1.084,12857700,13895826.00
20200714,1.079,1.080,1.071,1.077,6942300,7482031.00
20200715,1.090,1.097,1.085,1.096,19602800,21394096.00
20200716,1.099,1.100,1.083,1.086,11586200,12621295.00
20200717,1.081,1.086,1.080,1.081,7378000,7987011.00
20200720,1.080,1.081,1.074,1.076,9192000,9895975.00
20200721,1.086,1.089,1.085,1.088,4802900,5224299.00
20200722,1.088,1.091,1.085,1.088,7650900,8316237.00
20200723,1.089,1.089,1.085,1.087,5446100,5916132.00
20200724,1.085,1.089,1.076,1.079,12785000,13851421.00
20200727,1.090,1.101,1.090,1.100,11516913,12615860.00
20200728,1.108,1.109,1.098,1.099,9939400,10974971.00
20200729,1.099,1.099,1.091,1.093,2988100,3265588.00
20200730,1.096,1.096,1.087,1.089,6272400,6839736.00
20200731,0.999,1.108,0.999,1.073,19677100,21149812.00
20200803,1.077,1.084,1.073,1.074,4910800,5280193.00
20200804,1.080,1.087,1.079,1.084,4599500,4975523.00
20200805,1.080,1.084,1.079,1.084,4461100,4828214.00
20200806,1.087,1.087,1.076,1.077,4549900,4923255.00
20200807,1.076,1.077,1.072,1.075,2857300,3070018.00
20200810,1.073,1.081,1.073,1.080,4814500,5190845.00
20200811,1.083,1.089,1.083,1.089,7116100,7734287.00
20200812,1.091,1.091,1.083,1.089,5952300,6469012.00
20200813,1.102,1.107,1.095,1.107,11372700,12563995.00
20200814,1.108,1.108,1.103,1.104,1785300,1971479.00
20200817,1.105,1.105,1.098,1.101,5497900,6047249.00
20200818,1.105,1.107,1.096,1.104,7914900,8713511.00
20200819,1.110,1.110,1.105,1.105,2753000,3047688.00
20200820,1.103,1.103,1.092,1.094,4155600,4548481.00
20200821,1.096,1.110,1.096,1.100,3555500,3912663.00
20200824,1.105,1.105,1.099,1.101,1722100,1894512.00
20200825,1.109,1.115,1.109,1.112,3152500,3508259.00
20200826,1.113,1.113,1.105,1.106,1534800,1698807.00
20200827,1.111,1.111,1.103,1.105,1766500,1953100.00
20200828,1.105,1.105,1.080,1.095,16980400,18546442.00
20200831,1.106,1.110,1.098,1.101,10902200,12050111.00
20200901,1.091,1.097,1.091,1.094,3886500,4250278.00
20200902,1.094,1.098,1.093,1.097,4123100,4516117.00
20200903,1.102,1.109,1.102,1.107,6646700,7355836.00
20200904,1.101,1.101,1.090,1.095,2146200,2349716.00
20200907,1.095,1.096,1.086,1.088,2711400,2953409.00
20200908,1.088,1.095,1.088,1.095,2973700,3248064.00
20200909,1.090,1.090,1.081,1.085,7124500,7730826.00
20200910,1.088,1.094,1.088,1.094,7804200,8517805.00
20200911,1.094,1.101,1.094,1.099,1622200,1782282.00
20200914,1.104,1.110,1.103,1.110,1772600,1964144.00
20200915,1.108,1.108,1.099,1.101,3418200,3762639.00
20200916,1.105,1.105,1.101,1.102,612300,675093.00
20200917,1.102,1.102,1.098,1.099,770900,847330.00
20200918,1.102,1.102,1.095,1.100,1060100,1165210.00
20200921,1.104,1.106,1.098,1.099,3502600,3859682.00
20200922,1.098,1.098,1.086,1.086,3255100,3543298.00
20200923,1.093,1.103,1.086,1.103,4103600,4505669.00
20200924,1.098,1.099,1.090,1.096,3250600,3558663.00
20200925,1.100,1.103,1.098,1.101,2776800,3053503.00
20200928,1.102,1.113,1.102,1.112,3848800,4266810.00
20200929,1.115,1.120,1.106,1.115,3025800,3378242.00
20200930,1.120,1.120,1.101,1.103,3126800,3466065.00
20201009,1.119,1.119,1.105,1.107,2422100,2686586.00
20201012,1.108,1.108,1.104,1.107,1570300,1736438.00
20201013,1.106,1.112,1.106,1.111,1973000,2187168.00
20201014,1.111,1.113,1.107,1.112,767300,852237.00
20201015,1.112,1.112,1.103,1.105,1965200,2172007.00
20201016,1.105,1.107,1.100,1.101,2700000,2976802.00
20201019,1.107,1.110,1.106,1.107,1146300,1269367.00
20201020,1.107,1.107,1.099,1.099,1211800,1332904.00
20201021,1.100,1.104,1.100,1.101,592000,652499.00
20201022,1.100,1.101,1.097,1.101,1653800,1818684.00
20201023,1.101,1.107,1.100,1.105,1577400,1743140.00
20201026,1.107,1.107,1.100,1.101,307900,339562.00
20201027,1.102,1.107,1.100,1.106,1562900,1724500.00
20201028,1.106,1.108,1.105,1.107,1020300,1129648.00
20201029,1.104,1.104,1.097,1.103,2381400,2621141.00
20201030,1.102,1.102,1.085,1.088,4960200,5418934.00
20201102,1.093,1.098,1.093,1.093,2666100,2920105.00
20201103,1.095,1.110,1.095,1.109,6324400,6962275.00
20201104,1.110,1.117,1.110,1.113,4393200,4895337.00
20201105,1.125,1.130,1.121,1.129,6662800,7499219.00
20201106,1.129,1.145,1.129,1.141,6904700,7871271.00
20201109,1.160,1.168,1.150,1.157,4133200,4796876.00
20201110,1.160,1.163,1.150,1.153,8712300,10079551.00
20201111,1.159,1.169,1.157,1.167,4243700,4942729.00
20201112,1.176,1.180,1.171,1.179,4837800,5687108.00
20201113,1.175,1.177,1.165,1.174,6287300,7365119.00
20201116,1.190,1.204,1.185,1.201,7073300,8451883.00
20201117,1.212,1.212,1.193,1.199,5537200,6643212.00
20201118,1.194,1.196,1.183,1.184,4244100,5047033.00
20201119,1.175,1.187,1.175,1.186,6955900,8229082.00
20201120,1.185,1.185,1.179,1.183,1169100,1381713.00
20201123,1.184,1.198,1.184,1.197,4977400,5929997.00
20201124,1.209,1.212,1.201,1.212,8391400,10146992.00
20201125,1.230,1.236,1.215,1.216,6327000,7765108.00
20201126,1.217,1.231,1.217,1.231,4432500,5436819.00
20201127,1.235,1.238,1.224,1.237,5311700,6544773.00
20201130,1.237,1.241,1.232,1.237,5675700,7026666.00
20201201,1.251,1.256,1.250,1.252,1936588,2425452.00
20201202,1.249,1.249,1.243,1.245,1494700,1860669.00
20201203,1.245,1.245,1.238,1.243,1286100,1596365.00
20201204,1.243,1.243,1.233,1.235,2409800,2978171.00
20201207,1.232,1.247,1.231,1.232,1954800,2412580.00
20201208,1.222,1.224,1.219,1.219,3377400,4126803.00
20201209,1.227,1.245,1.227,1.243,6236900,7704286.00
20201210,1.241,1.241,1.230,1.239,1916900,2371002.00
20201211,1.230,1.240,1.230,1.235,1268800,1565940.00
20201214,1.235,1.241,1.231,1.236,1687800,2087389.00
20201215,1.234,1.236,1.230,1.235,1812000,2233680.00
20201216,1.236,1.247,1.235,1.243,1509900,1875815.00
20201217,1.244,1.249,1.244,1.249,2231900,2782710.00
20201218,1.251,1.252,1.241,1.242,2664300,3321594.00
20201221,1.242,1.242,1.230,1.238,6133100,7576332.00
20201222,1.234,1.235,1.222,1.222,3389500,4168283.00
20201223,1.231,1.231,1.222,1.229,3128900,3839033.00
20201224,1.232,1.236,1.230,1.231,3325500,4099443.00
20201225,1.237,1.237,1.227,1.230,2547500,3133018.00
20201228,1.230,1.242,1.230,1.242,5159100,6391635.00
20201229,1.253,1.275,1.253,1.275,8352700,10560043.00
20201230,1.265,1.281,1.263,1.277,11471600,14604221.00
20201231,1.277,1.284,1.273,1.280,5766700,7360670.00
20210104,1.269,1.269,1.258,1.262,4883000,6173872.00
20210105,1.262,1.262,1.248,1.253,5576000,6976943.00
20210106,1.255,1.255,1.247,1.252,5034400,6288526.00
20210107,1.261,1.271,1.261,1.264,5031800,6375604.00
20210108,1.275,1.290,1.275,1.289,3581600,4595579.00
20210111,1.289,1.295,1.278,1.282,5408300,6947781.00
20210112,1.292,1.292,1.280,1.286,6953800,8928046.00
20210113,1.287,1.302,1.287,1.302,5089600,6600626.00
20210114,1.313,1.325,1.309,1.316,7735700,10180589.00
20210115,1.320,1.350,1.316,1.342,8367300,11051092.00
20210118,1.350,1.350,1.300,1.305,11606600,15194573.00
20210119,1.315,1.322,1.307,1.309,11302000,14806390.00
20210120,1.301,1.307,1.300,1.302,7051900,9183031.00
20210121,1.313,1.316,1.311,1.313,6553300,8599577.00
20210122,1.309,1.312,1.306,1.308,5909500,7729338.00
20210125,1.314,1.317,1.310,1.316,11981200,15728006.00
20210126,1.308,1.310,1.303,1.306,4707500,6151326.00
20210127,1.309,1.314,1.302,1.306,2365000,3086123.00
20210128,1.290,1.290,1.279,1.279,8712000,11189647.00
20210129,1.286,1.286,1.252,1.256,5467800,6922076.00
20210201,1.260,1.270,1.256,1.270,4674700,5906952.00
20210202,1.274,1.280,1.274,1.280,2687200,3432507.00
20210203,1.290,1.296,1.284,1.295,3181800,4100772.00
20210204,1.283,1.288,1.275,1.277,4769900,6114114.00
20210205,1.285,1.295,1.284,1.295,5468300,7053864.00
20210208,1.316,1.323,1.311,1.322,12269200,16190065.00
20210209,1.326,1.331,1.316,1.328,6681800,8870290.00
20210210,1.328,1.335,1.322,1.334,13579100,18044696.00
20210218,1.358,1.399,1.348,1.351,7978400,10816614.00
20210219,1.351,1.351,1.330,1.347,16921800,22699524.00
20210222,1.360,1.377,1.355,1.359,7383500,10048345.00
20210223,1.354,1.358,1.344,1.358,2460700,3332556.00
20210224,1.359,1.359,1.329,1.331,4140100,5549430.00
20210225,1.344,1.362,1.343,1.360,3633000,4905721.00
20210226,1.333,1.333,1.300,1.304,5270700,6930875.00
20210301,1.321,1.328,1.318,1.322,2174800,2871553.00
20210302,1.350,1.350,1.307,1.310,5031900,6609624.00
20210303,1.309,1.317,1.308,1.316,4702603,6169589.00
20210304,1.300,1.303,1.283,1.286,4056300,5230082.00
20210305,1.259,1.270,1.247,1.268,8873800,11138314.00
20210308,1.272,1.280,1.263,1.265,4813400,6120234.00
20210309,1.270,1.275,1.259,1.273,5421000,6865275.00
20210310,1.276,1.280,1.274,1.278,3279000,4187529.00
20210311,1.279,1.287,1.279,1.282,2859700,3670817.00
20210312,1.286,1.305,1.285,1.302,4169000,5404378.00
20210315,1.307,1.309,1.296,1.301,5305600,6898496.00
20210316,1.313,1.313,1.302,1.309,2911200,3806711.00
20210317,1.309,1.310,1.300,1.307,4394000,5743906.00
20210318,1.325,1.331,1.315,1.323,11588800,15319977.00
20210319,1.309,1.313,1.300,1.304,9257900,12102996.00
20210322,1.285,1.285,1.270,1.282,6158200,7880795.00
20210323,1.286,1.293,1.273,1.275,4922500,6312594.00
20210324,1.272,1.272,1.252,1.253,2812500,3533160.00
20210325,1.252,1.266,1.246,1.266,6306200,7938795.00
20210326,1.277,1.285,1.271,1.283,13759700,17630088.00
20210329,1.283,1.294,1.281,1.286,9571400,12328718.00
20210330,1.290,1.296,1.285,1.294,8352000,10800119.00
20210331,1.293,1.293,1.275,1.278,9607200,12286128.00
20210401,1.289,1.293,1.283,1.285,3392600,4370648.00
20210402,1.297,1.310,1.296,1.310,7233400,9430743.00
20210406,1.318,1.318,1.301,1.302,5504300,7214970.00
20210407,1.310,1.311,1.298,1.307,9990300,13036520.00
20210408,1.307,1.311,1.301,1.310,5872900,7672253.00
20210409,1.320,1.328,1.313,1.313,12783500,16847594.00
20210412,1.311,1.312,1.304,1.304,3506000,4583144.00
20210413,1.309,1.317,1.309,1.311,7731600,10142193.00
20210414,1.311,1.315,1.310,1.311,3449800,4525101.00
20210415,1.313,1.315,1.309,1.310,4754400,6231872.00
20210416,1.310,1.314,1.308,1.312,5135600,6737163.00
20210419,1.311,1.319,1.307,1.312,8644300,11360670.00
20210420,1.300,1.300,1.287,1.289,2488600,3215094.00
20210421,1.275,1.275,1.268,1.272,4055600,5153884.00
20210422,1.283,1.297,1.283,1.296,3009400,3886570.00
20210423,1.282,1.294,1.282,1.290,2594100,3346604.00
20210426,1.291,1.297,1.290,1.295,5290100,6848206.00
20210427,1.298,1.298,1.282,1.285,2693400,3462856.00
20210428,1.285,1.286,1.277,1.278,4558700,5834828.00
20210429,1.278,1.281,1.277,1.278,1370000,1751414.00
20210430,1.276,1.276,1.262,1.268,2879200,3649294.00
20210506,1.279,1.286,1.279,1.285,5202700,6679756.00
20210507,1.288,1.288,1.279,1.282,3755800,4823525.00
20210510,1.292,1.294,1.283,1.283,3164100,4073139.00
20210511,1.264,1.264,1.244,1.250,5310500,6634398.00
20210512,1.246,1.249,1.226,1.236,5942800,7343086.00
20210513,1.216,1.226,1.206,1.218,5548700,6712293.00
20210514,1.225,1.230,1.213,1.220,11336000,13820475.00
20210517,1.209,1.219,1.206,1.214,8142700,9858741.00
20210518,1.228,1.235,1.227,1.234,6271700,7732792.00
20210519,1.222,1.230,1.214,1.219,5715200,6963960.00
20210520,1.217,1.225,1.214,1.224,5234600,6395532.00
20210521,1.236,1.236,1.226,1.234,6770500,8335517.00
20210524,1.236,1.238,1.233,1.236,3092500,3821279.00
20210525,1.241,1.241,1.237,1.239,3547800,4393965.00
20210526,1.241,1.242,1.236,1.239,6089200,7539076.00
20210527,1.232,1.232,1.223,1.227,5598000,6866821.00
20210528,1.240,1.245,1.239,1.243,12513100,15536725.00
20210531,1.243,1.243,1.229,1.234,7592800,9364899.00
20210601,1.232,1.238,1.229,1.237,3446900,4252048.00
20210602,1.238,1.242,1.236,1.240,4141900,5132999.00
20210603,1.243,1.250,1.242,1.244,3234300,4027223.00
20210604,1.236,1.238,1.230,1.238,4248000,5248294.00
20210607,1.245,1.250,1.242,1.246,3385400,4216240.00
20210608,1.256,1.256,1.245,1.246,4570300,5704173.00
20210609,1.245,1.245,1.240,1.241,2120500,2633188.00
20210610,1.242,1.245,1.239,1.241,2330300,2893045.00
20210611,1.244,1.247,1.242,1.244,2888300,3595568.00
20210615,1.257,1.263,1.255,1.263,5566400,7016678.00
20210616,1.263,1.263,1.251,1.255,3079600,3861355.00
20210617,1.246,1.250,1.233,1.243,8789100,10874180.00
20210618,1.248,1.252,1.247,1.248,4481000,5598641.00
20210621,1.228,1.230,1.207,1.217,8215600,9956145.00
20210622,1.232,1.246,1.231,1.245,5457100,6782318.00
20210623,1.247,1.248,1.243,1.245,1753400,2183252.00
20210624,1.245,1.245,1.238,1.242,831400,1033157.00
20210625,1.244,1.249,1.244,1.246,4637100,5779841.00
20210628,1.245,1.248,1.244,1.245,2638700,3286199.00
20210629,1.246,1.246,1.236,1.239,2476600,3068034.00
20210630,1.240,1.243,1.239,1.239,652900,810034.00
20210701,1.234,1.235,1.226,1.228,2788500,3425260.00
20210702,1.231,1.231,1.227,1.228,2199500,2703887.00
20210705,1.227,1.228,1.224,1.225,1511000,1851106.00
20210706,1.230,1.233,1.227,1.231,866500,1066505.00
20210707,1.230,1.230,1.220,1.222,1758900,2152061.00
20210708,1.217,1.220,1.214,1.218,1976100,2403384.00
20210709,1.206,1.221,1.198,1.221,7667300,9266943.00
20210712,1.232,1.245,1.231,1.235,3167400,3916466.00
20210713,1.242,1.242,1.233,1.236,1508600,1867958.00
20210714,1.235,1.235,1.230,1.231,1085100,1337120.00
20210715,1.230,1.230,1.222,1.223,2154800,2639797.00
20210716,1.214,1.221,1.208,1.214,5510300,6684015.00
20210719,1.208,1.208,1.197,1.203,3894200,4679245.00
20210720,1.196,1.202,1.194,1.199,4152400,4977127.00
20210721,1.208,1.210,1.193,1.199,3770000,4522840.00
20210722,1.200,1.212,1.195,1.208,8110300,9768447.00
20210723,1.210,1.214,1.208,1.214,6898400,8349754.00
20210726,1.216,1.216,1.201,1.204,5574200,6715515.00
20210727,1.206,1.210,1.206,1.209,2255500,2725997.00
20210728,1.208,1.208,1.150,1.203,5554100,6678803.00
20210729,1.204,1.208,1.201,1.207,2675500,3222898.00
20210730,1.197,1.197,1.182,1.186,6986500,8283409.00
20210802,1.195,1.205,1.195,1.204,6506900,7824286.00
20210803,1.200,1.202,1.193,1.202,7185700,8600180.00
20210804,1.201,1.202,1.197,1.197,1277700,1531860.00
20210805,1.195,1.199,1.194,1.197,3629600,4346628.00
20210806,1.196,1.202,1.196,1.202,3012000,3612752.00
20210809,1.202,1.202,1.197,1.199,2944900,3529757.00
20210810,1.209,1.211,1.199,1.200,2502800,3010941.00
20210811,1.202,1.206,1.202,1.205,1455400,1753586.00
20210812,1.207,1.212,1.204,1.206,372700,450292.00
20210813,1.208,1.210,1.202,1.205,1935900,2331988.00
20210816,1.196,1.199,1.190,1.195,2171500,2590613.00
20210817,1.201,1.201,1.189,1.190,2206400,2630293.00
20210818,1.195,1.201,1.191,1.198,4921400,5888350.00
20210819,1.193,1.193,1.181,1.182,2112400,2499884.00
20210820,1.182,1.182,1.173,1.174,3532000,4154371.00
20210823,1.179,1.193,1.179,1.193,1733300,2063063.00
20210824,1.201,1.206,1.200,1.202,7058700,8492256.00
20210825,1.202,1.205,1.199,1.202,2906100,3494425.00
20210826,1.200,1.200,1.197,1.198,1785500,2140686.00
20210827,1.196,1.197,1.194,1.196,627900,750588.00
20210830,1.195,1.200,1.195,1.200,1965000,2355824.00
20210831,1.200,1.215,1.195,1.215,5331900,6437696.00
20210901,1.218,1.224,1.215,1.224,5191300,6333881.00
20210902,1.224,1.230,1.223,1.228,6427400,7881451.00
20210903,1.229,1.255,1.229,1.254,9432200,11768508.00
20210906,1.277,1.283,1.265,1.282,5234700,6687030.00
20210907,1.288,1.292,1.286,1.286,2782900,3586930.00
20210908,1.287,1.298,1.287,1.294,2717100,3517101.00
20210909,1.290,1.294,1.285,1.286,2794100,3600299.00
20210910,1.292,1.309,1.292,1.305,1737400,2263120.00
20210913,1.305,1.313,1.299,1.310,5432300,7084893.00
20210914,1.316,1.323,1.310,1.315,8351000,10989495.00
20210915,1.304,1.317,1.304,1.315,6878500,9010884.00
20210916,1.315,1.315,1.306,1.307,4655600,6091517.00
20210917,1.308,1.325,1.308,1.312,2564900,3368553.00
20210922,1.286,1.299,1.283,1.287,4719900,6076197.00
20210923,1.291,1.315,1.291,1.299,5403400,7015594.00
20210924,1.299,1.304,1.294,1.296,12504300,16227575.00
20210927,1.294,1.299,1.291,1.293,5402300,6992951.00
20210928,1.289,1.289,1.275,1.278,7578500,9702967.00
20210929,1.270,1.270,1.253,1.262,8795200,11059517.00
20210930,1.259,1.265,1.252,1.260,6702700,8429251.00
20211008,1.217,1.217,1.196,1.200,14652000,17645828.00
20211011,1.205,1.209,1.200,1.205,6191600,7458182.00
20211012,1.197,1.198,1.186,1.189,4372100,5195987.00
20211013,1.191,1.191,1.182,1.185,3541000,4190737.00
20211014,1.194,1.196,1.189,1.195,6174800,7358660.00
20211015,1.203,1.210,1.198,1.209,4159600,5012395.00
20211018,1.207,1.207,1.200,1.201,4418600,5314261.00
20211019,1.207,1.211,1.204,1.210,11103700,13409353.00
20211020,1.213,1.215,1.200,1.204,8440900,10165100.00
20211021,1.200,1.203,1.185,1.189,3743900,4469962.00
20211022,1.193,1.197,1.191,1.195,3268400,3907682.00
20211025,1.194,1.194,1.181,1.187,2667600,3160843.00
20211026,1.200,1.205,1.200,1.204,3382100,4067395.00
20211027,1.200,1.202,1.191,1.202,1754300,2097058.00
20211028,1.197,1.199,1.191,1.196,1558100,1863372.00
20211029,1.191,1.200,1.185,1.199,5279300,6302022.00
20211101,1.216,1.223,1.213,1.222,11551700,14091272.00
20211102,1.225,1.225,1.218,1.223,6125900,7480625.00
20211103,1.226,1.226,1.220,1.221,2537700,3100689.00
20211104,1.227,1.233,1.224,1.233,11734000,14407074.00
20211105,1.237,1.237,1.227,1.231,3947600,4857503.00
20211108,1.232,1.233,1.223,1.224,1460000,1793269.00
20211109,1.224,1.234,1.223,1.224,2830300,3474656.00
20211110,1.220,1.225,1.214,1.216,2817200,3431076.00
20211111,1.214,1.217,1.209,1.216,6721900,8160984.00
20211112,1.220,1.227,1.220,1.227,2241600,2742223.00
20211115,1.234,1.234,1.229,1.232,3998900,4926512.00
20211116,1.232,1.236,1.226,1.227,6488200,7978789.00
20211117,1.227,1.227,1.215,1.220,3173900,3866960.00
20211118,1.221,1.225,1.211,1.220,5585400,6815769.00
20211119,1.220,1.228,1.220,1.227,5146300,6308129.00
20211122,1.222,1.232,1.222,1.228,2133800,2620205.00
20211123,1.228,1.228,1.217,1.217,1133700,1381590.00
20211124,1.214,1.214,1.199,1.204,2725200,3284654.00
20211125,1.209,1.210,1.204,1.208,4307900,5198301.00
20211126,1.200,1.200,1.182,1.188,4600400,5456450.00
20211129,1.176,1.192,1.175,1.181,5781900,6843001.00
20211130,1.184,1.188,1.165,1.173,6714200,7881116.00
20211201,1.169,1.172,1.156,1.163,8119400,9422497.00
20211202,1.151,1.163,1.151,1.160,2632900,3052618.00
20211203,1.161,1.168,1.154,1.167,3007700,3492357.00
20211206,1.158,1.168,1.158,1.167,3025700,3524153.00
20211207,1.174,1.187,1.171,1.186,3068900,3622420.00
20211208,1.191,1.196,1.191,1.195,2099400,2505744.00
20211209,1.190,1.195,1.181,1.187,879300,1044642.00
20211210,1.187,1.189,1.178,1.179,1161000,1371949.00
20211213,1.186,1.191,1.185,1.187,1148100,1364199.00
20211214,1.186,1.186,1.175,1.178,1834500,2161697.00
20211215,1.181,1.181,1.174,1.178,547900,644698.00
20211216,1.193,1.199,1.187,1.199,3127000,3737354.00
20211217,1.195,1.195,1.180,1.182,2761700,3273994.00
20211220,1.173,1.180,1.159,1.162,5953600,6931995.00
20211221,1.174,1.181,1.173,1.179,2856200,3370111.00
20211222,1.180,1.180,1.174,1.176,577600,679649.00
20211223,1.178,1.186,1.178,1.183,2059700,2433570.00
20211224,1.183,1.186,1.181,1.181,4517500,5344121.00
20211227,1.178,1.181,1.176,1.179,1223000,1439780.00
20211228,1.188,1.195,1.184,1.188,2094600,2484354.00
20211229,1.184,1.184,1.179,1.183,1213100,1434420.00
20211230,1.182,1.186,1.178,1.179,2396000,2827331.00
20211231,1.178,1.179,1.176,1.179,1037300,1220869.00
20220104,1.186,1.191,1.184,1.191,4167400,4950880.00
20220105,1.191,1.192,1.187,1.190,2410800,2866103.00
20220106,1.181,1.181,1.157,1.158,5757600,6692495.00
20220107,1.166,1.166,1.149,1.158,4997600,5769879.00
20220110,1.159,1.160,1.155,1.158,1200300,1389493.00
20220111,1.158,1.158,1.151,1.153,1954700,2252910.00
20220112,1.155,1.174,1.155,1.174,2237800,2615907.00
20220113,1.172,1.172,1.167,1.170,2533100,2960244.00
20220114,1.165,1.165,1.154,1.161,4948000,5727180.00
20220117,1.167,1.167,1.158,1.159,2181000,2532070.00
20220118,1.166,1.169,1.151,1.152,3950500,4584373.00
20220119,1.143,1.149,1.128,1.132,2941400,3341700.00
20220120,1.129,1.141,1.127,1.139,2156100,2451522.00
20220121,1.125,1.135,1.124,1.134,3545500,3999964.00
20220124,1.133,1.135,1.124,1.133,3815800,4308543.00
20220125,1.123,1.123,1.108,1.112,6396700,7118410.00
20220126,1.111,1.111,1.101,1.109,4016000,4444652.00
20220127,1.096,1.129,1.069,1.072,9010300,9695553.00
20220128,1.082,1.090,1.081,1.087,4974500,5410461.00
20220207,1.100,1.129,1.083,1.109,2040000,2261034.00
20220208,1.113,1.115,1.109,1.111,817500,909715.00
20220209,1.116,1.124,1.116,1.124,1819100,2040299.00
20220210,1.124,1.129,1.121,1.124,1201100,1348592.00
20220211,1.117,1.122,1.106,1.113,5342000,5961789.00
20220214,1.109,1.109,1.092,1.102,8325300,9126028.00
20220215,1.101,1.107,1.088,1.091,4035000,4413430.00
20220216,1.105,1.110,1.105,1.110,2953100,3270678.00
20220217,1.110,1.110,1.099,1.104,2857500,3155565.00
20220218,1.098,1.140,0.994,1.101,2523800,2773665.00
20220221,1.099,1.099,1.089,1.096,2084700,2279924.00
20220222,1.089,1.089,1.074,1.079,3121900,3363479.00
20220223,1.082,1.090,1.082,1.088,1641700,1781341.00
20220224,1.071,1.071,1.055,1.064,2201000,2344383.00
20220225,1.069,1.080,1.069,1.076,1207300,1296137.00
20220228,1.077,1.085,1.068,1.075,691700,742539.00
20220301,1.087,1.096,1.087,1.094,803800,878272.00
20220302,1.090,1.090,1.070,1.073,971100,1043355.00
20220303,1.077,1.080,1.075,1.076,1213700,1306683.00
20220304,1.053,1.069,1.052,1.057,3567200,3769361.00
20220307,1.044,1.044,1.023,1.028,1473400,1516358.00
20220308,1.028,1.032,1.005,1.006,3584200,3643796.00
20220309,1.007,1.017,1.001,1.004,2573500,2594409.00
20220310,1.026,1.041,1.026,1.041,3356900,3479899.00
20220311,1.009,1.024,1.006,1.020,7054900,7139521.00
20220314,1.016,1.019,1.009,1.013,6961200,7060773.00
20220315,1.012,1.013,1.006,1.011,4095400,4136827.00
20220316,1.020,1.028,1.018,1.027,9658600,9873921.00
20220317,1.050,1.052,1.040,1.051,9973600,10442439.00
20220318,1.052,1.060,1.047,1.060,4270800,4510904.00
20220321,1.061,1.072,1.056,1.068,6292400,6702398.00
20220322,1.072,1.079,1.063,1.065,6787400,7271736.00
20220323,1.085,1.093,1.081,1.092,4659200,5073444.00
20220324,1.075,1.093,1.074,1.090,1431300,1553756.00
20220325,1.088,1.094,1.083,1.089,2317600,2524238.00
20220328,1.082,1.082,1.070,1.072,3517700,3785808.00
20220329,1.078,1.080,1.073,1.079,2574600,2769223.00
20220330,1.079,1.088,1.079,1.087,6132800,6646479.00
20220331,1.086,1.086,1.076,1.079,2781000,3008970.00
20220401,1.074,1.076,1.067,1.076,1647900,1762589.00
20220406,1.063,1.063,1.048,1.050,4860100,5107414.00
20220407,1.031,1.040,1.029,1.033,3380800,3491025.00
20220408,1.031,1.039,1.028,1.038,2302300,2379250.00
20220411,1.035,1.035,1.021,1.021,2118100,2170485.00
20220412,1.001,1.021,1.000,1.006,4791400,4815512.00
20220413,1.009,1.020,1.007,1.018,2791900,2833330.00
20220414,1.022,1.035,1.022,1.035,3592800,3708585.00
20220415,1.035,1.035,1.018,1.023,1742300,1779408.00
20220418,1.018,1.018,1.002,1.010,1732400,1741811.00
20220419,1.010,1.014,1.003,1.007,3059400,3079920.00
20220420,1.011,1.015,1.006,1.014,2075100,2097759.00
20220421,1.052,1.052,1.015,1.038,3637400,3749448.00
20220422,1.021,1.026,1.012,1.025,2118400,2160852.00
20220425,1.020,1.020,1.006,1.012,3436400,3473859.00
20220426,1.020,1.027,1.017,1.021,3658900,3738042.00
20220427,1.003,1.014,1.003,1.013,2066100,2087886.00
20220428,1.014,1.019,1.007,1.018,3896800,3948228.00
20220429,1.024,1.037,1.024,1.031,4426600,4576027.00
20220505,1.037,1.050,1.036,1.042,2493200,2599188.00
20220506,1.033,1.033,1.016,1.031,3922900,4026338.00
20220509,1.008,1.020,1.007,1.011,5834300,5885719.00
20220510,1.002,1.010,0.994,1.009,5931700,5953227.00
20220511,1.007,1.013,1.007,1.010,3448000,3484164.00
20220512,1.005,1.010,1.003,1.005,4181200,4205274.00
20220513,1.026,1.039,1.026,1.038,6376500,6599035.00
20220516,1.050,1.051,1.037,1.041,3065300,3193970.00
20220517,1.042,1.046,1.037,1.041,2913500,3033826.00
20220518,1.046,1.047,1.043,1.047,2295300,2399520.00
20220519,1.034,1.036,1.028,1.034,2004800,2069888.00
20220520,1.038,1.049,1.038,1.043,2666900,2786360.00
20220523,1.049,1.053,1.047,1.051,4200400,4409863.00
20220524,1.047,1.047,1.041,1.041,1882100,1963374.00
20220525,1.043,1.047,1.042,1.043,1482800,1548429.00
20220526,1.052,1.052,1.044,1.052,1298800,1362278.00
20220527,1.058,1.063,1.058,1.060,2538000,2689611.00
20220530,1.070,1.073,1.065,1.068,2557300,2732143.00
20220531,1.065,1.068,1.056,1.056,1919000,2035794.00
20220601,1.059,1.060,1.056,1.058,1964400,2077401.00
20220602,1.054,1.056,1.050,1.051,2958600,3112710.00
20220606,1.052,1.064,1.050,1.063,3611200,3818991.00
20220607,1.064,1.064,1.052,1.055,2413400,2545754.00
20220608,1.060,1.061,1.056,1.058,2676900,2835520.00
20220609,1.058,1.058,1.051,1.053,3814200,4016552.00
20220610,1.045,1.045,1.037,1.039,4983900,5178330.00
20220613,1.019,1.036,1.014,1.019,9742600,9977912.00
20220614,1.010,1.015,0.999,1.008,8945000,8972596.00
20220615,1.004,1.005,0.996,1.005,6610100,6599846.00
20220616,1.017,1.017,1.001,1.002,4821500,4851938.00
20220617,0.993,0.993,0.979,0.991,12267700,12081939.00
20220620,0.985,0.989,0.981,0.989,4167800,4108170.00
20220621,0.993,0.998,0.991,0.993,8616300,8566530.00
20220622,0.993,0.994,0.984,0.985,3610900,3565778.00
20220623,0.988,0.990,0.981,0.984,5877700,5781261.00
20220624,0.988,0.991,0.985,0.989,6567800,6492703.00
20220627,0.996,0.998,0.991,0.993,10151400,10091043.00
20220628,0.994,0.996,0.991,0.996,5283400,5249859.00
20220629,0.990,0.990,0.985,0.986,4725700,4659934.00
20220630,0.984,0.984,0.973,0.975,7888100,7701186.00
20220701,0.977,0.977,0.965,0.970,7856500,7616058.00
20220704,0.969,0.972,0.965,0.972,8223800,7969730.00
20220705,0.974,0.974,0.971,0.973,2783200,2708022.00
20220706,0.971,0.972,0.966,0.969,4977800,4821241.00
20220707,0.968,0.979,0.968,0.977,9187900,8960143.00
20220708,0.982,0.986,0.976,0.979,15823000,15540215.00
20220711,0.988,0.988,0.975,0.976,8384500,8206787.00
20220712,0.970,0.970,0.961,0.962,6379000,6141742.00
20220713,0.966,0.967,0.964,0.967,2671100,2578629.00
20220714,0.966,0.969,0.965,0.966,4758400,4601020.00
20220715,0.965,0.972,0.963,0.971,7298400,7066605.00
20220718,0.976,0.984,0.976,0.984,6291700,6173063.00
20220719,0.982,0.983,0.979,0.982,5529700,5425684.00
20220720,0.998,1.004,0.993,1.003,12623600,12620738.00
20220721,1.002,1.008,0.999,1.006,8432800,8465108.00
20220722,1.015,1.020,1.014,1.019,5096300,5184851.00
20220725,1.020,1.020,1.012,1.019,10088900,10268542.00
20220726,1.017,1.019,1.012,1.014,3822500,3881589.00
20220727,1.014,1.019,1.013,1.017,2131200,2165748.00
20220728,1.021,1.029,1.021,1.026,3741500,3837729.00
20220729,1.034,1.049,1.034,1.049,7251100,7557483.00
20220801,1.057,1.068,1.051,1.067,6196600,6573503.00
20220802,1.067,1.069,1.056,1.068,13074600,13878033.00
20220803,1.052,1.068,1.042,1.043,6911800,7239054.00
20220804,1.050,1.050,1.044,1.046,2979000,3114123.00
20220805,1.050,1.068,1.050,1.066,3262000,3466669.00
20220808,1.070,1.070,1.050,1.053,3149500,3319481.00
20220809,1.048,1.050,1.039,1.040,4389400,4577974.00
20220810,1.038,1.039,1.031,1.033,1439000,1485596.00
20220811,1.051,1.062,1.043,1.062,5523000,5830890.00
20220812,1.073,1.073,1.064,1.067,4256500,4541692.00
20220815,1.078,1.092,1.076,1.089,4788300,5197239.00
20220816,1.090,1.095,1.088,1.092,2692400,2939925.00
20220817,1.096,1.099,1.094,1.095,2197800,2409336.00
20220818,1.081,1.092,1.079,1.080,3922800,4245113.00
20220819,1.079,1.079,1.072,1.074,2765600,2975626.00
20220822,1.065,1.067,1.062,1.064,2008100,2136693.00
20220823,1.061,1.061,1.051,1.058,3312912,3498325.00
20220824,1.053,1.061,1.053,1.060,1123200,1188371.00
20220825,1.062,1.071,1.060,1.070,3845500,4093611.00
20220826,1.070,1.075,1.066,1.069,1185200,1269811.00
20220829,1.033,1.050,1.032,1.040,2540800,2634442.00
20220830,1.046,1.050,1.045,1.050,2179500,2283272.00
20220831,1.041,1.048,1.041,1.045,966700,1009949.00
20220901,1.037,1.037,1.024,1.025,3943300,4050119.00
20220902,1.020,1.025,1.017,1.020,2864600,2918322.00
20220905,1.020,1.027,1.015,1.020,4897300,4995410.00
20220906,1.025,1.026,1.014,1.016,1211900,1232744.00
20220907,1.006,1.006,0.992,0.999,6476288,6466701.00
20220908,1.009,1.014,1.008,1.014,3979900,4024787.00
20220909,1.017,1.024,1.013,1.023,4281600,4361091.00
20220913,1.032,1.040,1.032,1.040,3168200,3284151.00
20220914,1.002,1.039,1.001,1.011,2922700,2953190.00
20220915,1.019,1.019,1.007,1.008,3490500,3532743.00
20220916,1.000,1.008,1.000,1.002,1704500,1708331.00
20220919,1.005,1.006,1.001,1.003,1102100,1104135.00
20220920,1.007,1.011,1.007,1.009,2212800,2230660.00
20220921,0.998,1.002,0.996,1.000,2312500,2309087.00
20220922,0.997,0.997,0.983,0.991,5030900,4978128.00
20220923,0.995,1.004,0.995,1.000,2492000,2493771.00
20220926,0.996,0.996,0.981,0.983,3207800,3158078.00
20220927,0.985,0.988,0.983,0.987,2132000,2101623.00
20220928,0.980,0.980,0.969,0.972,5755100,5602970.00
20220929,0.980,0.986,0.979,0.981,3856000,3789021.00
20220930,0.969,0.972,0.958,0.962,5114300,4931269.00
20221010,0.974,0.990,0.971,0.975,3247700,3181959.00
20221011,0.976,0.985,0.972,0.975,4974200,4851857.00
20221012,0.972,0.980,0.970,0.979,6393800,6220895.00
20221013,0.970,0.972,0.965,0.966,2638900,2553600.00
20221014,0.984,0.989,0.979,0.989,7047100,6944609.00
20221017,0.978,0.978,0.972,0.976,3491800,3400380.00
20221018,0.983,0.992,0.982,0.988,6532600,6447786.00
20221019,0.991,0.996,0.985,0.990,5734800,5693368.00
20221020,0.988,0.988,0.976,0.980,2576500,2525762.00
20221021,0.975,0.979,0.973,0.976,1144400,1118392.00
20221024,0.985,0.994,0.983,0.983,8835000,8736872.00
20221025,0.989,1.003,0.989,1.002,7842500,7824001.00
20221026,1.018,1.018,1.003,1.004,5219600,5284532.00
20221027,1.005,1.015,1.001,1.014,4523800,4568334.00
20221028,1.009,1.010,1.001,1.005,1586900,1595788.00
20221031,1.035,1.035,1.000,1.025,6173200,6290466.00
20221101,1.025,1.028,1.016,1.026,2226100,2281597.00
20221102,1.026,1.028,1.023,1.027,1842300,1890291.00
20221103,1.019,1.021,1.014,1.016,1857800,1891213.00
20221104,1.009,1.009,1.000,1.006,4466000,4484638.00
20221107,1.005,1.014,1.005,1.013,4508200,4559590.00
20221108,1.025,1.030,1.024,1.028,3138200,3224970.00
20221109,1.032,1.037,1.029,1.031,2335600,2412787.00
20221110,1.026,1.026,1.020,1.021,2373100,2425104.00
20221111,1.058,1.076,1.052,1.061,9078900,9637319.00
20221114,1.063,1.064,1.056,1.058,6712700,7123469.00
20221115,1.061,1.061,1.049,1.052,8480600,8920380.00
20221116,1.045,1.064,1.045,1.064,3947500,4164227.00
20221117,1.061,1.071,1.061,1.071,2781500,2973688.00
20221118,1.068,1.072,1.062,1.064,2234300,2380415.00
20221121,1.064,1.065,1.059,1.062,1782900,1895783.00
20221122,1.067,1.070,1.064,1.066,1246900,1328959.00
20221123,1.070,1.076,1.066,1.076,1404300,1507038.00
20221124,1.092,1.099,1.091,1.094,2856800,3125364.00
20221125,1.092,1.099,1.092,1.099,2809600,3078908.00
20221128,1.099,1.099,1.091,1.099,3616800,3962273.00
20221129,1.099,1.099,1.085,1.092,3850700,4194431.00
20221130,1.085,1.090,1.082,1.087,4551900,4942711.00
20221201,1.091,1.100,1.090,1.095,3682600,4029493.00
20221202,1.080,1.089,1.080,1.085,1701000,1843250.00
20221205,1.085,1.088,1.079,1.080,1702300,1840698.00
20221206,1.079,1.079,1.063,1.065,2720300,2903027.00
20221207,1.061,1.062,1.054,1.055,2444300,2583574.00
20221208,1.053,1.056,1.048,1.056,1664500,1752117.00
20221209,1.066,1.069,1.062,1.067,3576400,3811812.00
20221212,1.056,1.064,1.056,1.064,991100,1052654.00
20221213,1.064,1.066,1.061,1.064,2282800,2431004.00
20221214,1.073,1.087,1.072,1.086,6664300,7203324.00
20221215,1.086,1.086,1.076,1.079,1595500,1722691.00
20221216,1.068,1.068,1.049,1.051,3220700,3392560.00
20221219,1.052,1.054,1.046,1.051,1137700,1195942.00
20221220,1.046,1.050,1.040,1.048,6100800,6377546.00
20221221,1.048,1.053,1.042,1.046,4736700,4962547.00
20221222,1.053,1.055,1.047,1.051,2447300,2570578.00
20221223,1.040,1.049,1.033,1.035,6803800,7056031.00
20221226,1.037,1.042,1.036,1.041,1256400,1306406.00
20221227,1.043,1.044,1.039,1.040,1946300,2026816.00
20221228,1.035,1.035,1.026,1.027,2279700,2343271.00
20221229,1.021,1.022,1.017,1.017,2020000,2057741.00
20221230,1.025,1.032,1.024,1.026,3736300,3843172.00
20230103,1.020,1.029,1.020,1.028,3887800,3989811.00
20230104,1.021,1.023,1.018,1.019,3869100,3946081.00
20230105,1.023,1.024,1.014,1.016,6455700,6566906.00
20230106,1.011,1.019,1.011,1.015,4324200,4393873.00
20230109,1.021,1.025,1.019,1.024,4463400,4555161.00
20230110,1.027,1.027,1.017,1.021,2901000,2960810.00
20230111,1.026,1.030,1.023,1.029,4045600,4152712.00
20230112,1.031,1.032,1.025,1.028,5272000,5418518.00
20230113,1.028,1.028,1.023,1.027,6449000,6614692.00
20230116,1.027,1.027,1.018,1.023,8006500,8180747.00
20230117,1.031,1.038,1.030,1.037,7589500,7839050.00
20230118,1.040,1.055,1.039,1.047,11451900,11985567.00
20230119,1.043,1.050,1.042,1.048,5830500,6104409.00
20230120,1.044,1.052,1.042,1.050,5743500,6010311.00
20230130,1.065,1.068,1.057,1.068,8275300,8798845.00
20230131,1.063,1.067,1.057,1.058,3296000,3497909.00
20230201,1.065,1.067,1.059,1.060,5744300,6098847.00
20230202,1.057,1.071,1.057,1.070,6013800,6427437.00
20230203,1.076,1.081,1.076,1.078,4340700,4684774.00
20230206,1.073,1.080,1.066,1.066,8663900,9293286.00
20230207,1.069,1.070,1.061,1.061,3791500,4036454.00
20230208,1.062,1.068,1.061,1.068,4112000,4381250.00
20230209,1.065,1.068,1.061,1.068,5730700,6105826.00
20230210,1.071,1.074,1.066,1.069,3476000,3715305.00
20230213,1.062,1.062,1.056,1.062,4100800,4346139.00
20230214,1.066,1.068,1.063,1.066,2221600,2367822.00
20230215,1.068,1.068,1.056,1.056,4891600,5187791.00
20230216,1.060,1.062,1.060,1.061,3562700,3779308.00
20230217,1.057,1.057,1.050,1.050,3039900,3197755.00
20230220,1.050,1.055,1.050,1.054,2219600,2336477.00
20230221,1.052,1.054,1.050,1.051,1806900,1900930.00
20230222,1.040,1.048,1.036,1.040,3089000,3206884.00
20230223,1.041,1.041,1.038,1.039,1537800,1597557.00
20230224,1.051,1.058,1.050,1.058,4322800,4552870.00
20230227,1.055,1.055,1.048,1.052,2470500,2598229.00
20230228,1.057,1.057,1.046,1.050,3526700,3706461.00
20230301,1.047,1.050,1.045,1.049,2590300,2713223.00
20230302,1.048,1.048,1.041,1.042,2210500,2307044.00
20230303,1.052,1.059,1.051,1.057,4284600,4519155.00
20230306,1.070,1.078,1.069,1.076,4249300,4563730.00
20230307,1.081,1.083,1.080,1.081,5291600,5723634.00
20230308,1.080,1.083,1.076,1.077,3863100,4169141.00
20230309,1.081,1.093,1.081,1.092,2903000,3161486.00
20230310,1.088,1.088,1.073,1.078,11917700,12901196.00
20230313,1.069,1.070,1.060,1.068,8037900,8556453.00
20230314,1.045,1.055,1.042,1.047,7033000,7360511.00
20230315,1.052,1.055,1.045,1.050,7128600,7490028.00
20230316,1.042,1.051,1.042,1.051,5937200,6219953.00
20230317,1.053,1.060,1.053,1.060,3995900,4222376.00
20230320,1.056,1.060,1.054,1.057,5820600,6149129.00
20230321,1.062,1.067,1.062,1.064,3586100,3817586.00
20230322,1.071,1.075,1.068,1.074,4042800,4334741.00
20230323,1.070,1.078,1.069,1.072,4516800,4842518.00
20230324,1.070,1.085,1.067,1.084,2930500,3158470.00
20230327,1.087,1.088,1.081,1.082,4528200,4912060.00
20230328,1.083,1.087,1.082,1.082,1208200,1309580.00
20230329,1.083,1.092,1.083,1.091,2483100,2701418.00
20230330,1.085,1.092,1.085,1.091,5467400,5946445.00
20230331,1.095,1.098,1.092,1.094,3869900,4235447.00
20230403,1.095,1.102,1.095,1.101,4151200,4564185.00
20230404,1.102,1.108,1.102,1.107,1948000,2153208.00
20230406,1.098,1.098,1.087,1.088,4238700,4624294.00
20230407,1.090,1.094,1.087,1.088,2450500,2670839.00
20230410,1.085,1.099,1.085,1.087,1634000,1775061.00
20230411,1.095,1.098,1.091,1.095,4343700,4757574.00
20230412,1.096,1.098,1.094,1.095,4966488,5443733.00
20230413,1.095,1.099,1.093,1.096,3217700,3526563.00
20230414,1.110,1.112,1.106,1.110,6071700,6730539.00
20230417,1.107,1.109,1.103,1.107,2534400,2806951.00
20230418,1.110,1.112,1.108,1.112,2418500,2684314.00
20230419,1.108,1.110,1.107,1.108,1947300,2158928.00
20230420,1.108,1.112,1.108,1.112,1599500,1775197.00
20230421,1.112,1.117,1.111,1.115,3681700,4102471.00
20230424,1.119,1.121,1.112,1.115,4208800,4692267.00
20230425,1.118,1.120,1.116,1.117,4452000,4979677.00
20230426,1.116,1.120,1.111,1.112,4502300,5014940.00
20230427,1.114,1.114,1.108,1.113,2228000,2474616.00
20230428,1.116,1.120,1.114,1.117,7241000,8086594.00
20230504,1.122,1.133,1.122,1.133,3930900,4435184.00
20230505,1.133,1.138,1.132,1.136,4633200,5262306.00
20230508,1.137,1.139,1.134,1.134,5966700,6778591.00
20230509,1.135,1.140,1.132,1.140,6393200,7265523.00
20230510,1.137,1.137,1.130,1.132,3638200,4121999.00
20230511,1.134,1.142,1.134,1.142,4238500,4821405.00
20230512,1.148,1.179,1.146,1.169,10304100,11914929.00
20230515,1.170,1.188,1.161,1.168,10794600,12641862.00
20230516,1.170,1.178,1.165,1.170,2856000,3336634.00
20230517,1.183,1.234,1.176,1.213,13637200,16385787.00
20230518,1.237,1.320,1.230,1.290,59244800,75988432.00
20230519,1.305,1.403,1.295,1.396,113811459,155679680.00
20230522,1.396,1.398,1.257,1.266,115822100,150288752.00
20230523,1.299,1.299,1.196,1.201,109555500,134907632.00
20230524,1.191,1.239,1.183,1.193,101842300,123479432.00
20230525,1.199,1.215,1.190,1.194,65459100,78716288.00
20230526,1.204,1.205,1.185,1.186,38409700,45868620.00
20230529,1.201,1.205,1.190,1.197,39718600,47481100.00
20230530,1.194,1.201,1.188,1.201,55991500,66986828.00
20230531,1.194,1.198,1.188,1.192,30598600,36519156.00
20230601,1.200,1.205,1.193,1.202,35479700,42528152.00
20230602,1.212,1.226,1.207,1.223,34407000,41783660.00
20230605,1.235,1.253,1.224,1.250,60777100,75423528.00
20230606,1.253,1.298,1.250,1.275,106142400,134737584.00
20230607,1.267,1.268,1.242,1.247,68651000,85954272.00
20230608,1.245,1.250,1.216,1.224,80681500,99443456.00
20230609,1.245,1.252,1.242,1.251,54113500,67455928.00
20230612,1.258,1.270,1.258,1.269,58848700,74430040.00
20230613,1.283,1.301,1.283,1.297,84615500,109496040.00
20230614,1.306,1.311,1.289,1.305,100349100,130645984.00
20230615,1.299,1.308,1.284,1.286,75192500,97368856.00
20230616,1.282,1.294,1.279,1.289,64549900,83104760.00
20230619,1.282,1.288,1.271,1.275,54373000,69474824.00
20230620,1.275,1.280,1.266,1.274,37683700,47967836.00
20230621,1.280,1.300,1.280,1.298,90269700,116684088.00
20230626,1.279,1.279,1.250,1.256,68403300,86136984.00
20230627,1.238,1.249,1.232,1.247,40087700,49653204.00
20230628,1.251,1.273,1.250,1.272,60931000,76865424.00
20230629,1.279,1.287,1.260,1.261,75591500,96315472.00
20230630,1.254,1.264,1.251,1.263,40035000,50369092.00
20230703,1.281,1.287,1.281,1.284,43225900,55466900.00
20230704,1.270,1.274,1.266,1.267,36263100,46047296.00
20230705,1.271,1.271,1.258,1.264,37892200,47869692.00
20230706,1.251,1.258,1.248,1.250,39814500,49845892.00
20230707,1.248,1.249,1.237,1.239,41275400,51302476.00
20230710,1.239,1.242,1.229,1.237,47296200,58382008.00
20230711,1.251,1.253,1.240,1.247,39954600,49819876.00
20230712,1.237,1.245,1.237,1.242,30925200,38380184.00
20230713,1.259,1.271,1.258,1.271,43880100,55493792.00
20230714,1.267,1.276,1.258,1.259,41901200,53069840.00
20230717,1.259,1.263,1.255,1.262,16882900,21242904.00
20230718,1.273,1.274,1.263,1.268,27570600,34960756.00
20230719,1.281,1.291,1.277,1.289,53112700,68146040.00
20230720,1.277,1.279,1.259,1.260,36062000,45737436.00
20230721,1.252,1.254,1.246,1.247,29742600,37165956.00
20230724,1.255,1.260,1.253,1.258,29300900,36810128.00
20230725,1.250,1.252,1.246,1.250,24853400,31040840.00
20230726,1.248,1.253,1.247,1.253,16052300,20072920.00
20230727,1.257,1.270,1.254,1.269,29346300,37029372.00
20230728,1.254,1.273,1.251,1.265,52362300,66076536.00
20230731,1.280,1.280,1.258,1.262,62113300,78609480.00
20230801,1.262,1.267,1.261,1.266,34086300,43110024.00
20230802,1.254,1.254,1.234,1.236,52482900,65265232.00
20230803,1.223,1.228,1.216,1.218,49534300,60422240.00
20230804,1.220,1.229,1.218,1.228,29895700,36555028.00
20230807,1.226,1.235,1.224,1.234,20311800,25003818.00
20230808,1.237,1.238,1.225,1.228,21469900,26418040.00
20230809,1.230,1.231,1.223,1.225,15455000,18934514.00
20230810,1.223,1.229,1.220,1.228,26356700,32283652.00
20230811,1.228,1.231,1.226,1.229,14290800,17565532.00
20230814,1.226,1.226,1.211,1.216,19733800,23990400.00
20230815,1.223,1.223,1.217,1.220,18271800,22295500.00
20230816,1.205,1.210,1.203,1.205,20123500,24277424.00
20230817,1.186,1.196,1.181,1.196,22611400,26883988.00
20230818,1.190,1.195,1.186,1.190,12704500,15120991.00
20230821,1.193,1.208,1.193,1.203,20721700,24898016.00
20230822,1.209,1.209,1.196,1.201,25443200,30517924.00
20230823,1.203,1.214,1.203,1.214,20407599,24642576.00
20230824,1.216,1.225,1.215,1.223,30255200,36962868.00
20230825,1.198,1.200,1.185,1.186,36238200,43116016.00
20230828,1.198,1.210,1.197,1.210,18748700,22554284.00
20230829,1.212,1.212,1.207,1.209,24872300,30075616.00
20230830,1.217,1.225,1.213,1.215,19867500,24234274.00
20230831,1.223,1.231,1.220,1.231,20254900,24846110.00
20230901,1.237,1.239,1.229,1.231,23856400,29480386.00
20230904,1.233,1.238,1.231,1.237,18480700,22822488.00
20230905,1.234,1.237,1.231,1.236,13436700,16575951.00
20230906,1.243,1.246,1.240,1.246,23607300,29352648.00
20230907,1.241,1.245,1.231,1.231,18349500,22710134.00
20230908,1.223,1.230,1.223,1.230,20672500,25367106.00
20230911,1.226,1.227,1.220,1.225,16798500,20557328.00
20230912,1.225,1.235,1.222,1.234,17982900,22088576.00
20230913,1.232,1.232,1.220,1.223,24921600,30487612.00
20230914,1.230,1.243,1.229,1.241,42298500,52351644.00
20230915,1.250,1.257,1.247,1.250,55990500,70091232.00
20230918,1.240,1.242,1.234,1.241,19567700,24231318.00
20230919,1.240,1.240,1.236,1.240,11334600,14025199.00
20230920,1.240,1.242,1.231,1.232,21140700,26111048.00
20230921,1.222,1.222,1.212,1.215,29879100,36312900.00
20230922,1.205,1.215,1.205,1.211,28092100,33988872.00
20230925,1.214,1.221,1.214,1.219,28690200,34934856.00
20230926,1.208,1.213,1.196,1.197,23657800,28492540.00
20230927,1.189,1.199,1.185,1.198,22522800,26862334.00
20230928,1.193,1.198,1.182,1.189,30198100,35878776.00
20231009,1.165,1.167,1.157,1.161,26892200,31222420.00
20231010,1.182,1.186,1.179,1.185,32070400,37945500.00
20231011,1.190,1.193,1.186,1.190,21388600,25447200.00
20231012,1.200,1.213,1.200,1.212,33206100,40017752.00
20231013,1.208,1.209,1.193,1.196,26666600,31952626.00
20231016,1.185,1.186,1.173,1.177,32296700,38042928.00
20231017,1.190,1.192,1.183,1.192,38308400,45451544.00
20231018,1.187,1.191,1.183,1.189,21515900,25527754.00
20231019,1.175,1.175,1.165,1.166,28589800,33386380.00
20231020,1.152,1.165,1.152,1.160,22445200,26035964.00
20231023,1.155,1.157,1.147,1.152,21125000,24351712.00
20231024,1.143,1.161,1.136,1.160,33670400,38597568.00
20231025,1.168,1.171,1.160,1.161,28107100,32776312.00
20231026,1.139,1.142,1.128,1.133,38288100,43432372.00
20231027,1.141,1.150,1.139,1.149,26767800,30648292.00
20231030,1.142,1.148,1.138,1.148,18931100,21604018.00
20231031,1.144,1.151,1.142,1.147,20263900,23197196.00
20231101,1.168,1.169,1.157,1.165,25945200,30157864.00
20231102,1.177,1.183,1.176,1.180,34572000,40790096.00
20231103,1.191,1.196,1.190,1.195,23597900,28177880.00
20231106,1.210,1.211,1.203,1.204,54724400,66027912.00
20231107,1.196,1.196,1.184,1.186,34693000,41273744.00
20231108,1.186,1.188,1.176,1.178,21714400,25665822.00
20231109,1.186,1.201,1.186,1.200,38661700,46194192.00
20231110,1.188,1.193,1.182,1.191,20685100,24528928.00
20231113,1.198,1.201,1.190,1.192,20563900,24589682.00
20231114,1.193,1.201,1.193,1.196,12099300,14492935.00
20231115,1.215,1.228,1.215,1.228,39002300,47642360.00
20231116,1.220,1.220,1.211,1.216,35162700,42722860.00
20231117,1.219,1.231,1.219,1.231,26129600,31985714.00
20231120,1.235,1.235,1.222,1.222,27346700,33534908.00
20231121,1.221,1.229,1.219,1.225,16276900,19940070.00
20231122,1.228,1.233,1.215,1.216,27100400,33152184.00
20231123,1.221,1.226,1.220,1.225,12337800,15104159.00
20231124,1.227,1.231,1.224,1.228,51631600,63408524.00
20231127,1.227,1.235,1.223,1.228,39518500,48463136.00
20231128,1.228,1.231,1.223,1.229,37627100,46224792.00
20231129,1.230,1.241,1.230,1.233,29634700,36612336.00
20231130,1.235,1.246,1.231,1.245,23623800,29239612.00
20231201,1.245,1.246,1.234,1.240,23925700,29675976.00
20231204,1.240,1.248,1.238,1.247,23457600,29193944.00
20231205,1.235,1.235,1.220,1.221,24601300,30142800.00
20231206,1.236,1.255,1.236,1.254,26956600,33611668.00
20231207,1.240,1.247,1.236,1.241,30836700,38242076.00
20231208,1.236,1.245,1.228,1.230,35777100,44199136.00
20231211,1.247,1.248,1.241,1.246,25145100,31292582.00
20231212,1.246,1.254,1.237,1.242,24886500,31019332.00
20231213,1.249,1.264,1.249,1.261,44517600,56036892.00
20231214,1.266,1.292,1.264,1.282,36281700,46373828.00
20231215,1.291,1.295,1.282,1.285,31709300,40862808.00
20231218,1.270,1.299,1.269,1.283,42521800,54558716.00
20231219,1.282,1.306,1.282,1.301,60845600,79070824.00
20231220,1.317,1.375,1.317,1.340,185894158,248543984.00
20231221,1.313,1.335,1.299,1.302,98580536,129662176.00
20231222,1.310,1.324,1.297,1.305,72216600,94502720.00
20231225,1.315,1.328,1.308,1.326,100396782,132415832.00
20231226,1.336,1.358,1.326,1.358,143022983,192647408.00
20231227,1.380,1.398,1.332,1.336,191001728,259341616.00
20231228,1.333,1.350,1.315,1.322,110061118,146152800.00
20231229,1.314,1.324,1.306,1.318,72231190,94935120.00
20240102,1.308,1.319,1.295,1.316,62571000,81993904.00
20240103,1.313,1.313,1.295,1.296,34363400,44865264.00
20240104,1.286,1.322,1.280,1.313,103873800,134618880.00
20240105,1.318,1.337,1.299,1.300,126866128,167515648.00
20240108,1.308,1.328,1.308,1.326,81945986,108249456.00
20240109,1.347,1.383,1.347,1.370,175268800,238956592.00
20240110,1.403,1.416,1.369,1.382,268071264,373498048.00
20240111,1.405,1.455,1.400,1.446,358591714,514732064.00
20240112,1.449,1.509,1.449,1.456,364088653,536215808.00
20240115,1.475,1.602,1.475,1.524,591032319,896765120.00
20240116,1.514,1.668,1.451,1.459,2980567040,4779268096.00
20240117,1.605,1.605,1.413,1.444,2636448468,3949864960.00
20240118,1.588,1.588,1.421,1.447,1492447950,2175117824.00
20240119,1.500,1.567,1.441,1.460,803969441,1172226688.00
20240122,1.493,1.558,1.467,1.552,2012853451,3051791360.00
20240123,1.552,1.692,1.540,1.628,2799535116,4505454592.00
20240124,1.628,1.705,1.468,1.526,2096237758,3438397440.00
20240125,1.526,1.567,1.393,1.403,1325962734,1939708288.00
20240126,1.392,1.454,1.384,1.389,1526436517,2168093440.00
20240129,1.415,1.439,1.400,1.433,1295838624,1843184256.00
20240130,1.460,1.505,1.436,1.499,1562801064,2292820224.00
20240131,1.502,1.549,1.349,1.417,2340057213,3441133312.00
20240201,1.435,1.453,1.403,1.420,1528797393,2184405760.00
20240202,1.438,1.452,1.409,1.432,1265260701,1819922176.00
20240205,1.439,1.454,1.421,1.434,779320112,1120279424.00
20240206,1.426,1.439,1.386,1.391,635005244,896495104.00
20240207,1.390,1.396,1.361,1.363,833982177,1151512192.00
20240208,1.378,1.394,1.368,1.393,500546383,692119360.00
20240219,1.429,1.458,1.415,1.455,671899563,963774208.00
20240220,1.474,1.505,1.474,1.480,667222000,990280640.00
20240221,1.475,1.484,1.461,1.468,626625544,922611456.00
20240222,1.488,1.527,1.481,1.521,1757003590,2650203648.00
20240223,1.543,1.598,1.533,1.545,2192508857,3435403776.00
20240226,1.554,1.585,1.553,1.569,1207381491,1895479296.00
20240227,1.726,1.726,1.531,1.548,868989743,1352076928.00
20240228,1.546,1.587,1.542,1.566,1464722932,2296358144.00
20240229,1.552,1.581,1.547,1.557,873125204,1369255296.00
20240301,1.580,1.587,1.573,1.576,524246912,828388672.00
20240304,1.590,1.594,1.577,1.581,310466490,491854848.00
20240305,1.575,1.579,1.564,1.569,267216800,419654752.00
20240306,1.564,1.577,1.563,1.568,140661944,220871600.00
20240307,1.574,1.575,1.542,1.543,191578230,298053440.00
20240308,1.553,1.577,1.553,1.565,323661761,507076096.00
20240311,1.526,1.545,1.521,1.535,210585177,322936832.00
20240312,1.528,1.557,1.523,1.546,322828400,497485632.00
20240313,1.546,1.558,1.541,1.544,235676190,365337088.00
20240314,1.540,1.552,1.538,1.547,129726100,200570096.00
20240315,1.540,1.547,1.522,1.525,122990310,188703424.00
20240318,1.550,1.554,1.543,1.548,168771955,261299456.00
20240319,1.541,1.553,1.536,1.544,174211283,269086208.00
20240320,1.552,1.554,1.544,1.548,87128429,134911600.00
20240321,1.558,1.562,1.552,1.558,143624100,223751328.00
20240322,1.557,1.576,1.557,1.561,206245849,322730048.00
20240325,1.555,1.555,1.533,1.540,77148800,119125488.00
20240326,1.541,1.544,1.536,1.541,43819500,67490096.00
20240327,1.547,1.580,1.547,1.576,378600469,592838656.00
20240328,1.563,1.574,1.558,1.566,146331800,229083760.00
20240329,1.573,1.586,1.565,1.565,270268700,426263168.00
20240401,1.566,1.566,1.550,1.557,143662400,223363248.00
20240402,1.562,1.566,1.553,1.556,128674100,200774944.00
20240403,1.545,1.546,1.527,1.530,105255303,161735328.00
20240408,1.534,1.543,1.516,1.518,111087403,169990224.00
20240409,1.523,1.525,1.515,1.525,65226800,99190168.00
20240410,1.523,1.523,1.516,1.521,40949522,62211752.00
20240411,1.510,1.517,1.504,1.505,56122800,84750192.00
20240412,1.510,1.523,1.510,1.520,75464800,114561824.00
20240415,1.505,1.508,1.497,1.500,48600878,72921008.00
20240416,1.472,1.472,1.428,1.430,117863300,170445456.00
20240417,1.428,1.448,1.418,1.422,124475000,178195056.00
20240418,1.419,1.433,1.416,1.431,81437500,116237280.00
20240419,1.399,1.399,1.373,1.380,121553100,168096064.00
20240422,1.382,1.393,1.382,1.386,60437200,83888864.00
20240423,1.392,1.399,1.391,1.398,43752100,61033432.00
20240424,1.426,1.447,1.424,1.446,97279190,139753872.00
20240425,1.420,1.422,1.411,1.413,56067610,79424288.00
20240426,1.420,1.433,1.418,1.424,82407800,117505848.00
20240429,1.425,1.446,1.416,1.432,120749000,172354272.00
20240430,1.445,1.455,1.433,1.434,124852100,180345568.00
20240506,1.439,1.452,1.438,1.449,49391103,71447784.00
20240507,1.454,1.458,1.449,1.453,63009690,91573192.00
20240508,1.440,1.441,1.427,1.429,44057900,63212220.00
20240509,1.431,1.436,1.412,1.415,61879400,88264744.00
20240510,1.426,1.426,1.415,1.418,51261646,72743448.00
20240513,1.410,1.414,1.403,1.409,56697400,79896320.00
20240514,1.408,1.410,1.406,1.407,30502600,42942432.00
20240515,1.411,1.419,1.408,1.410,54655000,77199384.00
20240516,1.424,1.439,1.422,1.438,92995600,132780680.00
20240517,1.424,1.433,1.422,1.428,57638800,82323520.00
20240520,1.450,1.453,1.432,1.435,73952500,106600200.00
20240521,1.436,1.440,1.418,1.424,45959600,65673852.00
20240522,1.415,1.417,1.410,1.414,39014900,55145728.00
20240523,1.420,1.433,1.416,1.432,82201500,117096776.00
20240524,1.415,1.420,1.405,1.407,40498300,57250168.00
20240527,1.407,1.420,1.407,1.416,45699400,64673108.00
20240528,1.414,1.416,1.411,1.413,22097300,31208972.00
20240529,1.411,1.413,1.397,1.401,30662800,43076332.00
20240530,1.375,1.380,1.371,1.375,71400000,98213336.00
20240531,1.379,1.389,1.375,1.380,57582400,79565168.00
20240603,1.392,1.396,1.383,1.390,61531300,85450096.00
20240604,1.384,1.397,1.381,1.390,41456800,57550372.00
20240605,1.383,1.390,1.381,1.384,29034500,40218676.00
20240606,1.394,1.399,1.388,1.390,65464900,91291184.00
20240607,1.392,1.393,1.386,1.393,24593600,34164888.00
20240611,1.401,1.404,1.396,1.398,42122000,58940308.00
20240612,1.386,1.392,1.386,1.391,29525200,41005740.00
20240613,1.393,1.395,1.383,1.386,33936600,47147896.00
20240614,1.382,1.389,1.380,1.382,42227100,58458920.00
20240617,1.356,1.359,1.353,1.355,59241400,80331120.00
20240618,1.362,1.366,1.362,1.365,39579600,53976536.00
20240619,1.370,1.379,1.364,1.370,55869100,76666552.00
20240620,1.362,1.376,1.360,1.374,47181600,64496048.00
20240621,1.372,1.374,1.364,1.365,31975500,43737676.00
20240624,1.361,1.366,1.356,1.357,51936200,70685128.00
20240625,1.362,1.386,1.360,1.385,140004200,192366208.00
20240626,1.398,1.454,1.398,1.427,726087100,1039725056.00
20240627,1.408,1.429,1.401,1.413,302658100,429458656.00
20240628,1.439,1.453,1.424,1.426,388128300,558228288.00
20240701,1.431,1.443,1.427,1.431,172853400,248031952.00
20240702,1.440,1.454,1.428,1.451,271715444,391741184.00
20240703,1.466,1.517,1.459,1.501,756149500,1128026624.00
20240704,1.510,1.553,1.509,1.534,806253392,1237993088.00
20240705,1.535,1.575,1.487,1.498,908884600,1394019200.00
20240708,1.502,1.534,1.502,1.522,635688646,966636608.00
20240709,1.560,1.570,1.541,1.569,823798459,1283244288.00
20240710,1.578,1.596,1.542,1.585,678561900,1070543232.00
20240711,1.596,1.602,1.571,1.574,425607100,676400640.00
20240712,1.533,1.537,1.493,1.494,355949900,539128192.00
20240715,1.504,1.523,1.503,1.522,210489200,318784480.00
20240716,1.530,1.556,1.518,1.532,416827100,641813824.00
20240717,1.543,1.554,1.514,1.520,297134700,456056736.00
20240718,1.486,1.506,1.482,1.495,167349700,249445312.00
20240719,1.490,1.496,1.471,1.473,111816000,165671360.00
20240722,1.459,1.467,1.446,1.456,88242300,128310184.00
20240723,1.469,1.485,1.465,1.467,132904700,195858672.00
20240724,1.472,1.488,1.454,1.455,199275300,293538976.00
20240725,1.423,1.429,1.405,1.414,136368200,193296272.00
20240726,1.420,1.431,1.413,1.422,173742483,247084800.00
20240729,1.462,1.492,1.450,1.489,289140500,423234400.00
20240730,1.467,1.505,1.453,1.469,459888500,681690176.00
20240731,1.460,1.503,1.456,1.492,494283400,734359616.00
20240801,1.468,1.497,1.462,1.474,346521000,513488320.00
20240802,1.433,1.442,1.402,1.409,254721400,362074656.00
20240805,1.339,1.369,1.275,1.286,571595800,758110208.00
20240806,1.370,1.375,1.326,1.331,836853900,1126182272.00
20240807,1.346,1.382,1.341,1.343,861475800,1176422528.00
20240808,1.334,1.365,1.332,1.343,457405700,618390464.00
20240809,1.361,1.368,1.331,1.345,508403700,687776960.00
20240812,1.357,1.360,1.351,1.356,102054700,138190880.00
20240813,1.381,1.393,1.373,1.389,356564000,493330592.00
20240814,1.403,1.421,1.398,1.412,552987700,779258624.00
20240815,1.422,1.441,1.419,1.440,358046368,512680416.00
20240816,1.488,1.506,1.477,1.495,534961651,797926528.00
20240819,1.488,1.503,1.457,1.463,505583717,748801792.00
20240820,1.495,1.503,1.490,1.497,366931500,548949568.00
20240821,1.488,1.501,1.483,1.498,209264600,312441952.00
20240822,1.520,1.524,1.501,1.508,399443100,603964800.00
20240823,1.496,1.505,1.493,1.498,223795700,335384416.00
20240826,1.491,1.500,1.488,1.491,138832000,207483920.00
20240827,1.491,1.493,1.476,1.486,174710600,259499936.00
20240828,1.485,1.496,1.484,1.493,210986300,314892800.00
20240829,1.485,1.494,1.479,1.479,128958000,191482592.00
20240830,1.492,1.494,1.482,1.487,142737800,212275360.00
20240902,1.491,1.491,1.479,1.479,107695200,159937472.00
20240903,1.490,1.490,1.475,1.479,135991800,201406800.00
20240904,1.426,1.440,1.415,1.416,171918800,245591104.00
20240905,1.420,1.431,1.405,1.414,167248100,237336112.00
20240906,1.411,1.420,1.405,1.406,116316900,164405792.00
20240909,1.380,1.410,1.378,1.409,203029500,282612288.00
20240910,1.417,1.423,1.401,1.402,212429000,300271232.00
20240911,1.408,1.408,1.386,1.401,153059700,213945632.00
20240912,1.430,1.436,1.423,1.435,188992200,270108288.00
20240913,1.437,1.440,1.429,1.431,125602800,180348448.00
20240918,1.431,1.434,1.417,1.418,92954000,132481576.00
20240919,1.440,1.443,1.435,1.442,163599800,235487424.00
20240920,1.464,1.466,1.458,1.461,112820300,165059088.00
20240923,1.469,1.475,1.469,1.474,63202300,93017136.00
20240924,1.480,1.482,1.451,1.456,143190800,209298160.00
20240925,1.451,1.451,1.439,1.441,131405700,189948432.00
20240926,1.459,1.463,1.456,1.460,139897500,204227392.00
20240927,1.462,1.465,1.425,1.452,133587000,194165296.00
20240930,1.411,1.448,1.408,1.437,284123300,406492896.00
20241008,1.437,1.437,1.418,1.422,135113800,192364576.00
20241009,1.430,1.437,1.428,1.431,99812800,142896528.00
20241010,1.434,1.434,1.424,1.426,92397100,131923616.00
20241011,1.433,1.448,1.433,1.447,182448988,263244112.00
20241014,1.449,1.449,1.439,1.447,88599800,127930624.00
20241015,1.458,1.471,1.455,1.467,187700400,275021664.00
20241016,1.443,1.449,1.436,1.440,113305200,163295216.00
20241017,1.433,1.443,1.431,1.439,79328100,113870816.00
20241018,1.436,1.436,1.424,1.429,101169100,144653952.00
20241021,1.429,1.433,1.428,1.430,51514300,73695448.00
20241022,1.410,1.413,1.406,1.408,95216600,134135688.00
20241023,1.406,1.407,1.394,1.396,75681600,105899536.00
20241024,1.399,1.402,1.395,1.397,59298100,82921208.00
20241025,1.390,1.394,1.385,1.393,51804400,71912824.00
20241028,1.401,1.409,1.399,1.408,109253100,153421216.00
20241029,1.411,1.414,1.407,1.411,70197800,99021936.00
20241030,1.417,1.419,1.414,1.416,56439500,79993992.00
20241031,1.401,1.402,1.394,1.396,73289400,102444304.00
20241101,1.377,1.380,1.373,1.374,54217100,74585096.00
20241104,1.380,1.389,1.379,1.386,39001100,53992104.00
20241105,1.386,1.387,1.383,1.385,34513000,47806388.00
20241106,1.396,1.423,1.396,1.418,142018183,200269392.00
20241107,1.404,1.410,1.400,1.408,61932400,87113928.00
20241108,1.415,1.423,1.410,1.418,66728112,94434608.00
20241111,1.419,1.420,1.413,1.420,32691800,46312240.00
20241112,1.424,1.434,1.415,1.421,68328400,97299208.00
20241113,1.403,1.403,1.390,1.392,65158200,90941880.00
20241114,1.395,1.395,1.378,1.378,43528800,60378908.00
20241115,1.386,1.387,1.379,1.382,25075826,34699872.00
20241118,1.380,1.384,1.379,1.382,24952100,34459268.00
20241119,1.382,1.391,1.382,1.387,45038300,62444856.00
20241120,1.382,1.384,1.380,1.384,35641300,49254696.00
20241121,1.377,1.380,1.374,1.376,35487300,48849272.00
20241122,1.386,1.393,1.385,1.390,69339416,96290880.00
20241125,1.413,1.415,1.402,1.405,98205900,138432880.00
20241126,1.384,1.405,1.384,1.400,56469000,78659064.00
20241127,1.396,1.405,1.396,1.400,52196700,73123624.00
20241128,1.400,1.416,1.399,1.414,73519800,103708840.00
20241129,1.412,1.417,1.410,1.415,59974300,84802424.00
数据来源:通达信
