515650 消费50ETF 日线 后复权
      日期	    开盘	    最高	    最低	    收盘	    成交量	    成交额
20191111,1.007,1.011,0.998,0.999,66325700,66701608.00
20191112,1.003,1.003,0.992,0.997,14610400,14552242.00
20191113,0.997,1.002,0.993,1.000,12071900,12047710.00
20191114,1.000,1.002,0.996,0.999,13419400,13419020.00
20191115,1.000,1.000,0.991,0.993,20399833,20317028.00
20191118,0.993,0.997,0.988,0.995,12739000,12636980.00
20191119,0.995,1.007,0.992,1.005,36139000,36256504.00
20191120,1.000,1.007,0.999,1.000,31018100,31141804.00
20191121,0.999,0.999,0.990,0.994,11459000,11374616.00
20191122,0.994,1.000,0.970,0.976,19976700,19680764.00
20191125,0.972,0.979,0.965,0.976,11721550,11382182.00
20191126,0.976,0.986,0.976,0.982,10924500,10727754.00
20191127,0.981,0.982,0.973,0.976,16231300,15886909.00
20191128,0.975,0.983,0.971,0.976,22067300,21552114.00
20191129,0.972,0.973,0.950,0.957,17915600,17184750.00
20191202,0.955,0.965,0.951,0.962,11890500,11433842.00
20191203,0.960,0.967,0.958,0.965,10661400,10264057.00
20191204,0.968,0.972,0.962,0.971,9241967,8955360.00
20191205,0.973,0.976,0.970,0.975,11508500,11202638.00
20191206,0.974,0.986,0.971,0.985,13300400,13059784.00
20191209,0.986,0.991,0.982,0.983,12096200,11940272.00
20191210,0.981,0.986,0.981,0.985,20540825,20207602.00
20191211,0.985,0.986,0.977,0.978,16383000,16056254.00
20191212,0.978,0.981,0.970,0.973,23320900,22728768.00
20191213,0.976,0.991,0.976,0.989,26019400,25705828.00
20191216,0.989,0.991,0.982,0.988,14196400,13983825.00
20191217,0.988,1.001,0.986,0.999,26524000,26446292.00
20191218,0.999,1.007,0.995,0.997,28925000,28975804.00
20191219,0.997,0.999,0.990,0.993,22376700,22212586.00
20191220,0.993,0.998,0.990,0.992,25873900,25707412.00
20191223,0.990,1.000,0.987,0.990,29802500,29617136.00
20191224,0.989,0.994,0.988,0.994,13345400,13233232.00
20191225,0.993,0.994,0.986,0.989,21843500,21598162.00
20191226,0.988,0.993,0.984,0.993,18355782,18166186.00
20191227,0.990,1.006,0.990,0.999,39169142,39256688.00
20191230,0.992,1.015,0.992,1.012,43862551,44309540.00
20191231,1.010,1.016,1.007,1.013,32151600,32533576.00
20200102,1.013,1.025,1.008,1.021,55316206,56182600.00
20200103,1.021,1.023,1.005,1.007,28378977,28696290.00
20200106,1.001,1.009,0.991,0.999,46794600,46949924.00
20200107,0.999,1.015,0.998,1.014,37897400,38310984.00
20200108,1.013,1.022,1.006,1.014,30464000,30891696.00
20200109,1.016,1.032,1.016,1.030,53804498,55375144.00
20200110,1.030,1.040,1.030,1.038,38690500,40088684.00
20200113,1.038,1.049,1.034,1.049,42809190,44734200.00
20200114,1.046,1.052,1.038,1.040,22073784,23019566.00
20200115,1.038,1.048,1.034,1.038,27806703,28886732.00
20200116,1.040,1.043,1.032,1.037,14945000,15488978.00
20200117,1.037,1.042,1.033,1.036,23740600,24621256.00
20200120,1.037,1.037,1.027,1.033,27318000,28143816.00
20200121,1.030,1.030,1.009,1.010,32421600,32854272.00
20200122,1.005,1.010,0.987,1.008,15323000,15314824.00
20200123,1.000,1.000,0.961,0.970,41584500,40725012.00
20200203,0.900,0.907,0.873,0.873,43785823,38753808.00
20200204,0.873,0.920,0.873,0.918,25587300,23211016.00
20200205,0.916,0.940,0.916,0.933,23036300,21430088.00
20200206,0.934,0.951,0.930,0.951,24229400,22744832.00
20200207,0.945,0.954,0.936,0.952,18577800,17514048.00
20200210,0.950,0.954,0.939,0.951,14325900,13548899.00
20200211,0.956,0.975,0.951,0.969,24333700,23432672.00
20200212,0.969,0.975,0.965,0.974,22035200,21419290.00
20200213,0.972,0.981,0.960,0.965,30845200,29836988.00
20200214,0.963,0.969,0.950,0.965,15265000,14707703.00
20200217,0.966,0.979,0.960,0.979,20006300,19434180.00
20200218,0.979,0.979,0.966,0.971,25239800,24521668.00
20200219,0.970,0.981,0.965,0.977,32599400,31829470.00
20200220,0.976,1.005,0.976,1.004,47221859,46959588.00
20200221,1.002,1.005,0.991,0.997,52873100,52649960.00
20200224,0.997,0.997,0.978,0.985,51554300,50781432.00
20200225,0.976,0.976,0.958,0.973,47754700,46277156.00
20200226,0.963,0.980,0.957,0.964,41102627,39812260.00
20200227,0.968,0.981,0.965,0.974,37032500,36163456.00
20200228,0.965,0.965,0.936,0.945,40371200,38410136.00
20200302,0.951,0.974,0.947,0.971,65668900,63207112.00
20200303,0.984,0.984,0.970,0.977,46389800,45263336.00
20200304,0.974,0.983,0.971,0.981,48472000,47385776.00
20200305,0.986,1.023,0.984,1.018,83900294,84691288.00
20200306,1.014,1.020,1.001,1.004,52911600,53505904.00
20200309,1.000,1.003,0.963,0.964,65802100,63991676.00
20200310,0.960,0.997,0.959,0.993,39594300,38886688.00
20200311,0.995,0.998,0.984,0.984,33944732,33612572.00
20200312,0.977,0.977,0.957,0.961,46864900,45128744.00
20200313,0.922,0.957,0.912,0.946,49187968,45916352.00
20200316,0.946,0.948,0.900,0.905,50101500,46157640.00
20200317,0.905,0.917,0.870,0.892,49039165,43667232.00
20200318,0.896,0.915,0.877,0.879,44896800,40461872.00
20200319,0.879,0.887,0.835,0.858,87022500,74163216.00
20200320,0.868,0.887,0.861,0.884,50408200,44081132.00
20200323,0.850,0.884,0.846,0.855,64935600,55530940.00
20200324,0.865,0.886,0.861,0.882,46756000,40950152.00
20200325,0.915,0.915,0.897,0.908,59841000,54142560.00
20200326,0.905,0.913,0.896,0.900,33691900,30513328.00
20200327,0.912,0.923,0.912,0.913,43862700,40223240.00
20200330,0.896,0.909,0.889,0.899,39867000,35719704.00
20200331,0.904,0.920,0.904,0.918,39763100,36367016.00
20200401,0.915,0.924,0.907,0.910,41638500,38126536.00
20200402,0.908,0.925,0.901,0.925,44980300,41060928.00
20200403,0.923,0.934,0.918,0.925,48957238,45319512.00
20200407,0.935,0.953,0.935,0.950,36493200,34567020.00
20200408,0.949,0.949,0.938,0.941,20374100,19171580.00
20200409,0.944,0.947,0.939,0.944,22983400,21668026.00
20200410,0.941,0.972,0.941,0.951,56817300,54328704.00
20200413,0.949,0.964,0.948,0.959,37670400,36031136.00
20200414,0.964,0.973,0.954,0.973,31072699,29958136.00
20200415,0.973,0.973,0.955,0.961,33900100,32612192.00
20200416,0.957,0.961,0.952,0.958,25439776,24324056.00
20200417,0.959,0.975,0.959,0.970,38449600,37315400.00
20200420,0.972,0.975,0.967,0.974,24336000,23655448.00
20200421,0.973,0.973,0.951,0.961,33075200,31713968.00
20200422,0.960,0.984,0.955,0.982,43652000,42566832.00
20200423,0.982,0.999,0.982,0.988,30934400,30663814.00
20200424,0.988,0.993,0.983,0.987,26062000,25741218.00
20200427,0.987,0.995,0.980,0.991,34227400,33889396.00
20200428,0.994,1.011,0.983,1.006,48134400,48167744.00
20200429,1.005,1.009,0.992,0.996,53363124,53462768.00
20200430,0.997,1.012,0.996,1.004,44984924,45173096.00
20200506,0.999,1.011,0.990,1.011,40474600,40650104.00
20200507,1.010,1.021,1.006,1.017,37689900,38230252.00
20200508,1.022,1.041,1.017,1.034,48033400,49671940.00
20200511,1.035,1.056,1.032,1.038,50947600,53272588.00
20200512,1.037,1.052,1.036,1.050,49348500,51635160.00
20200513,1.045,1.056,1.041,1.055,43395463,45573664.00
20200514,1.054,1.054,1.046,1.047,38197384,40091956.00
20200515,1.050,1.053,1.034,1.037,44916600,46694844.00
20200518,1.033,1.061,1.033,1.056,56020776,58727888.00
20200519,1.065,1.069,1.059,1.062,39071729,41511396.00
20200520,1.062,1.065,1.053,1.056,25357108,26853828.00
20200521,1.058,1.065,1.052,1.056,29638200,31430484.00
20200522,1.056,1.056,1.023,1.026,49130600,50813552.00
20200525,1.025,1.043,1.017,1.043,35654328,36846160.00
20200526,1.040,1.057,1.040,1.057,29431600,30920212.00
20200527,1.057,1.059,1.049,1.052,50617089,53399880.00
20200528,1.054,1.061,1.038,1.052,42855789,45177136.00
20200529,1.046,1.068,1.046,1.067,38116400,40407364.00
20200601,1.074,1.100,1.074,1.098,42368800,46257440.00
20200602,1.100,1.103,1.088,1.091,33431100,36571160.00
20200603,1.095,1.099,1.085,1.085,30747289,33487214.00
20200604,1.089,1.098,1.089,1.096,31654200,34654288.00
20200605,1.097,1.107,1.093,1.105,43106208,47438484.00
20200608,1.107,1.132,1.107,1.119,38131698,42765540.00
20200609,1.119,1.133,1.116,1.129,43139600,48658724.00
20200610,1.132,1.132,1.121,1.126,37373000,42046904.00
20200611,1.126,1.126,1.101,1.111,47889000,53357648.00
20200612,1.089,1.120,1.088,1.118,43752000,48438904.00
20200615,1.115,1.119,1.098,1.101,34274100,38022112.00
20200616,1.105,1.114,1.105,1.111,21682600,24063892.00
20200617,1.115,1.117,1.104,1.110,22119900,24497720.00
20200618,1.110,1.119,1.108,1.117,34410300,38307032.00
20200619,1.118,1.148,1.118,1.143,37664567,42832484.00
20200622,1.144,1.145,1.129,1.138,64085732,72794808.00
20200623,1.137,1.150,1.130,1.147,31979300,36477440.00
20200624,1.149,1.160,1.149,1.156,25288924,29170284.00
20200629,1.155,1.162,1.146,1.162,30358958,35017536.00
20200630,1.166,1.180,1.166,1.177,22333200,26236806.00
20200701,1.180,1.216,1.177,1.216,46298112,55811920.00
20200702,1.214,1.236,1.210,1.236,42667300,52281636.00
20200703,1.250,1.255,1.220,1.242,44769700,55210912.00
20200706,1.250,1.295,1.243,1.294,35348100,45027280.00
20200707,1.297,1.332,1.297,1.310,47670400,62785348.00
20200708,1.295,1.319,1.295,1.315,41522900,54298364.00
20200709,1.315,1.330,1.310,1.329,43028500,56768816.00
20200710,1.330,1.348,1.319,1.335,49593800,66300512.00
20200713,1.335,1.371,1.331,1.366,41833100,56790728.00
20200714,1.366,1.387,1.334,1.360,50117700,67898656.00
20200715,1.356,1.386,1.354,1.373,51256800,70362784.00
20200716,1.350,1.370,1.273,1.279,72140411,95131776.00
20200717,1.261,1.325,1.261,1.317,54369300,71009840.00
20200720,1.317,1.339,1.287,1.336,42902300,56414016.00
20200721,1.340,1.347,1.318,1.340,21874800,29235468.00
20200722,1.339,1.379,1.330,1.361,31465800,42796028.00
20200723,1.351,1.380,1.339,1.379,38409500,52326592.00
20200724,1.370,1.371,1.301,1.313,48418900,64595780.00
20200727,1.313,1.329,1.301,1.318,37142600,48966460.00
20200728,1.319,1.358,1.319,1.353,36992800,49748656.00
20200729,1.352,1.382,1.345,1.381,43324800,59229668.00
20200730,1.377,1.394,1.370,1.378,38667100,53464212.00
20200731,1.379,1.405,1.363,1.395,40524700,56262036.00
20200803,1.402,1.412,1.393,1.405,47964192,67177072.00
20200804,1.407,1.408,1.385,1.390,36419000,50770976.00
20200805,1.388,1.398,1.376,1.397,35472300,49342880.00
20200806,1.397,1.397,1.364,1.375,41940400,57749572.00
20200807,1.374,1.382,1.343,1.366,28015700,38272588.00
20200810,1.362,1.381,1.349,1.374,28286200,38678452.00
20200811,1.377,1.405,1.375,1.378,26405970,36784744.00
20200812,1.371,1.376,1.336,1.356,33547700,45388744.00
20200813,1.356,1.367,1.349,1.355,14546200,19734690.00
20200814,1.351,1.381,1.351,1.381,20423900,27899852.00
20200817,1.388,1.404,1.384,1.398,22203225,31034356.00
20200818,1.400,1.415,1.394,1.408,38915500,54695240.00
20200819,1.408,1.413,1.395,1.397,29745300,41788212.00
20200820,1.390,1.394,1.370,1.376,19505500,26886816.00
20200821,1.385,1.402,1.382,1.394,19147800,26638366.00
20200824,1.396,1.417,1.394,1.410,27365900,38518668.00
20200825,1.417,1.438,1.415,1.432,25455700,36398720.00
20200826,1.434,1.444,1.413,1.423,32130322,45823704.00
20200827,1.422,1.432,1.415,1.431,24417500,34728648.00
20200828,1.435,1.484,1.429,1.483,53236700,77772472.00
20200831,1.493,1.523,1.476,1.479,41203700,61418540.00
20200901,1.475,1.484,1.459,1.481,29279600,43090240.00
20200902,1.486,1.499,1.470,1.485,30122600,44759192.00
20200903,1.487,1.511,1.470,1.481,38063200,56747096.00
20200904,1.445,1.460,1.430,1.450,33847400,48778964.00
20200907,1.445,1.455,1.402,1.413,46729100,66852436.00
20200908,1.413,1.420,1.383,1.402,26789700,37399608.00
20200909,1.387,1.387,1.355,1.364,28895200,39622180.00
20200910,1.377,1.395,1.373,1.383,26084700,36140376.00
20200911,1.376,1.395,1.370,1.395,29763300,41143180.00
20200914,1.400,1.412,1.396,1.406,18644300,26157934.00
20200915,1.408,1.427,1.404,1.427,26332682,37391580.00
20200916,1.425,1.428,1.396,1.403,24462900,34437000.00
20200917,1.396,1.397,1.371,1.381,16063400,22218628.00
20200918,1.381,1.404,1.377,1.403,14230100,19813208.00
20200921,1.403,1.407,1.387,1.388,12296500,17135186.00
20200922,1.383,1.394,1.374,1.378,11785100,16320115.00
20200923,1.372,1.389,1.360,1.388,10389200,14322345.00
20200924,1.381,1.387,1.360,1.362,12513600,17139162.00
20200925,1.362,1.376,1.362,1.368,10176100,13938059.00
20200928,1.368,1.384,1.368,1.372,21111700,28990106.00
20200929,1.378,1.391,1.373,1.384,16950682,23434478.00
20200930,1.388,1.404,1.380,1.385,17390100,24229472.00
20201009,1.403,1.408,1.390,1.401,20595200,28820288.00
20201012,1.410,1.450,1.406,1.449,27298800,39126796.00
20201013,1.450,1.467,1.444,1.463,22527500,32765976.00
20201014,1.462,1.472,1.452,1.457,16594382,24232142.00
20201015,1.452,1.460,1.448,1.451,12250000,17790568.00
20201016,1.452,1.460,1.436,1.441,10692600,15458953.00
20201019,1.448,1.455,1.422,1.426,14248900,20458766.00
20201020,1.422,1.455,1.422,1.455,16270975,23531842.00
20201021,1.455,1.466,1.447,1.456,14596700,21254056.00
20201022,1.457,1.465,1.435,1.461,11490200,16696031.00
20201023,1.461,1.461,1.426,1.433,14564400,20966540.00
20201026,1.411,1.421,1.390,1.416,16189700,22758012.00
20201027,1.411,1.420,1.407,1.415,10591900,14973225.00
20201028,1.414,1.453,1.414,1.448,26120700,37647612.00
20201029,1.430,1.494,1.430,1.485,27571500,40600064.00
20201030,1.479,1.479,1.443,1.446,21354900,31161902.00
20201102,1.451,1.475,1.450,1.468,23013500,33754040.00
20201103,1.473,1.481,1.460,1.480,14566100,21439120.00
20201104,1.479,1.504,1.475,1.503,29341800,43861272.00
20201105,1.514,1.532,1.509,1.518,56147500,85276656.00
20201106,1.518,1.537,1.511,1.531,32965600,50274096.00
20201109,1.532,1.561,1.532,1.551,53141800,82379504.00
20201110,1.555,1.556,1.529,1.546,27912500,43067736.00
20201111,1.544,1.559,1.529,1.533,23766300,36721460.00
20201112,1.531,1.549,1.531,1.544,14781500,22766662.00
20201113,1.531,1.538,1.507,1.530,30346000,46165876.00
20201116,1.533,1.544,1.518,1.539,29302500,44875732.00
20201117,1.543,1.551,1.525,1.537,34294100,52623140.00
20201118,1.536,1.543,1.508,1.524,35290300,53887936.00
20201119,1.523,1.559,1.517,1.554,33722000,52133604.00
20201120,1.557,1.567,1.551,1.552,21178300,32946916.00
20201123,1.552,1.574,1.552,1.568,30620874,47888392.00
20201124,1.563,1.569,1.546,1.558,14729700,22894432.00
20201125,1.554,1.559,1.523,1.523,19891100,30557662.00
20201126,1.523,1.535,1.499,1.521,27027900,40897048.00
20201127,1.523,1.534,1.517,1.534,12129300,18519380.00
20201130,1.534,1.534,1.509,1.511,22032444,33428084.00
20201201,1.510,1.531,1.508,1.529,17411100,26541842.00
20201202,1.533,1.546,1.528,1.542,14772900,22753860.00
20201203,1.541,1.550,1.535,1.548,13330500,20568382.00
20201204,1.545,1.573,1.545,1.571,23458500,36623608.00
20201207,1.576,1.589,1.567,1.580,23834100,37681984.00
20201208,1.579,1.595,1.566,1.579,22459200,35441052.00
20201209,1.578,1.585,1.550,1.552,16488922,25820240.00
20201210,1.552,1.569,1.549,1.556,16717000,26062612.00
20201211,1.567,1.567,1.532,1.542,19585900,30252896.00
20201214,1.547,1.577,1.547,1.577,25815800,40385008.00
20201215,1.580,1.580,1.554,1.579,20677423,32427836.00
20201216,1.576,1.602,1.575,1.596,24578323,39115816.00
20201217,1.597,1.623,1.596,1.620,35004900,56511128.00
20201218,1.610,1.619,1.590,1.595,51501800,82533872.00
20201221,1.595,1.617,1.585,1.616,31378194,50370656.00
20201222,1.616,1.639,1.609,1.618,32867700,53354040.00
20201223,1.619,1.653,1.602,1.624,45840100,74838952.00
20201224,1.613,1.631,1.603,1.619,31684600,51269624.00
20201225,1.606,1.633,1.600,1.626,37212800,60116992.00
20201228,1.630,1.665,1.630,1.662,32845100,54281940.00
20201229,1.662,1.665,1.644,1.652,35158000,58094680.00
20201230,1.655,1.687,1.640,1.686,28934600,48542816.00
20201231,1.687,1.731,1.687,1.730,36046800,61866520.00
20210104,1.737,1.787,1.729,1.772,47982300,84777080.00
20210105,1.757,1.846,1.757,1.845,51186600,92893360.00
20210106,1.853,1.882,1.820,1.860,62876300,116546080.00
20210107,1.850,1.922,1.841,1.914,58598100,109628088.00
20210108,1.902,1.910,1.834,1.860,78510600,146653680.00
20210111,1.857,1.864,1.801,1.814,86750304,158990224.00
20210112,1.804,1.869,1.799,1.868,52592500,97097192.00
20210113,1.871,1.877,1.825,1.847,44082600,81647600.00
20210114,1.844,1.844,1.788,1.793,47103342,84986952.00
20210115,1.781,1.785,1.724,1.762,62329800,109222848.00
20210118,1.750,1.766,1.727,1.758,54046814,94717592.00
20210119,1.759,1.775,1.709,1.720,64220600,111540520.00
20210120,1.711,1.738,1.695,1.731,54469700,93865680.00
20210121,1.730,1.779,1.730,1.773,54611100,96037000.00
20210122,1.773,1.782,1.750,1.778,62745600,110981672.00
20210125,1.781,1.850,1.780,1.849,57220800,104407968.00
20210126,1.845,1.846,1.802,1.807,46258300,84024888.00
20210127,1.793,1.807,1.758,1.789,40592100,72408608.00
20210128,1.767,1.775,1.743,1.749,32482100,57128652.00
20210129,1.761,1.790,1.752,1.773,35442311,62844508.00
20210201,1.778,1.805,1.777,1.796,30090311,53900568.00
20210202,1.797,1.849,1.790,1.847,63813200,117053672.00
20210203,1.852,1.867,1.839,1.864,35888700,66536904.00
20210204,1.855,1.887,1.844,1.870,33811411,63276176.00
20210205,1.876,1.929,1.876,1.893,46179200,87934456.00
20210208,1.901,1.937,1.885,1.928,36464400,69738280.00
20210209,1.931,1.980,1.916,1.979,38412900,74934864.00
20210210,1.990,2.068,1.985,2.064,73054600,148535808.00
20210218,2.104,2.150,1.966,1.975,67844109,137258592.00
20210219,1.964,2.013,1.920,2.000,52986012,104696224.00
20210222,1.997,1.998,1.875,1.881,71559600,136983088.00
20210223,1.864,1.900,1.848,1.869,40922900,76763760.00
20210224,1.880,1.889,1.782,1.807,50316750,92019744.00
20210225,1.819,1.828,1.780,1.794,30585050,55264204.00
20210226,1.788,1.788,1.717,1.744,67050000,117237856.00
20210301,1.766,1.792,1.755,1.777,34586800,61423960.00
20210302,1.797,1.803,1.719,1.739,39573600,70072424.00
20210303,1.726,1.779,1.725,1.778,35899900,63063676.00
20210304,1.753,1.753,1.680,1.694,74376549,126904176.00
20210305,1.664,1.722,1.646,1.700,95223800,160835600.00
20210308,1.705,1.712,1.600,1.602,78406930,129719104.00
20210309,1.594,1.617,1.540,1.565,49629930,78458376.00
20210310,1.598,1.619,1.586,1.606,62631790,100771552.00
20210311,1.610,1.668,1.595,1.650,66718998,108388504.00
20210312,1.665,1.671,1.625,1.654,24266700,40010232.00
20210315,1.645,1.647,1.570,1.595,21516800,34484560.00
20210316,1.595,1.619,1.588,1.615,18209500,29235466.00
20210317,1.610,1.656,1.592,1.648,23402200,38163580.00
20210318,1.654,1.696,1.654,1.685,43348000,73002248.00
20210319,1.654,1.671,1.627,1.641,36719800,60518192.00
20210322,1.640,1.660,1.612,1.643,24751400,40304408.00
20210323,1.642,1.647,1.610,1.629,35431400,57937800.00
20210324,1.613,1.647,1.612,1.617,35874900,58605464.00
20210325,1.604,1.620,1.583,1.610,38229200,61211840.00
20210326,1.619,1.660,1.612,1.654,36792400,60202136.00
20210329,1.657,1.692,1.646,1.664,30565300,51068768.00
20210330,1.663,1.699,1.660,1.681,24985000,41983252.00
20210331,1.680,1.680,1.644,1.657,22893200,37887404.00
20210401,1.668,1.698,1.659,1.696,25036700,42081496.00
20210402,1.705,1.756,1.705,1.755,41506600,72057656.00
20210406,1.763,1.763,1.719,1.729,37837700,65590764.00
20210407,1.729,1.729,1.672,1.685,31602100,53336168.00
20210408,1.673,1.708,1.662,1.701,25230400,42592032.00
20210409,1.695,1.695,1.658,1.663,26860500,44832696.00
20210412,1.661,1.674,1.633,1.639,25123000,41400452.00
20210413,1.641,1.673,1.628,1.642,26433600,43589256.00
20210414,1.630,1.662,1.630,1.658,31789100,52365636.00
20210415,1.652,1.655,1.615,1.638,25556300,41744444.00
20210416,1.640,1.654,1.627,1.647,21594600,35465416.00
20210419,1.645,1.684,1.622,1.680,32410400,53877032.00
20210420,1.675,1.706,1.668,1.682,36493200,61633512.00
20210421,1.670,1.699,1.662,1.688,31288400,52681288.00
20210422,1.693,1.696,1.665,1.681,33172800,55669376.00
20210423,1.688,1.724,1.681,1.716,37123400,63430584.00
20210426,1.727,1.736,1.680,1.684,39696160,68011128.00
20210427,1.690,1.704,1.673,1.704,22581300,38132408.00
20210428,1.682,1.714,1.673,1.712,49278400,83544608.00
20210429,1.718,1.744,1.708,1.737,38676365,66859080.00
20210430,1.740,1.740,1.704,1.716,39958200,68665872.00
20210506,1.706,1.710,1.658,1.665,40127000,67289936.00
20210507,1.667,1.674,1.627,1.630,30701500,50529400.00
20210510,1.630,1.642,1.600,1.611,38432600,62298904.00
20210511,1.607,1.654,1.604,1.651,27968500,45647800.00
20210512,1.649,1.667,1.644,1.664,20422400,33800088.00
20210513,1.647,1.656,1.630,1.648,26424195,43421744.00
20210514,1.653,1.693,1.641,1.688,47086638,78831392.00
20210517,1.695,1.738,1.694,1.727,35692862,61542708.00
20210518,1.727,1.737,1.709,1.723,22289400,38304232.00
20210519,1.720,1.733,1.708,1.720,18514187,31851140.00
20210520,1.720,1.746,1.720,1.742,24053759,41800736.00
20210521,1.745,1.757,1.710,1.719,24167700,41879940.00
20210524,1.719,1.734,1.701,1.732,22937405,39498704.00
20210525,1.735,1.809,1.735,1.805,52083041,92926576.00
20210526,1.808,1.817,1.786,1.799,32078100,57742820.00
20210527,1.800,1.836,1.786,1.808,29927700,54022432.00
20210528,1.810,1.810,1.780,1.796,33335747,59818448.00
20210531,1.783,1.794,1.755,1.783,47490300,83978024.00
20210601,1.782,1.792,1.761,1.789,28408226,50546928.00
20210602,1.789,1.795,1.763,1.776,28874000,51280644.00
20210603,1.771,1.804,1.769,1.776,35301866,63140492.00
20210604,1.768,1.805,1.763,1.786,26470500,47174620.00
20210607,1.780,1.786,1.756,1.775,31981000,56510060.00
20210608,1.770,1.783,1.717,1.735,36623900,64061296.00
20210609,1.731,1.745,1.720,1.736,23488100,40704480.00
20210610,1.733,1.757,1.732,1.746,26527900,46304288.00
20210611,1.747,1.750,1.715,1.723,21147221,36529764.00
20210615,1.723,1.723,1.678,1.703,23448500,39834300.00
20210616,1.703,1.710,1.683,1.689,19911300,33711804.00
20210617,1.690,1.695,1.674,1.681,24165600,40661088.00
20210618,1.681,1.682,1.642,1.664,37481600,62166520.00
20210621,1.653,1.662,1.627,1.641,36428000,59766528.00
20210622,1.642,1.650,1.633,1.649,30167600,49555624.00
20210623,1.650,1.652,1.631,1.643,23259200,38170128.00
20210624,1.643,1.646,1.620,1.644,32699700,53406152.00
20210625,1.644,1.670,1.635,1.668,36662075,60717104.00
20210628,1.671,1.687,1.671,1.687,30399575,51073000.00
20210629,1.688,1.689,1.653,1.659,30667600,51032004.00
20210630,1.658,1.668,1.652,1.658,22742400,37694272.00
20210701,1.662,1.669,1.639,1.669,28855700,47724332.00
20210702,1.654,1.658,1.611,1.620,49481100,80417064.00
20210705,1.611,1.612,1.585,1.594,31498775,50288808.00
20210706,1.593,1.593,1.564,1.587,35992253,56717364.00
20210707,1.585,1.606,1.581,1.600,22053097,35262096.00
20210708,1.605,1.605,1.566,1.569,33628100,53051704.00
20210709,1.569,1.570,1.538,1.554,31771400,49286824.00
20210712,1.562,1.577,1.537,1.570,35642797,55633692.00
20210713,1.572,1.606,1.572,1.605,37374100,59701764.00
20210714,1.603,1.608,1.583,1.601,27122600,43276568.00
20210715,1.594,1.619,1.594,1.616,34658206,55717772.00
20210716,1.616,1.616,1.585,1.590,31830200,50669248.00
20210719,1.582,1.604,1.567,1.597,29630900,46932088.00
20210720,1.594,1.603,1.585,1.598,17535700,27970594.00
20210721,1.602,1.611,1.579,1.585,31884900,50767536.00
20210722,1.586,1.595,1.568,1.572,33636400,53097944.00
20210723,1.569,1.569,1.531,1.537,38390400,59134304.00
20210726,1.525,1.525,1.451,1.465,55364600,82197440.00
20210727,1.460,1.462,1.396,1.397,50795500,72633064.00
20210728,1.391,1.416,1.366,1.413,45957000,64084920.00
20210729,1.429,1.439,1.407,1.414,36074000,51307664.00
20210730,1.399,1.408,1.365,1.381,32178600,44362644.00
20210802,1.360,1.427,1.340,1.425,46395800,64197572.00
20210803,1.416,1.466,1.405,1.459,45133100,64983560.00
20210804,1.456,1.468,1.438,1.445,35529000,51468544.00
20210805,1.428,1.463,1.417,1.437,30459600,43914344.00
20210806,1.428,1.428,1.406,1.425,26620700,37760912.00
20210809,1.411,1.474,1.411,1.463,45394500,65977844.00
20210810,1.465,1.515,1.442,1.513,67827200,100628080.00
20210811,1.502,1.515,1.490,1.492,50071900,75030920.00
20210812,1.486,1.495,1.456,1.459,39847000,58844684.00
20210813,1.451,1.467,1.447,1.463,29924728,43524124.00
20210816,1.463,1.488,1.457,1.484,33826928,49924612.00
20210817,1.484,1.486,1.428,1.429,40634828,59112716.00
20210818,1.425,1.433,1.409,1.426,39860300,56602544.00
20210819,1.426,1.435,1.401,1.407,32300300,45768656.00
20210820,1.390,1.392,1.342,1.358,54522421,74522968.00
20210823,1.357,1.376,1.350,1.362,46969400,64078200.00
20210824,1.373,1.390,1.361,1.387,50465000,69587504.00
20210825,1.389,1.408,1.387,1.399,39947700,55877104.00
20210826,1.398,1.398,1.356,1.363,37641900,51492020.00
20210827,1.360,1.380,1.350,1.359,48654800,66340460.00
20210830,1.363,1.365,1.327,1.343,41372100,55326256.00
20210831,1.330,1.354,1.313,1.322,37750100,50111952.00
20210901,1.319,1.377,1.297,1.362,52604100,70655848.00
20210902,1.366,1.369,1.334,1.344,40377800,54544328.00
20210903,1.336,1.369,1.317,1.368,49908400,67464200.00
20210906,1.367,1.405,1.355,1.393,62060172,86109600.00
20210907,1.390,1.407,1.385,1.401,36593900,51077168.00
20210908,1.400,1.403,1.381,1.386,32306000,44930684.00
20210909,1.380,1.393,1.367,1.378,31402300,43278104.00
20210910,1.374,1.406,1.374,1.401,62114300,86517792.00
20210913,1.400,1.410,1.375,1.380,33733900,46883024.00
20210914,1.380,1.393,1.359,1.361,37532100,51625224.00
20210915,1.357,1.357,1.318,1.327,55269000,73733776.00
20210916,1.322,1.341,1.308,1.334,36003300,47779096.00
20210917,1.331,1.366,1.320,1.360,39422700,52974080.00
20210922,1.346,1.356,1.322,1.326,45082028,60003988.00
20210923,1.323,1.342,1.323,1.332,25673000,34173388.00
20210924,1.333,1.383,1.332,1.372,63906735,87104752.00
20210927,1.388,1.454,1.380,1.433,85646193,122256696.00
20210928,1.430,1.441,1.400,1.432,40113728,57160568.00
20210929,1.420,1.446,1.405,1.441,45027400,64356604.00
20210930,1.446,1.460,1.438,1.446,41035638,59508632.00
20211008,1.459,1.499,1.443,1.486,58482480,86474216.00
20211011,1.494,1.512,1.472,1.481,43042500,64098376.00
20211012,1.470,1.489,1.457,1.483,40441500,59705392.00
20211013,1.486,1.526,1.474,1.514,55568100,83470336.00
20211014,1.513,1.526,1.490,1.502,36235000,54623004.00
20211015,1.497,1.518,1.487,1.502,37821550,56723380.00
20211018,1.484,1.493,1.438,1.449,51645600,75030456.00
20211019,1.435,1.475,1.435,1.470,33987600,49751664.00
20211020,1.473,1.488,1.456,1.462,23635708,34645736.00
20211021,1.462,1.473,1.451,1.472,24510100,35877772.00
20211022,1.476,1.525,1.476,1.520,51678200,77765040.00
20211025,1.513,1.513,1.486,1.499,65574800,98034464.00
20211026,1.487,1.500,1.476,1.482,43739177,64985804.00
20211027,1.474,1.474,1.442,1.449,45031700,65366656.00
20211028,1.448,1.464,1.437,1.452,36330700,52725444.00
20211029,1.461,1.481,1.453,1.472,37410500,54992632.00
20211101,1.448,1.466,1.430,1.453,43355466,62972560.00
20211102,1.445,1.459,1.427,1.443,38554866,55610488.00
20211103,1.443,1.448,1.432,1.433,31439166,45243612.00
20211104,1.434,1.466,1.434,1.465,38327000,55734372.00
20211105,1.464,1.480,1.458,1.462,30106694,44154320.00
20211108,1.454,1.467,1.451,1.457,23336800,34010096.00
20211109,1.456,1.458,1.432,1.444,36742600,53069012.00
20211110,1.437,1.438,1.405,1.419,42935200,60907172.00
20211111,1.420,1.440,1.410,1.438,32396700,46350936.00
20211112,1.441,1.446,1.426,1.429,22248100,31897870.00
20211115,1.431,1.445,1.429,1.443,28448800,40927616.00
20211116,1.444,1.472,1.444,1.468,52738400,77187768.00
20211117,1.466,1.468,1.453,1.460,49801200,72700816.00
20211118,1.456,1.456,1.439,1.445,26056700,37637708.00
20211119,1.435,1.462,1.435,1.452,24890500,36103840.00
20211122,1.458,1.470,1.449,1.453,28968000,42239080.00
20211123,1.453,1.462,1.445,1.451,20158200,29289796.00
20211124,1.452,1.480,1.452,1.470,41131700,60345280.00
20211125,1.470,1.483,1.460,1.463,66877800,98065712.00
20211126,1.465,1.465,1.449,1.458,25951000,37724264.00
20211129,1.436,1.450,1.436,1.449,26681800,38552856.00
20211130,1.450,1.455,1.430,1.439,25096900,36183552.00
20211201,1.438,1.442,1.426,1.435,21581000,30880716.00
20211202,1.435,1.442,1.428,1.433,21678500,31093268.00
20211203,1.432,1.459,1.432,1.456,35954000,52163416.00
20211206,1.459,1.469,1.454,1.461,37721800,55225020.00
20211207,1.466,1.485,1.462,1.475,42374600,62477964.00
20211208,1.475,1.511,1.470,1.506,60482200,90346120.00
20211209,1.511,1.560,1.511,1.547,89146600,137498096.00
20211210,1.538,1.547,1.526,1.540,39259100,60335416.00
20211213,1.555,1.576,1.541,1.546,58942159,91980432.00
20211214,1.544,1.549,1.532,1.538,30415200,46859880.00
20211215,1.537,1.538,1.514,1.519,35819200,54601508.00
20211216,1.519,1.520,1.498,1.514,35359800,53338096.00
20211217,1.512,1.512,1.478,1.482,53178300,79142432.00
20211220,1.477,1.497,1.470,1.477,52400541,77611640.00
20211221,1.479,1.493,1.474,1.486,28902800,42876064.00
20211222,1.491,1.494,1.480,1.491,29558900,43932528.00
20211223,1.491,1.507,1.482,1.505,33300990,49764160.00
20211224,1.507,1.534,1.507,1.533,48063700,73152280.00
20211227,1.527,1.538,1.519,1.535,46820300,71618672.00
20211228,1.534,1.546,1.533,1.542,40884900,62938548.00
20211229,1.545,1.545,1.492,1.493,63253300,95447216.00
20211230,1.490,1.509,1.488,1.506,41498800,62312824.00
20211231,1.508,1.508,1.492,1.504,43918200,65841580.00
20220104,1.513,1.515,1.489,1.514,52332500,78599888.00
20220105,1.511,1.541,1.506,1.523,74094200,112787560.00
20220106,1.517,1.519,1.483,1.498,56838200,85318192.00
20220107,1.494,1.509,1.492,1.494,34893600,52304536.00
20220110,1.490,1.504,1.471,1.501,36406100,54212888.00
20220111,1.500,1.500,1.475,1.478,34496700,51324552.00
20220112,1.478,1.488,1.467,1.486,27258200,40339020.00
20220113,1.486,1.490,1.443,1.443,43325680,63349520.00
20220114,1.440,1.449,1.428,1.430,34832014,50069888.00
20220117,1.426,1.433,1.414,1.432,33548400,47793672.00
20220118,1.435,1.448,1.424,1.445,36642200,52793964.00
20220119,1.447,1.456,1.439,1.450,29021000,41978208.00
20220120,1.450,1.483,1.448,1.476,49531600,72948832.00
20220121,1.474,1.490,1.468,1.478,35819700,52967556.00
20220124,1.468,1.489,1.458,1.469,35205800,51768840.00
20220125,1.457,1.476,1.441,1.442,38625100,56291032.00
20220126,1.440,1.455,1.424,1.444,38083420,54999956.00
20220127,1.452,1.453,1.418,1.421,35946600,51716100.00
20220128,1.426,1.435,1.401,1.402,38843800,55124392.00
20220207,1.421,1.429,1.403,1.411,44978100,63556296.00
20220208,1.407,1.410,1.373,1.401,39223986,54485888.00
20220209,1.401,1.432,1.396,1.426,50236500,71077752.00
20220210,1.431,1.431,1.415,1.426,26954900,38353484.00
20220211,1.424,1.439,1.417,1.422,34143600,48788556.00
20220214,1.420,1.432,1.413,1.425,38171100,54303236.00
20220215,1.424,1.432,1.416,1.426,26069500,37151340.00
20220216,1.431,1.438,1.424,1.435,26423400,37826664.00
20220217,1.434,1.438,1.423,1.426,32476200,46448548.00
20220218,1.422,1.437,1.415,1.432,23798800,33966988.00
20220221,1.428,1.438,1.425,1.433,16217600,23193028.00
20220222,1.418,1.424,1.387,1.393,28414200,39694120.00
20220223,1.393,1.400,1.387,1.399,14983400,20891572.00
20220224,1.395,1.395,1.350,1.361,29211700,39926796.00
20220225,1.362,1.383,1.362,1.369,21372600,29344136.00
20220228,1.366,1.371,1.349,1.361,20262200,27450764.00
20220301,1.362,1.390,1.362,1.389,38944600,53405984.00
20220302,1.379,1.382,1.368,1.371,10117500,13882148.00
20220303,1.376,1.377,1.347,1.348,23448400,31762300.00
20220304,1.339,1.351,1.332,1.339,28018400,37569208.00
20220307,1.323,1.328,1.273,1.279,50603900,65594568.00
20220308,1.280,1.300,1.250,1.255,40045000,51054260.00
20220309,1.256,1.272,1.200,1.249,74243300,92613408.00
20220310,1.274,1.280,1.260,1.265,37263200,47286184.00
20220311,1.256,1.275,1.237,1.272,40625300,50860476.00
20220314,1.255,1.255,1.223,1.223,35763200,44361352.00
20220315,1.208,1.216,1.159,1.161,41599800,49383616.00
20220316,1.170,1.200,1.142,1.195,44755500,52254228.00
20220317,1.220,1.250,1.218,1.230,57929400,71180968.00
20220318,1.231,1.245,1.220,1.238,37459963,46042744.00
20220321,1.239,1.246,1.222,1.232,42118400,51949768.00
20220322,1.224,1.239,1.224,1.230,44133200,54265024.00
20220323,1.232,1.241,1.222,1.235,35541400,43794824.00
20220324,1.229,1.229,1.214,1.220,30497900,37171788.00
20220325,1.220,1.224,1.193,1.195,35377600,42788944.00
20220328,1.177,1.184,1.159,1.180,35969600,42127384.00
20220329,1.180,1.190,1.170,1.174,23416300,27584912.00
20220330,1.178,1.216,1.178,1.214,22104000,26389660.00
20220331,1.208,1.218,1.206,1.209,26014200,31477824.00
20220401,1.207,1.245,1.200,1.237,34381300,42240184.00
20220406,1.230,1.241,1.219,1.227,37014400,45450312.00
20220407,1.219,1.234,1.211,1.215,31810700,38837416.00
20220408,1.216,1.219,1.206,1.214,30295100,36715812.00
20220411,1.211,1.211,1.180,1.185,42005000,49977340.00
20220412,1.187,1.236,1.183,1.235,42890500,51527640.00
20220413,1.225,1.239,1.221,1.226,28333600,34808568.00
20220414,1.235,1.277,1.233,1.270,57481600,72264376.00
20220415,1.261,1.277,1.253,1.269,43380500,55047584.00
20220418,1.260,1.261,1.246,1.260,30098400,37752732.00
20220419,1.262,1.273,1.244,1.253,29538200,37166736.00
20220420,1.256,1.279,1.240,1.262,42964400,53952380.00
20220421,1.255,1.264,1.230,1.243,43642800,54521860.00
20220422,1.229,1.255,1.214,1.245,37583200,46320008.00
20220425,1.220,1.244,1.199,1.200,40648700,49854016.00
20220426,1.202,1.224,1.195,1.203,46893900,56662524.00
20220427,1.197,1.228,1.192,1.225,46135400,55962960.00
20220428,1.221,1.234,1.217,1.231,46622100,57133180.00
20220429,1.242,1.255,1.221,1.248,52690600,65312388.00
20220505,1.250,1.275,1.248,1.262,44256100,55925744.00
20220506,1.243,1.243,1.223,1.229,35329000,43581516.00
20220509,1.220,1.225,1.201,1.212,26553388,32167256.00
20220510,1.197,1.229,1.188,1.225,31578662,38276380.00
20220511,1.227,1.244,1.220,1.230,57072600,70196920.00
20220512,1.227,1.236,1.219,1.228,38942938,47841680.00
20220513,1.228,1.241,1.220,1.230,42175600,51819184.00
20220516,1.235,1.245,1.216,1.222,42251623,51885404.00
20220517,1.222,1.229,1.219,1.228,35444076,43407468.00
20220518,1.228,1.229,1.209,1.220,36678100,44707700.00
20220519,1.204,1.210,1.200,1.209,35665200,42977828.00
20220520,1.213,1.245,1.209,1.244,53801800,66227248.00
20220523,1.240,1.243,1.217,1.220,56577900,69263104.00
20220524,1.222,1.222,1.198,1.199,45713000,55231596.00
20220525,1.198,1.206,1.194,1.206,42650900,51165572.00
20220526,1.207,1.210,1.187,1.201,41724000,49942928.00
20220527,1.207,1.222,1.197,1.200,49666200,60130816.00
20220530,1.206,1.226,1.206,1.221,51312500,62521320.00
20220531,1.225,1.253,1.215,1.249,72986300,90399272.00
20220601,1.252,1.253,1.236,1.242,40917100,50937028.00
20220602,1.236,1.242,1.230,1.237,46787000,57741744.00
20220606,1.234,1.249,1.219,1.248,50569946,62479796.00
20220607,1.248,1.269,1.240,1.261,64341100,81043296.00
20220608,1.261,1.288,1.260,1.275,59365600,75504992.00
20220609,1.275,1.284,1.259,1.263,48955900,62118660.00
20220610,1.257,1.275,1.252,1.273,50415700,63538408.00
20220613,1.266,1.268,1.244,1.253,51304700,64409256.00
20220614,1.243,1.267,1.240,1.264,55601400,69476040.00
20220615,1.264,1.303,1.261,1.285,68413623,87539088.00
20220616,1.285,1.300,1.282,1.290,49626700,64166312.00
20220617,1.281,1.318,1.280,1.317,92159400,120076872.00
20220620,1.317,1.344,1.314,1.330,61317200,81402064.00
20220621,1.330,1.346,1.320,1.327,78286400,104693000.00
20220622,1.329,1.332,1.307,1.309,55925100,73743824.00
20220623,1.306,1.323,1.306,1.321,70428800,92575072.00
20220624,1.321,1.354,1.321,1.352,66511400,89346008.00
20220627,1.359,1.399,1.359,1.384,106765200,148063552.00
20220628,1.383,1.397,1.376,1.396,54962200,76150200.00
20220629,1.396,1.401,1.377,1.380,57045200,79319392.00
20220630,1.386,1.433,1.380,1.425,90064100,127263376.00
20220701,1.424,1.429,1.400,1.411,74001800,104339952.00
20220704,1.403,1.419,1.394,1.417,62263100,87721184.00
20220705,1.422,1.433,1.394,1.409,63044100,88878224.00
20220706,1.401,1.407,1.371,1.379,87843800,121916752.00
20220707,1.379,1.382,1.360,1.373,102686300,140645680.00
20220708,1.377,1.385,1.367,1.375,62115697,85464728.00
20220711,1.371,1.372,1.351,1.367,98184200,133601088.00
20220712,1.363,1.380,1.352,1.360,76013900,103698928.00
20220713,1.360,1.374,1.357,1.366,58964200,80549824.00
20220714,1.368,1.368,1.345,1.352,57227500,77512296.00
20220715,1.350,1.371,1.338,1.339,56626700,76684976.00
20220718,1.339,1.346,1.314,1.340,81700500,108589584.00
20220719,1.340,1.347,1.328,1.342,47765300,63792236.00
20220720,1.347,1.362,1.343,1.349,56830600,76877560.00
20220721,1.350,1.350,1.334,1.336,44755000,60046460.00
20220722,1.335,1.345,1.322,1.336,51706600,69041328.00
20220725,1.334,1.348,1.331,1.346,69484900,93216344.00
20220726,1.347,1.362,1.347,1.356,40174700,54459144.00
20220727,1.353,1.353,1.332,1.338,72684500,97342512.00
20220728,1.339,1.353,1.332,1.333,48491478,65141536.00
20220729,1.328,1.336,1.300,1.310,76572100,100762872.00
20220801,1.304,1.312,1.293,1.305,41143300,53659560.00
20220802,1.296,1.296,1.276,1.286,67458100,86811880.00
20220803,1.287,1.298,1.268,1.271,74320900,95017576.00
20220804,1.277,1.288,1.272,1.288,54365900,69505640.00
20220805,1.285,1.302,1.281,1.300,60480600,77955440.00
20220808,1.293,1.299,1.284,1.288,44565200,57498072.00
20220809,1.286,1.290,1.281,1.287,32037500,41215400.00
20220810,1.287,1.289,1.262,1.268,50155500,63860696.00
20220811,1.270,1.292,1.270,1.291,39240600,50268592.00
20220812,1.291,1.300,1.286,1.296,44199200,57130680.00
20220815,1.290,1.299,1.284,1.287,42445900,54703928.00
20220816,1.288,1.291,1.277,1.281,61508700,78851216.00
20220817,1.281,1.295,1.272,1.293,51732900,66524056.00
20220818,1.290,1.290,1.268,1.272,46480700,59229032.00
20220819,1.272,1.280,1.267,1.275,39330000,50114936.00
20220822,1.272,1.285,1.268,1.279,47519700,60719596.00
20220823,1.276,1.280,1.263,1.267,48886700,61966444.00
20220824,1.265,1.268,1.254,1.255,49027200,61837972.00
20220825,1.253,1.275,1.253,1.274,57102100,72177616.00
20220826,1.275,1.292,1.275,1.280,50546400,64985224.00
20220829,1.276,1.281,1.268,1.273,47585100,60599156.00
20220830,1.268,1.275,1.260,1.272,43796100,55499344.00
20220831,1.270,1.298,1.267,1.291,55855100,71778224.00
20220901,1.285,1.295,1.279,1.282,46051500,59323768.00
20220902,1.285,1.285,1.258,1.267,60746400,76965912.00
20220905,1.265,1.265,1.241,1.252,53141522,66283100.00
20220906,1.251,1.262,1.246,1.257,51513300,64531732.00
20220907,1.253,1.254,1.242,1.246,51969100,64702872.00
20220908,1.246,1.258,1.246,1.251,46550600,58339840.00
20220909,1.252,1.278,1.247,1.276,52949100,67050604.00
20220913,1.280,1.298,1.278,1.290,62077400,80000776.00
20220914,1.275,1.290,1.273,1.288,58642400,75272232.00
20220915,1.287,1.302,1.281,1.289,59956000,77595888.00
20220916,1.281,1.290,1.263,1.265,77752100,99274752.00
20220919,1.265,1.279,1.255,1.270,62183400,78777248.00
20220920,1.273,1.275,1.257,1.271,46735700,59136516.00
20220921,1.267,1.271,1.249,1.251,66872600,83971440.00
20220922,1.245,1.245,1.225,1.228,78681500,96918480.00
20220923,1.227,1.236,1.216,1.227,57768600,70843328.00
20220926,1.224,1.254,1.220,1.239,46453800,57626620.00
20220927,1.239,1.278,1.232,1.275,56705900,71073952.00
20220928,1.269,1.281,1.264,1.265,64781900,82568952.00
20220929,1.277,1.279,1.249,1.256,68247700,86071760.00
20220930,1.259,1.266,1.247,1.248,51653300,64856296.00
20221010,1.248,1.251,1.206,1.209,81893100,100578080.00
20221011,1.209,1.213,1.193,1.205,58744300,70571352.00
20221012,1.201,1.204,1.167,1.202,52249900,61894780.00
20221013,1.193,1.198,1.183,1.186,45468400,54091904.00
20221014,1.192,1.217,1.191,1.212,74984100,90588696.00
20221017,1.209,1.209,1.192,1.203,75350000,90402560.00
20221018,1.211,1.217,1.201,1.205,41812100,50535804.00
20221019,1.204,1.204,1.163,1.165,101294200,119489928.00
20221020,1.154,1.170,1.146,1.155,61359700,70914936.00
20221021,1.153,1.153,1.130,1.137,59489100,67943384.00
20221024,1.130,1.133,1.083,1.089,65256300,71976648.00
20221025,1.076,1.098,1.074,1.080,47659800,51598008.00
20221026,1.085,1.101,1.074,1.080,54656000,59516972.00
20221027,1.084,1.087,1.051,1.052,68573500,73369624.00
20221028,1.044,1.047,1.023,1.026,62757100,65169016.00
20221031,1.006,1.025,0.999,1.003,56507100,56997720.00
20221101,1.003,1.058,1.003,1.057,71587900,73512448.00
20221102,1.055,1.091,1.053,1.080,77261100,82376408.00
20221103,1.065,1.068,1.057,1.064,49728200,52884632.00
20221104,1.064,1.120,1.063,1.113,85043000,93301792.00
20221107,1.108,1.123,1.099,1.115,64589000,71719464.00
20221108,1.115,1.121,1.095,1.102,59152500,65558332.00
20221109,1.104,1.111,1.091,1.093,43062200,47319272.00
20221110,1.082,1.102,1.081,1.098,52998600,57768568.00
20221111,1.131,1.149,1.114,1.136,102340400,115441360.00
20221114,1.145,1.166,1.134,1.138,74522900,85775008.00
20221115,1.136,1.166,1.130,1.161,82973000,95335704.00
20221116,1.162,1.173,1.155,1.159,55096500,64052192.00
20221117,1.153,1.164,1.142,1.153,61347700,70587360.00
20221118,1.155,1.161,1.147,1.151,63467400,73170592.00
20221121,1.140,1.140,1.113,1.126,60140100,67406592.00
20221122,1.126,1.141,1.118,1.125,65155489,73275872.00
20221123,1.123,1.128,1.116,1.119,47267500,52970788.00
20221124,1.122,1.131,1.107,1.111,53776600,60027964.00
20221125,1.110,1.121,1.106,1.117,54329400,60478712.00
20221128,1.095,1.117,1.081,1.117,64060200,69943656.00
20221129,1.127,1.163,1.127,1.162,73665136,84539456.00
20221130,1.162,1.175,1.154,1.163,53001300,61721940.00
20221201,1.195,1.215,1.191,1.194,98526255,118355448.00
20221202,1.193,1.202,1.184,1.191,41954900,50072808.00
20221205,1.210,1.225,1.208,1.219,65782300,80084976.00
20221206,1.220,1.260,1.211,1.243,102118800,126760232.00
20221207,1.243,1.268,1.235,1.248,103493720,129113880.00
20221208,1.251,1.253,1.234,1.249,72838800,90711808.00
20221209,1.248,1.280,1.239,1.278,89635159,112318152.00
20221212,1.269,1.283,1.260,1.264,52494700,66693388.00
20221213,1.263,1.272,1.252,1.265,43868000,55481500.00
20221214,1.264,1.293,1.261,1.286,60685800,77644016.00
20221215,1.292,1.300,1.275,1.279,47625336,61225796.00
20221216,1.273,1.284,1.268,1.283,47968000,61218060.00
20221219,1.284,1.293,1.265,1.270,54294900,69468664.00
20221220,1.261,1.272,1.221,1.235,59603900,74339752.00
20221221,1.234,1.251,1.234,1.243,94605300,117775440.00
20221222,1.249,1.279,1.249,1.265,56522925,71507912.00
20221223,1.262,1.280,1.251,1.268,51434000,65257432.00
20221226,1.268,1.275,1.252,1.255,48639100,61669616.00
20221227,1.266,1.278,1.256,1.272,40647900,51561584.00
20221228,1.272,1.272,1.258,1.268,44089800,55754144.00
20221229,1.263,1.263,1.247,1.257,45027000,56454196.00
20221230,1.257,1.270,1.254,1.264,205440300,260205248.00
20230103,1.264,1.268,1.243,1.250,77177400,96453968.00
20230104,1.250,1.265,1.245,1.257,66751300,83799152.00
20230105,1.262,1.306,1.262,1.301,72876041,94378968.00
20230106,1.301,1.308,1.294,1.303,68032441,88483104.00
20230109,1.310,1.321,1.301,1.318,55602900,72891976.00
20230110,1.317,1.334,1.314,1.333,55686100,73889352.00
20230111,1.333,1.335,1.317,1.323,59444400,78843432.00
20230112,1.322,1.329,1.310,1.315,54696800,72057080.00
20230113,1.312,1.349,1.312,1.345,64653400,86176064.00
20230116,1.350,1.392,1.350,1.377,70738000,97426112.00
20230117,1.377,1.381,1.365,1.370,96887800,132841560.00
20230118,1.372,1.388,1.357,1.360,55155800,75533312.00
20230119,1.360,1.360,1.342,1.357,66840600,90383664.00
20230120,1.360,1.375,1.355,1.358,61773500,84106232.00
20230130,1.388,1.396,1.360,1.362,74930500,102819192.00
20230131,1.362,1.368,1.329,1.333,79959600,107561848.00
20230201,1.332,1.339,1.314,1.337,56568600,75134840.00
20230202,1.339,1.348,1.330,1.345,63362600,84843496.00
20230203,1.339,1.339,1.317,1.329,71135000,94206984.00
20230206,1.306,1.310,1.290,1.302,119664700,155474592.00
20230207,1.300,1.313,1.300,1.308,68290200,89310992.00
20230208,1.308,1.314,1.298,1.301,53107800,69307856.00
20230209,1.298,1.326,1.298,1.325,54490901,71857968.00
20230210,1.324,1.329,1.316,1.324,50102700,66208552.00
20230213,1.324,1.364,1.322,1.358,103144800,139166416.00
20230214,1.358,1.359,1.344,1.348,43659600,58936484.00
20230215,1.347,1.353,1.335,1.340,57906600,77665472.00
20230216,1.337,1.357,1.325,1.338,73403700,98749336.00
20230217,1.335,1.353,1.325,1.328,107567700,144395616.00
20230220,1.324,1.366,1.323,1.364,63812400,85496584.00
20230221,1.363,1.364,1.350,1.359,66340200,89891096.00
20230222,1.355,1.362,1.346,1.351,49594300,67026216.00
20230223,1.347,1.362,1.335,1.345,55977800,75389440.00
20230224,1.344,1.345,1.320,1.329,62131700,82561216.00
20230227,1.317,1.337,1.314,1.332,56571200,75123104.00
20230228,1.333,1.344,1.322,1.335,68345800,90829672.00
20230301,1.334,1.354,1.329,1.348,53694100,72100064.00
20230302,1.347,1.353,1.342,1.345,48062300,64768968.00
20230303,1.348,1.360,1.335,1.345,59261900,79596672.00
20230306,1.345,1.345,1.328,1.333,53579700,71501728.00
20230307,1.333,1.333,1.303,1.307,74186300,97784064.00
20230308,1.303,1.307,1.294,1.299,45637100,59329576.00
20230309,1.298,1.300,1.277,1.290,151595900,195482896.00
20230310,1.283,1.292,1.268,1.269,60723000,77670976.00
20230313,1.270,1.295,1.269,1.291,63688300,82113760.00
20230314,1.291,1.292,1.273,1.280,50483800,64660668.00
20230315,1.291,1.293,1.271,1.272,46606000,59698956.00
20230316,1.270,1.284,1.262,1.272,55005800,70022256.00
20230317,1.277,1.282,1.259,1.265,61157200,77785840.00
20230320,1.265,1.265,1.244,1.246,56015800,69971392.00
20230321,1.247,1.281,1.247,1.277,49892900,63022176.00
20230322,1.279,1.291,1.273,1.275,42916800,54968968.00
20230323,1.273,1.289,1.267,1.279,59345500,75964384.00
20230324,1.279,1.289,1.274,1.279,46132500,59053512.00
20230327,1.279,1.282,1.265,1.269,53829500,68369368.00
20230328,1.269,1.279,1.267,1.276,70833200,90245424.00
20230329,1.278,1.285,1.275,1.280,54450200,69653800.00
20230330,1.282,1.304,1.275,1.304,72249200,93197400.00
20230331,1.310,1.312,1.291,1.295,67361200,87494024.00
20230403,1.290,1.299,1.282,1.291,53881800,69546664.00
20230404,1.291,1.297,1.280,1.292,57061600,73453392.00
20230406,1.283,1.292,1.269,1.275,57717498,73614784.00
20230407,1.270,1.288,1.268,1.281,62368600,79914720.00
20230410,1.281,1.282,1.253,1.269,55787200,70389160.00
20230411,1.266,1.274,1.255,1.259,76495100,96613624.00
20230412,1.260,1.262,1.238,1.241,71561200,89105520.00
20230413,1.240,1.245,1.231,1.243,83168322,103016376.00
20230414,1.244,1.245,1.229,1.232,60799600,75081024.00
20230417,1.238,1.253,1.235,1.253,47672200,59381464.00
20230418,1.250,1.263,1.250,1.262,54759441,68856304.00
20230419,1.261,1.261,1.241,1.246,60654300,75643440.00
20230420,1.246,1.250,1.232,1.237,55047800,68251872.00
20230421,1.236,1.244,1.223,1.223,55871100,68934072.00
20230424,1.223,1.225,1.198,1.206,91749600,110833608.00
20230425,1.206,1.210,1.191,1.210,68444900,82192136.00
20230426,1.208,1.210,1.192,1.206,78921600,94936424.00
20230427,1.206,1.219,1.198,1.214,131710100,158830080.00
20230428,1.220,1.230,1.216,1.223,60258400,73627960.00
20230504,1.222,1.222,1.199,1.202,49056100,59265720.00
20230505,1.205,1.208,1.193,1.205,56196000,67457616.00
20230508,1.205,1.211,1.191,1.194,65369100,78152664.00
20230509,1.194,1.207,1.186,1.194,54885700,65646704.00
20230510,1.190,1.194,1.181,1.193,56145100,66756228.00
20230511,1.194,1.198,1.183,1.186,34013500,40496476.00
20230512,1.186,1.197,1.176,1.178,38550800,45707316.00
20230515,1.179,1.188,1.171,1.187,50753500,59712264.00
20230516,1.189,1.189,1.171,1.176,44497500,52310496.00
20230517,1.173,1.176,1.163,1.166,45067500,52694708.00
20230518,1.165,1.171,1.156,1.160,44229300,51475044.00
20230519,1.159,1.176,1.151,1.173,49099900,57187876.00
20230522,1.171,1.209,1.169,1.206,90301923,108057728.00
20230523,1.203,1.207,1.192,1.193,76701946,92032592.00
20230524,1.191,1.192,1.174,1.175,68550000,81184824.00
20230525,1.172,1.172,1.157,1.165,83393100,97135552.00
20230526,1.165,1.171,1.153,1.165,82360500,95709768.00
20230529,1.165,1.170,1.147,1.153,72408500,83708160.00
20230530,1.153,1.158,1.131,1.143,92059700,105206048.00
20230531,1.138,1.140,1.115,1.122,90976100,102204960.00
20230601,1.119,1.144,1.118,1.126,81567400,92140752.00
20230602,1.130,1.156,1.127,1.154,74341800,85108056.00
20230605,1.149,1.154,1.139,1.143,55514700,63531124.00
20230606,1.143,1.158,1.135,1.141,49758300,56986272.00
20230607,1.142,1.150,1.133,1.137,68267700,77880976.00
20230608,1.134,1.150,1.130,1.144,68851400,78238704.00
20230609,1.147,1.151,1.138,1.142,62743200,71736240.00
20230612,1.141,1.174,1.136,1.168,95703200,110422872.00
20230613,1.167,1.177,1.160,1.169,80411300,93990928.00
20230614,1.171,1.194,1.169,1.186,146861300,174395872.00
20230615,1.191,1.208,1.185,1.204,79029800,94553336.00
20230616,1.205,1.218,1.202,1.214,68407000,82663496.00
20230619,1.215,1.215,1.189,1.192,75469500,90680864.00
20230620,1.189,1.200,1.184,1.185,55657600,66301480.00
20230621,1.184,1.189,1.173,1.175,58708100,69385816.00
20230626,1.167,1.167,1.148,1.154,67479800,77960312.00
20230627,1.153,1.169,1.153,1.168,57679900,67051656.00
20230628,1.168,1.176,1.162,1.172,48237500,56443960.00
20230629,1.173,1.174,1.157,1.162,52260000,60815028.00
20230630,1.158,1.168,1.156,1.162,44071600,51215300.00
20230703,1.162,1.182,1.158,1.181,76978200,90440624.00
20230704,1.182,1.186,1.171,1.180,237459700,280353376.00
20230705,1.175,1.177,1.161,1.165,55927400,65182216.00
20230706,1.163,1.173,1.154,1.156,59673300,69362080.00
20230707,1.154,1.160,1.151,1.155,37090300,42861432.00
20230710,1.160,1.171,1.158,1.162,43474600,50623436.00
20230711,1.162,1.167,1.158,1.165,41596500,48339896.00
20230712,1.168,1.171,1.161,1.163,42074423,49077392.00
20230713,1.172,1.188,1.170,1.186,43085700,50937096.00
20230714,1.190,1.194,1.176,1.182,59677900,70503776.00
20230717,1.180,1.180,1.166,1.172,38396300,44872700.00
20230718,1.173,1.174,1.164,1.166,52590200,61345932.00
20230719,1.164,1.170,1.161,1.168,50363100,58649596.00
20230720,1.169,1.182,1.166,1.168,44600100,52432692.00
20230721,1.167,1.190,1.167,1.182,50941500,60069836.00
20230724,1.178,1.180,1.166,1.169,54956500,64303016.00
20230725,1.187,1.211,1.187,1.208,71192793,85733264.00
20230726,1.208,1.213,1.201,1.209,51819772,62581872.00
20230727,1.211,1.221,1.206,1.211,58372200,70904752.00
20230728,1.210,1.242,1.206,1.236,64628256,79325000.00
20230731,1.247,1.268,1.240,1.246,86679800,108655296.00
20230801,1.246,1.252,1.228,1.235,92627500,115303520.00
20230802,1.229,1.236,1.220,1.227,51571500,63330588.00
20230803,1.223,1.232,1.215,1.230,98697700,120705056.00
20230804,1.239,1.245,1.230,1.231,60911300,75331584.00
20230807,1.224,1.229,1.214,1.219,92372100,112617584.00
20230808,1.213,1.222,1.207,1.217,77397800,93990120.00
20230809,1.212,1.219,1.211,1.215,75010400,91152536.00
20230810,1.213,1.217,1.202,1.212,66245600,80128792.00
20230811,1.215,1.217,1.188,1.189,55269200,66236616.00
20230814,1.178,1.181,1.160,1.176,108224100,126611536.00
20230815,1.176,1.178,1.162,1.171,46996700,54962636.00
20230816,1.171,1.177,1.166,1.170,48887500,57262436.00
20230817,1.169,1.184,1.160,1.183,53611800,62820040.00
20230818,1.182,1.182,1.158,1.159,53561700,62493964.00
20230821,1.160,1.162,1.145,1.147,49266700,56874068.00
20230822,1.146,1.152,1.130,1.144,57419500,65416176.00
20230823,1.142,1.146,1.127,1.130,45186500,51356964.00
20230824,1.133,1.150,1.128,1.147,54200700,61706660.00
20230825,1.145,1.150,1.139,1.146,45365200,51876288.00
20230828,1.215,1.215,1.141,1.144,43660100,50492608.00
20230829,1.140,1.159,1.137,1.156,37459800,43118824.00
20230830,1.156,1.166,1.153,1.158,37414200,43308632.00
20230831,1.159,1.160,1.148,1.150,34345600,39586904.00
20230901,1.155,1.169,1.155,1.164,49828222,58029912.00
20230904,1.170,1.190,1.170,1.187,39982300,47261448.00
20230905,1.183,1.186,1.175,1.177,19297600,22763984.00
20230906,1.177,1.177,1.170,1.176,33527700,39350504.00
20230907,1.176,1.176,1.159,1.161,60309700,70189320.00
20230908,1.158,1.158,1.148,1.152,43683500,50324916.00
20230911,1.152,1.166,1.148,1.162,35084048,40620908.00
20230912,1.156,1.166,1.156,1.164,27643900,32133848.00
20230913,1.163,1.169,1.152,1.158,39505800,45786524.00
20230914,1.158,1.162,1.146,1.155,37766500,43512280.00
20230915,1.152,1.157,1.141,1.144,27910900,32064714.00
20230918,1.144,1.158,1.134,1.157,30621500,35248272.00
20230919,1.157,1.157,1.146,1.154,31144500,35835220.00
20230920,1.154,1.157,1.150,1.152,22266900,25688304.00
20230921,1.152,1.153,1.136,1.138,38939000,44419276.00
20230922,1.138,1.157,1.132,1.156,28063000,32131928.00
20230925,1.157,1.157,1.148,1.151,24648800,28407764.00
20230926,1.151,1.154,1.142,1.145,28393700,32543596.00
20230927,1.140,1.156,1.140,1.145,24352900,27949036.00
20230928,1.148,1.148,1.131,1.134,34920600,39634764.00
20231009,1.133,1.133,1.110,1.120,49104100,54843812.00
20231010,1.118,1.129,1.111,1.113,20581600,23032648.00
20231011,1.113,1.121,1.111,1.115,38157200,42563016.00
20231012,1.120,1.125,1.113,1.120,39366900,44028776.00
20231013,1.113,1.115,1.098,1.103,37113800,40926448.00
20231016,1.100,1.103,1.086,1.090,35273700,38505592.00
20231017,1.091,1.095,1.084,1.093,34469900,37607400.00
20231018,1.090,1.097,1.085,1.086,34027100,37104712.00
20231019,1.082,1.082,1.053,1.056,45925100,48755528.00
20231020,1.051,1.060,1.045,1.050,42359500,44520200.00
20231023,1.050,1.058,1.037,1.045,27731100,29014042.00
20231024,1.049,1.052,1.037,1.050,34724000,36285040.00
20231025,1.064,1.073,1.062,1.065,31199500,33287226.00
20231026,1.061,1.072,1.058,1.071,40406700,42940296.00
20231027,1.071,1.095,1.066,1.091,45383800,49122964.00
20231030,1.094,1.102,1.091,1.100,52434900,57535288.00
20231031,1.102,1.105,1.094,1.100,33252300,36532408.00
20231101,1.129,1.135,1.113,1.115,51324100,57408508.00
20231102,1.114,1.124,1.108,1.110,39884800,44380448.00
20231103,1.110,1.123,1.110,1.121,63720500,71315744.00
20231106,1.124,1.127,1.115,1.122,36251700,40583808.00
20231107,1.118,1.120,1.111,1.117,38557600,43029868.00
20231108,1.117,1.120,1.109,1.117,31478200,35068456.00
20231109,1.116,1.119,1.111,1.116,32502600,36244044.00
20231110,1.115,1.115,1.105,1.109,30589300,33898132.00
20231113,1.108,1.111,1.093,1.102,36656500,40302372.00
20231114,1.102,1.110,1.097,1.103,41249600,45451856.00
20231115,1.108,1.112,1.104,1.107,37512100,41542728.00
20231116,1.107,1.109,1.098,1.101,32186800,35432724.00
20231117,1.099,1.099,1.087,1.094,39286100,42831508.00
20231120,1.093,1.106,1.088,1.102,43791700,48077208.00
20231121,1.106,1.116,1.103,1.108,40875500,45471332.00
20231122,1.108,1.109,1.102,1.102,32365600,35783168.00
20231123,1.103,1.108,1.096,1.108,40368600,44406908.00
20231124,1.108,1.109,1.102,1.108,42605600,47108244.00
20231127,1.108,1.108,1.088,1.094,37003700,40431352.00
20231128,1.095,1.098,1.090,1.095,32055600,35046932.00
20231129,1.094,1.094,1.085,1.090,30933100,33680408.00
20231130,1.090,1.098,1.087,1.097,37185000,40661220.00
20231201,1.099,1.099,1.074,1.081,46223100,50033632.00
20231204,1.080,1.083,1.073,1.078,43489900,46969952.00
20231205,1.078,1.078,1.059,1.060,43597900,46676560.00
20231206,1.057,1.070,1.052,1.063,38498000,40896132.00
20231207,1.065,1.065,1.053,1.060,42432500,44896808.00
20231208,1.060,1.063,1.056,1.058,49862800,52829168.00
20231211,1.051,1.060,1.036,1.059,60460700,63259132.00
20231212,1.054,1.062,1.052,1.061,31345700,33139590.00
20231213,1.061,1.061,1.035,1.035,41735100,43474264.00
20231214,1.038,1.044,1.028,1.030,39082200,40409968.00
20231215,1.029,1.045,1.028,1.029,44338900,45854424.00
20231218,1.026,1.034,1.022,1.031,49965300,51481140.00
20231219,1.032,1.032,1.023,1.029,41826700,42982096.00
20231220,1.030,1.031,1.016,1.017,43523900,44467036.00
20231221,1.013,1.034,1.013,1.033,46472600,47714344.00
20231222,1.031,1.043,1.027,1.039,43282300,44839444.00
20231225,1.039,1.043,1.037,1.043,33979900,35326700.00
20231226,1.044,1.044,1.034,1.037,35002200,36293432.00
20231227,1.036,1.047,1.034,1.044,40837700,42496864.00
20231228,1.046,1.075,1.044,1.069,58724100,62590708.00
20231229,1.069,1.075,1.064,1.072,45863300,49003264.00
20240102,1.070,1.071,1.057,1.058,44061000,46722728.00
20240103,1.058,1.062,1.048,1.055,47319700,49825400.00
20240104,1.055,1.055,1.037,1.048,56308900,58786600.00
20240105,1.047,1.056,1.041,1.046,40212800,42154052.00
20240108,1.046,1.048,1.030,1.030,52156400,54025552.00
20240109,1.029,1.040,1.027,1.038,49299000,50988704.00
20240110,1.037,1.050,1.033,1.042,57871000,60295656.00
20240111,1.042,1.049,1.037,1.045,69257000,72358704.00
20240112,1.044,1.051,1.037,1.044,34996800,36577608.00
20240115,1.043,1.050,1.038,1.044,38560700,40299216.00
20240116,1.043,1.050,1.037,1.050,51108200,53349840.00
20240117,1.050,1.050,1.028,1.028,48184827,50050232.00
20240118,1.025,1.045,1.010,1.039,61588900,62866944.00
20240119,1.036,1.046,1.031,1.042,50778700,52769808.00
20240122,1.041,1.041,1.014,1.022,46421300,47844072.00
20240123,1.021,1.027,1.011,1.021,54195200,55179948.00
20240124,1.025,1.033,1.009,1.030,56839200,57988212.00
20240125,1.030,1.041,1.025,1.039,46600600,48157760.00
20240126,1.038,1.044,1.034,1.042,42026400,43632324.00
20240129,1.043,1.061,1.043,1.050,45531700,47920796.00
20240130,1.050,1.050,1.032,1.034,48793700,50697556.00
20240131,1.031,1.033,1.018,1.026,64752000,66420808.00
20240201,1.021,1.035,1.018,1.029,41971200,43087896.00
20240202,1.028,1.041,1.002,1.024,78089100,80081664.00
20240205,1.024,1.045,1.011,1.038,54895800,56359992.00
20240206,1.038,1.070,1.034,1.069,49755700,52678748.00
20240207,1.070,1.088,1.060,1.087,55054900,59290068.00
20240208,1.088,1.100,1.076,1.085,65027184,70425104.00
20240219,1.097,1.100,1.080,1.085,76237500,82700752.00
20240220,1.086,1.095,1.080,1.093,45941800,49986852.00
20240221,1.090,1.122,1.085,1.110,68370600,75858336.00
20240222,1.109,1.113,1.102,1.111,44552200,49388580.00
20240223,1.110,1.114,1.102,1.107,61653700,68283104.00
20240226,1.111,1.117,1.103,1.104,48218400,53418456.00
20240227,1.103,1.113,1.100,1.112,54410100,60249700.00
20240228,1.109,1.118,1.105,1.105,50546500,56179576.00
20240229,1.103,1.123,1.101,1.122,69554200,77452592.00
20240301,1.119,1.126,1.115,1.123,40136200,44966352.00
20240304,1.121,1.129,1.114,1.120,51022500,57130500.00
20240305,1.120,1.132,1.114,1.129,56422500,63326108.00
20240306,1.130,1.133,1.121,1.123,47556400,53507212.00
20240307,1.124,1.136,1.123,1.127,78497600,88626112.00
20240308,1.122,1.129,1.117,1.124,36801100,41260704.00
20240311,1.121,1.135,1.120,1.135,45045800,50759528.00
20240312,1.135,1.150,1.131,1.150,44880970,51188464.00
20240313,1.148,1.148,1.136,1.142,40637200,46363892.00
20240314,1.137,1.149,1.134,1.139,45199100,51524284.00
20240315,1.139,1.143,1.129,1.137,41206200,46705640.00
20240318,1.136,1.138,1.124,1.131,68948900,77790184.00
20240319,1.131,1.142,1.128,1.135,56344300,63954988.00
20240320,1.132,1.135,1.126,1.131,36761000,41597552.00
20240321,1.135,1.135,1.124,1.129,42761200,48319536.00
20240322,1.129,1.129,1.114,1.123,39458400,44161456.00
20240325,1.124,1.128,1.114,1.120,34514400,38735064.00
20240326,1.117,1.128,1.117,1.128,73206100,82269816.00
20240327,1.127,1.134,1.121,1.121,54474500,61393208.00
20240328,1.121,1.138,1.117,1.129,40599300,45893480.00
20240329,1.129,1.134,1.124,1.131,36048700,40674392.00
20240401,1.131,1.158,1.131,1.155,33959000,39105960.00
20240402,1.156,1.158,1.147,1.150,38900100,44755728.00
20240403,1.152,1.160,1.149,1.156,33873200,39094136.00
20240408,1.150,1.158,1.130,1.130,52173800,59260908.00
20240409,1.131,1.134,1.122,1.124,36636000,41250144.00
20240410,1.122,1.127,1.111,1.115,34497500,38586520.00
20240411,1.115,1.118,1.106,1.113,36707900,40860248.00
20240412,1.116,1.119,1.101,1.104,29951700,33272900.00
20240415,1.101,1.130,1.101,1.129,45586900,51125420.00
20240416,1.129,1.139,1.121,1.128,54561700,61678960.00
20240417,1.130,1.134,1.119,1.134,44090000,49571284.00
20240418,1.133,1.156,1.129,1.146,147383200,168979728.00
20240419,1.141,1.143,1.130,1.137,32671500,37109616.00
20240422,1.137,1.158,1.137,1.149,38922200,44786528.00
20240423,1.148,1.151,1.137,1.149,164932200,189076416.00
20240424,1.150,1.150,1.132,1.145,40437800,46080636.00
20240425,1.137,1.148,1.137,1.146,28553800,32627096.00
20240426,1.146,1.161,1.146,1.157,39796700,45940720.00
20240429,1.155,1.177,1.150,1.167,34498000,40245572.00
20240430,1.167,1.195,1.167,1.180,45865800,54387000.00
20240506,1.190,1.209,1.190,1.207,34826228,41889932.00
20240507,1.204,1.208,1.200,1.203,39425100,47487540.00
20240508,1.204,1.205,1.198,1.199,41024500,49279360.00
20240509,1.198,1.212,1.198,1.210,56157000,67813928.00
20240510,1.210,1.215,1.201,1.211,58505200,70649584.00
20240513,1.206,1.214,1.198,1.212,47865100,57839724.00
20240514,1.212,1.212,1.197,1.202,155024700,186457440.00
20240515,1.207,1.207,1.198,1.201,29383700,35324576.00
20240516,1.199,1.205,1.194,1.200,30088773,36130580.00
20240517,1.198,1.209,1.189,1.206,27384900,32804656.00
20240520,1.209,1.219,1.203,1.208,124073600,149656256.00
20240521,1.203,1.212,1.200,1.205,25947300,31274580.00
20240522,1.202,1.207,1.195,1.196,22870600,27410640.00
20240523,1.191,1.199,1.185,1.190,108374300,128699472.00
20240524,1.187,1.193,1.180,1.182,33455100,39647448.00
20240527,1.182,1.192,1.178,1.192,22341300,26539420.00
20240528,1.193,1.193,1.179,1.179,21867100,25844728.00
20240529,1.178,1.183,1.175,1.177,19277820,22718472.00
20240530,1.177,1.177,1.162,1.165,22613680,26425192.00
20240531,1.169,1.170,1.158,1.160,18498600,21514524.00
20240603,1.162,1.173,1.156,1.164,20364700,23705462.00
20240604,1.163,1.175,1.157,1.174,50173500,58639060.00
20240605,1.176,1.176,1.160,1.162,17569100,20526076.00
20240606,1.157,1.171,1.157,1.165,26486200,30868220.00
20240607,1.166,1.168,1.148,1.154,23049300,26601016.00
20240611,1.148,1.152,1.133,1.139,27573500,31398740.00
20240612,1.140,1.143,1.137,1.140,14390900,16408152.00
20240613,1.140,1.142,1.120,1.125,26176400,29528192.00
20240614,1.119,1.138,1.118,1.137,32031000,36103976.00
20240617,1.127,1.130,1.119,1.123,28271200,31755684.00
20240618,1.123,1.127,1.113,1.115,30021500,33550068.00
20240619,1.116,1.116,1.101,1.107,30415800,33620564.00
20240620,1.105,1.110,1.096,1.097,31987100,35199508.00
20240621,1.097,1.100,1.085,1.093,27299100,29776300.00
20240624,1.082,1.103,1.078,1.092,37134300,40558480.00
20240625,1.092,1.103,1.089,1.093,24714747,27097060.00
20240626,1.094,1.094,1.086,1.092,20749000,22618324.00
20240627,1.087,1.090,1.074,1.080,22216800,23982892.00
20240628,1.075,1.084,1.070,1.074,21368000,23048112.00
20240701,1.071,1.072,1.060,1.068,21544300,23010512.00
20240702,1.068,1.070,1.059,1.063,28590800,30454538.00
20240703,1.062,1.070,1.061,1.063,23242000,24760860.00
20240704,1.060,1.070,1.055,1.057,25489500,27065932.00
20240705,1.055,1.060,1.037,1.048,27842800,29119576.00
20240708,1.047,1.047,1.035,1.038,18669700,19414024.00
20240709,1.032,1.044,1.029,1.038,27735600,28696788.00
20240710,1.037,1.046,1.034,1.036,18079900,18779684.00
20240711,1.045,1.057,1.036,1.055,32218000,33794336.00
20240712,1.055,1.065,1.053,1.061,17533200,18575888.00
20240715,1.059,1.059,1.049,1.054,23678600,24955840.00
20240716,1.055,1.055,1.046,1.051,22563900,23683800.00
20240717,1.050,1.060,1.039,1.059,30796230,32306522.00
20240718,1.057,1.068,1.054,1.068,34807600,37053240.00
20240719,1.066,1.074,1.055,1.071,24441600,26080704.00
20240722,1.073,1.074,1.056,1.061,28630700,30408166.00
20240723,1.061,1.061,1.026,1.027,32931700,34216288.00
20240724,1.027,1.029,1.004,1.009,28921700,29276132.00
20240725,1.004,1.013,1.000,1.006,23321500,23438430.00
20240726,1.016,1.029,1.016,1.027,20731600,21227008.00
20240729,1.025,1.029,1.014,1.014,19009600,19356648.00
20240730,1.014,1.014,0.994,1.000,24486600,24460200.00
20240731,0.999,1.040,0.998,1.039,32476600,33264448.00
20240801,1.040,1.040,1.021,1.023,31239000,32081900.00
20240802,1.019,1.030,1.014,1.017,21555500,22003444.00
20240805,1.017,1.042,1.016,1.019,28414900,29166764.00
20240806,1.018,1.026,1.007,1.016,31366700,31779948.00
20240807,1.018,1.024,1.008,1.017,21022700,21349896.00
20240808,1.016,1.036,1.013,1.027,24658100,25286324.00
20240809,1.035,1.036,1.021,1.021,17046200,17517080.00
20240812,1.019,1.029,1.018,1.025,21293500,21819776.00
20240813,1.026,1.026,1.012,1.018,18623500,18910180.00
20240814,1.016,1.016,1.006,1.007,16883500,17034798.00
20240815,1.004,1.020,1.001,1.012,24157000,24450076.00
20240816,1.013,1.016,1.007,1.014,17644800,17862568.00
20240819,1.013,1.030,1.010,1.013,18733800,19079742.00
20240820,1.013,1.015,1.005,1.008,28616500,28852464.00
20240821,1.008,1.010,1.000,1.005,18478700,18580868.00
20240822,1.008,1.008,0.999,1.004,16286600,16329523.00
20240823,1.004,1.018,1.003,1.015,24147200,24448992.00
20240826,1.015,1.018,1.009,1.013,15203400,15396830.00
20240827,1.013,1.013,1.003,1.008,15994300,16097396.00
20240828,1.008,1.008,0.986,0.993,29063100,28873616.00
20240829,0.986,0.999,0.985,0.997,17063800,16950332.00
20240830,0.991,1.031,0.986,1.020,30370600,30787546.00
20240902,1.016,1.016,0.998,0.998,20947100,21055704.00
20240903,1.000,1.015,0.998,1.012,16851400,17010814.00
20240904,1.011,1.016,1.006,1.006,15075700,15235409.00
20240905,1.006,1.011,1.000,1.006,29215000,29338622.00
20240906,1.006,1.008,0.991,0.992,23695700,23639142.00
20240909,0.989,0.990,0.972,0.975,26427200,25858156.00
20240910,0.971,0.977,0.969,0.972,22304100,21711346.00
20240911,0.972,0.984,0.962,0.978,25733400,25124474.00
20240912,0.982,0.985,0.967,0.968,18474200,18001506.00
20240913,0.962,0.973,0.960,0.963,26346600,25459346.00
20240918,0.964,0.971,0.959,0.968,17416700,16809200.00
20240919,0.962,0.989,0.961,0.978,33146400,32342568.00
20240920,0.979,0.983,0.971,0.982,20296100,19798660.00
20240923,0.982,0.999,0.981,0.986,22908800,22687360.00
20240924,0.993,1.027,0.980,1.026,54810500,55093004.00
20240925,1.030,1.062,1.030,1.040,93225800,97940376.00
20240926,1.038,1.124,1.038,1.123,59057600,63863604.00
20240927,1.144,1.180,1.142,1.175,47121200,54394640.00
20240930,1.241,1.290,1.190,1.279,127010000,157078160.00
20241008,1.407,1.407,1.277,1.344,189581700,253926304.00
20241009,1.299,1.299,1.210,1.210,125432200,153659344.00
20241010,1.205,1.247,1.196,1.224,81339800,99620352.00
20241011,1.220,1.223,1.184,1.197,46511300,55964628.00
20241014,1.197,1.217,1.180,1.210,39828900,47874152.00
20241015,1.211,1.211,1.170,1.171,48428900,57772096.00
20241016,1.154,1.168,1.144,1.151,33818900,39039160.00
20241017,1.156,1.164,1.130,1.131,33018100,37930840.00
20241018,1.130,1.184,1.124,1.165,62987100,72032720.00
20241021,1.165,1.172,1.145,1.161,62869600,72957080.00
20241022,1.163,1.189,1.161,1.181,86597200,102235120.00
20241023,1.197,1.198,1.179,1.188,62949800,74818528.00
20241024,1.180,1.185,1.170,1.175,30016000,35302428.00
20241025,1.168,1.187,1.168,1.179,38556900,45323396.00
20241028,1.182,1.189,1.166,1.186,108630800,128178896.00
20241029,1.185,1.198,1.167,1.170,64085100,75637160.00
20241030,1.165,1.174,1.147,1.154,51287000,59435924.00
20241031,1.153,1.155,1.133,1.144,36079000,41247608.00
20241101,1.143,1.159,1.137,1.151,55348100,63619160.00
20241104,1.158,1.164,1.146,1.163,30268577,34968944.00
20241105,1.158,1.182,1.151,1.182,53397000,62452272.00
20241106,1.182,1.184,1.160,1.167,83584300,97676840.00
20241107,1.161,1.218,1.159,1.218,194164100,232349296.00
20241108,1.250,1.250,1.193,1.206,157913200,191359008.00
20241111,1.193,1.194,1.170,1.194,107633800,127331168.00
20241112,1.195,1.218,1.185,1.196,80048700,96184696.00
20241113,1.189,1.198,1.184,1.195,57328790,68358120.00
20241114,1.194,1.203,1.181,1.184,49613100,59148576.00
20241115,1.184,1.188,1.166,1.171,85440100,100714384.00
20241118,1.171,1.176,1.151,1.157,40893700,47701520.00
20241119,1.158,1.163,1.140,1.156,41607300,47949064.00
20241120,1.156,1.162,1.150,1.160,38906000,44932624.00
20241121,1.157,1.160,1.150,1.156,24190700,27920816.00
20241122,1.158,1.161,1.126,1.128,49203400,56272908.00
20241125,1.126,1.143,1.118,1.123,39626100,44781312.00
20241126,1.120,1.136,1.117,1.129,30964700,34982472.00
20241127,1.129,1.146,1.123,1.145,33143700,37711064.00
20241128,1.147,1.148,1.129,1.133,30340600,34454076.00
20241129,1.136,1.160,1.134,1.146,53472100,61323580.00
数据来源:通达信
