516010 游戏ETF 日线 后复权
      日期	    开盘	    最高	    最低	    收盘	    成交量	    成交额
20210305,0.989,1.018,0.983,1.015,306573300,309373184.00
20210308,1.027,1.049,1.011,1.013,168687900,174625552.00
20210309,1.003,1.015,0.974,0.998,43733000,43793388.00
20210310,0.995,1.000,0.960,0.963,36379200,35377432.00
20210311,0.970,0.995,0.958,0.989,28621600,28151836.00
20210312,0.986,0.986,0.963,0.967,25265600,24475564.00
20210315,0.955,0.960,0.922,0.925,34574200,32246176.00
20210316,0.918,0.934,0.916,0.932,18777100,17447020.00
20210317,0.930,0.941,0.921,0.938,24453200,22810716.00
20210318,0.939,0.943,0.929,0.936,28700200,26811662.00
20210319,0.929,0.934,0.909,0.915,26593800,24446148.00
20210322,0.914,0.924,0.912,0.922,30920700,28402172.00
20210323,0.923,0.930,0.914,0.926,28825800,26624376.00
20210324,0.926,0.933,0.917,0.929,22649300,20938836.00
20210325,0.929,0.941,0.919,0.930,20161900,18774382.00
20210326,0.928,0.938,0.922,0.932,22257600,20698040.00
20210329,0.932,0.932,0.922,0.924,22592100,20906872.00
20210330,0.924,0.924,0.912,0.914,26943900,24650064.00
20210331,0.914,0.925,0.914,0.922,28025400,25822600.00
20210401,0.922,0.923,0.913,0.921,24507700,22479024.00
20210402,0.923,0.930,0.918,0.929,26614000,24676384.00
20210406,0.929,0.947,0.921,0.946,27517100,25852786.00
20210407,0.946,0.946,0.934,0.943,29291900,27494704.00
20210408,0.943,0.947,0.932,0.936,26490900,24855286.00
20210409,0.932,0.938,0.930,0.938,27849700,25989716.00
20210412,0.936,0.936,0.909,0.912,27520300,25233240.00
20210413,0.912,0.921,0.910,0.911,24555900,22477176.00
20210414,0.911,0.923,0.911,0.922,24813900,22748044.00
20210415,0.922,0.922,0.912,0.918,22076900,20254256.00
20210416,0.919,0.935,0.917,0.933,33012900,30758492.00
20210419,0.929,0.940,0.925,0.939,34702400,32512566.00
20210420,0.930,0.962,0.930,0.949,32708900,31241928.00
20210421,0.949,0.950,0.943,0.945,30239700,28610640.00
20210422,0.945,0.951,0.945,0.949,29895800,28349532.00
20210423,0.948,0.955,0.948,0.954,27965400,26619712.00
20210426,0.954,0.956,0.939,0.940,27837800,26464384.00
20210427,0.939,0.947,0.930,0.935,30276700,28313152.00
20210428,0.935,0.941,0.927,0.936,24827300,23264068.00
20210429,0.936,0.946,0.930,0.940,27719700,26064108.00
20210430,0.941,0.944,0.920,0.927,29422700,27299672.00
20210506,0.925,0.926,0.913,0.918,25707000,23584038.00
20210507,0.917,0.928,0.912,0.915,38219900,35061132.00
20210510,0.915,0.921,0.909,0.913,27290000,24938420.00
20210511,0.910,0.917,0.899,0.913,31246300,28361428.00
20210512,0.913,0.935,0.904,0.929,39762400,36725808.00
20210513,0.924,0.944,0.923,0.934,26933600,25240940.00
20210514,0.934,0.943,0.933,0.939,24348200,22825388.00
20210517,0.938,0.944,0.932,0.937,32166200,30195544.00
20210518,0.938,0.945,0.934,0.942,27463600,25796424.00
20210519,0.942,0.943,0.931,0.938,26361900,24765820.00
20210520,0.939,0.958,0.927,0.953,38399000,35977168.00
20210521,0.955,0.964,0.946,0.946,35287900,33750032.00
20210524,0.946,0.955,0.941,0.955,27117100,25792114.00
20210525,0.954,0.967,0.951,0.965,34517700,33168280.00
20210526,0.965,0.979,0.965,0.970,32675400,31676972.00
20210527,0.975,0.982,0.970,0.979,33722300,33002348.00
20210528,0.987,0.987,0.966,0.973,37336400,36288964.00
20210531,0.968,0.980,0.964,0.977,39824700,38883396.00
20210601,0.982,0.983,0.971,0.980,28527400,27957284.00
20210602,0.979,0.987,0.969,0.970,29816200,29144776.00
20210603,0.970,0.998,0.970,0.981,33162200,32779072.00
20210604,0.979,0.997,0.979,0.995,37035300,36745732.00
20210607,0.996,1.010,0.995,1.010,36478500,36590344.00
20210608,1.009,1.023,1.000,1.022,60132200,61182064.00
20210609,1.017,1.026,1.016,1.023,40512900,41406304.00
20210610,1.030,1.034,1.019,1.032,41953200,43227036.00
20210611,1.037,1.037,1.011,1.012,32727700,33551068.00
20210615,1.010,1.016,1.002,1.009,37032200,37457128.00
20210616,1.009,1.009,0.988,0.991,30755500,30642598.00
20210617,0.981,1.000,0.980,0.988,29558000,29133560.00
20210618,0.990,0.994,0.975,0.993,29102600,28638024.00
20210621,0.992,1.015,0.986,1.015,43442600,43746168.00
20210622,1.016,1.021,0.999,1.004,32177500,32415890.00
20210623,1.004,1.018,0.996,1.016,34032900,34405328.00
20210624,1.016,1.016,0.995,0.997,29969700,29975544.00
20210625,0.997,1.000,0.983,0.992,27518300,27174956.00
20210628,0.992,1.002,0.992,0.996,29272700,29141940.00
20210629,0.995,0.999,0.984,0.986,31168900,30958064.00
20210630,0.986,0.987,0.975,0.981,28118200,27511088.00
20210701,0.980,0.984,0.970,0.971,32281900,31583900.00
20210702,0.972,0.985,0.972,0.974,28632000,28012554.00
20210705,0.973,0.980,0.959,0.963,28122800,27233492.00
20210706,0.964,0.970,0.950,0.969,29590600,28471520.00
20210707,0.966,0.970,0.959,0.969,27302700,26348044.00
20210708,0.969,0.969,0.948,0.951,26544200,25279516.00
20210709,0.952,0.964,0.949,0.955,25963000,24776216.00
20210712,0.952,0.969,0.942,0.965,25140900,24121920.00
20210713,0.965,0.985,0.965,0.973,27428500,26788688.00
20210714,0.974,0.992,0.966,0.969,31157700,30230052.00
20210715,0.969,0.969,0.944,0.956,27962900,26624488.00
20210716,0.956,0.971,0.953,0.967,29320900,28196300.00
20210719,0.966,0.966,0.949,0.957,28612000,27285616.00
20210720,0.955,0.955,0.947,0.954,27126600,25765772.00
20210721,0.954,0.964,0.954,0.958,28197400,27069812.00
20210722,0.959,0.962,0.952,0.959,29351400,28149044.00
20210723,0.958,0.960,0.931,0.933,30662500,28704564.00
20210726,0.937,0.938,0.878,0.883,37612600,33818584.00
20210727,0.878,0.895,0.857,0.859,30998800,27170312.00
20210728,0.857,0.868,0.837,0.843,27284300,23029336.00
20210729,0.847,0.863,0.847,0.861,31245200,26755836.00
20210730,0.861,0.866,0.849,0.862,26642500,22934900.00
20210802,0.862,0.879,0.853,0.879,27769400,24110140.00
20210803,0.870,0.873,0.855,0.858,37267300,32117580.00
20210804,0.848,0.859,0.842,0.855,33974200,29015240.00
20210805,0.855,0.859,0.835,0.837,33781500,28408702.00
20210806,0.837,0.838,0.822,0.830,31750700,26256216.00
20210809,0.829,0.844,0.825,0.844,31141400,26072576.00
20210810,0.844,0.851,0.837,0.848,36069600,30345498.00
20210811,0.848,0.858,0.847,0.848,31131800,26534986.00
20210812,0.852,0.860,0.847,0.848,30198300,25699988.00
20210813,0.852,0.852,0.836,0.841,33955300,28559466.00
20210816,0.841,0.847,0.838,0.838,29781900,25040976.00
20210817,0.839,0.839,0.822,0.824,36061600,29991396.00
20210818,0.824,0.835,0.815,0.835,35602300,29225722.00
20210819,0.827,0.842,0.827,0.837,30835200,25869016.00
20210820,0.837,0.837,0.811,0.820,31967100,26174630.00
20210823,0.825,0.837,0.823,0.836,27987300,23243168.00
20210824,0.836,0.840,0.827,0.831,29349200,24338130.00
20210825,0.830,0.854,0.830,0.853,36372300,30889040.00
20210826,0.850,0.850,0.836,0.838,30454200,25529672.00
20210827,0.838,0.838,0.830,0.832,29454900,24527192.00
20210830,0.832,0.849,0.826,0.833,25645200,21349070.00
20210831,0.810,0.830,0.810,0.821,35465400,29067302.00
20210901,0.821,0.874,0.815,0.874,48313100,41408296.00
20210902,0.870,0.879,0.861,0.869,38978400,33921996.00
20210903,0.865,0.882,0.864,0.877,34023100,29613842.00
20210906,0.880,0.892,0.867,0.890,33937300,30107352.00
20210907,0.893,0.922,0.886,0.917,43005900,39078728.00
20210908,0.925,0.996,0.925,0.993,67388600,64856088.00
20210909,0.984,0.984,0.933,0.943,60394400,57291844.00
20210910,0.930,0.948,0.924,0.930,54072600,50391308.00
20210913,0.931,0.982,0.921,0.965,66933900,64291672.00
20210914,0.951,0.968,0.938,0.942,43092400,41054680.00
20210915,0.935,0.954,0.934,0.949,38689100,36621888.00
20210916,0.949,0.963,0.935,0.949,38412400,36414300.00
20210917,0.949,0.949,0.914,0.925,42518000,39328264.00
20210922,0.920,0.921,0.904,0.912,44678700,40735716.00
20210923,0.925,0.937,0.916,0.929,43535300,40508256.00
20210924,0.934,0.945,0.924,0.925,47474600,44472036.00
20210927,0.916,0.927,0.895,0.907,55583200,50464264.00
20210928,0.906,0.906,0.894,0.897,46010100,41242536.00
20210929,0.888,0.890,0.870,0.872,37043700,32455544.00
20210930,0.869,0.896,0.869,0.895,37903500,33822744.00
20211008,0.899,0.915,0.899,0.913,35009800,31775776.00
20211011,0.908,0.945,0.908,0.938,40870000,37572136.00
20211012,0.938,0.938,0.906,0.913,33544000,30827038.00
20211013,0.913,0.922,0.913,0.920,31827600,29185112.00
20211014,0.920,0.920,0.908,0.911,30737000,28039360.00
20211015,0.939,0.939,0.909,0.911,31176400,28494956.00
20211018,0.904,0.905,0.887,0.896,31875400,28447094.00
20211019,0.893,0.919,0.893,0.916,33719500,30720380.00
20211020,0.917,0.920,0.902,0.911,30754000,27909506.00
20211021,0.910,0.913,0.891,0.904,29117800,26425250.00
20211022,0.904,0.924,0.900,0.919,31941600,29232994.00
20211025,0.914,0.918,0.900,0.914,31507800,28745826.00
20211026,0.909,0.920,0.905,0.912,32577700,29604524.00
20211027,0.912,0.912,0.895,0.909,30678100,27704192.00
20211028,0.901,0.911,0.891,0.900,28814300,25890052.00
20211029,0.902,0.950,0.899,0.942,42033400,39294616.00
20211101,0.941,0.983,0.941,0.969,47611000,46109412.00
20211102,0.969,0.970,0.937,0.947,35139600,33562728.00
20211103,0.947,0.985,0.944,0.964,41573600,40315008.00
20211104,0.966,0.986,0.964,0.986,35781100,34867080.00
20211105,0.970,1.034,0.968,1.013,68376100,69366752.00
20211108,1.017,1.037,1.001,1.021,55665500,56916944.00
20211109,1.014,1.036,1.011,1.017,50858900,52121052.00
20211110,1.025,1.052,1.017,1.030,56406700,58445732.00
20211111,1.020,1.073,1.008,1.059,56903700,59335496.00
20211112,1.052,1.067,1.041,1.054,43452300,45939368.00
20211115,1.053,1.090,1.044,1.082,66063900,70746200.00
20211116,1.075,1.108,1.070,1.084,66895500,72489168.00
20211117,1.075,1.099,1.072,1.086,52434500,57109616.00
20211118,1.085,1.090,1.038,1.040,74375800,78423648.00
20211119,1.034,1.061,1.030,1.047,57083300,59997128.00
20211122,1.036,1.061,1.035,1.047,46379600,48715384.00
20211123,1.032,1.047,1.021,1.041,71421500,73884152.00
20211124,1.035,1.060,1.033,1.051,49323000,51594584.00
20211125,1.045,1.055,1.019,1.019,50896300,52679680.00
20211126,1.015,1.023,1.004,1.007,43322300,43748524.00
20211129,1.001,1.006,0.990,0.997,42047500,41923564.00
20211130,0.999,1.006,0.987,0.998,53874500,53735784.00
20211201,0.995,1.017,0.995,1.016,59055800,59524980.00
20211202,1.010,1.010,0.985,0.988,48224200,48003964.00
20211203,0.986,0.999,0.984,0.996,41338300,40975984.00
20211206,0.989,0.997,0.981,0.985,46126800,45588248.00
20211207,0.984,0.990,0.978,0.987,46207900,45481744.00
20211208,0.991,1.016,0.979,1.013,64067000,64104144.00
20211209,1.008,1.021,1.004,1.015,45358700,45963096.00
20211210,1.008,1.036,1.006,1.034,58349600,59730384.00
20211213,1.036,1.074,1.033,1.070,60225700,63932324.00
20211214,1.067,1.091,1.057,1.074,55656200,59890752.00
20211215,1.066,1.084,1.059,1.060,43824700,46845856.00
20211216,1.059,1.085,1.053,1.071,42007800,44903292.00
20211217,1.063,1.089,1.053,1.074,51549300,55390964.00
20211220,1.071,1.078,1.028,1.033,43197300,45435920.00
20211221,1.029,1.061,1.029,1.050,39925200,41803748.00
20211222,1.050,1.099,1.044,1.093,58472100,63165520.00
20211223,1.092,1.096,1.071,1.082,49567500,53584724.00
20211224,1.083,1.094,1.065,1.070,47423900,51060576.00
20211227,1.074,1.074,1.037,1.048,46658600,49092656.00
20211228,1.045,1.070,1.045,1.052,60153700,63578504.00
20211229,1.052,1.054,1.036,1.038,62550600,65200088.00
20211230,1.042,1.097,1.040,1.092,76004400,82224240.00
20211231,1.092,1.111,1.086,1.107,78652700,86500600.00
20220104,1.110,1.149,1.103,1.138,65322200,73829240.00
20220105,1.137,1.170,1.131,1.161,63042000,72612912.00
20220106,1.156,1.156,1.105,1.145,67875600,77485496.00
20220107,1.136,1.172,1.110,1.110,76267400,86804184.00
20220110,1.104,1.116,1.075,1.109,71470100,78481728.00
20220111,1.106,1.112,1.069,1.071,75203800,81654232.00
20220112,1.071,1.090,1.065,1.082,137322400,148548912.00
20220113,1.082,1.086,1.061,1.064,59337800,63650664.00
20220114,1.052,1.088,1.047,1.076,90559100,97307352.00
20220117,1.072,1.108,1.072,1.100,107108300,117492296.00
20220118,1.103,1.108,1.072,1.076,74475100,81268032.00
20220119,1.088,1.126,1.088,1.105,75182700,83223232.00
20220120,1.100,1.102,1.062,1.073,65280600,70399488.00
20220121,1.063,1.078,1.032,1.037,72677800,76079872.00
20220124,1.011,1.046,1.011,1.032,58033900,59775492.00
20220125,1.023,1.025,0.968,0.970,71945700,71403888.00
20220126,0.968,0.982,0.950,0.962,105261900,101450400.00
20220127,0.959,0.959,0.909,0.913,109685200,101736360.00
20220128,0.916,0.928,0.907,0.910,80426500,73845688.00
20220207,0.920,0.924,0.897,0.912,45784300,41852932.00
20220208,0.911,0.925,0.900,0.924,53132000,48665292.00
20220209,0.921,0.952,0.921,0.948,66809400,62837752.00
20220210,0.944,0.961,0.938,0.960,58036800,55377468.00
20220211,0.950,0.959,0.931,0.936,55850000,52758132.00
20220214,0.924,0.941,0.920,0.933,36524500,34140792.00
20220215,0.928,0.954,0.928,0.942,43374400,40821640.00
20220216,0.948,0.954,0.940,0.945,43981300,41598004.00
20220217,0.941,0.947,0.932,0.936,49197600,46296812.00
20220218,0.931,0.947,0.931,0.947,39205600,36843312.00
20220221,0.943,0.958,0.942,0.949,47729600,45540048.00
20220222,0.938,0.942,0.897,0.902,84006400,75973160.00
20220223,0.905,0.921,0.900,0.918,56785700,51979876.00
20220224,0.914,0.918,0.856,0.874,99324000,87949368.00
20220225,0.881,0.893,0.880,0.881,46500400,41221960.00
20220228,0.885,0.886,0.861,0.878,57747000,50161408.00
20220301,0.877,0.890,0.877,0.889,36480900,32296508.00
20220302,0.881,0.893,0.879,0.892,46775500,41532464.00
20220303,0.895,0.897,0.881,0.883,44950500,39761864.00
20220304,0.880,0.898,0.874,0.890,62081300,54812784.00
20220307,0.880,0.881,0.860,0.867,69601500,60317804.00
20220308,0.866,0.870,0.832,0.833,48712000,41311124.00
20220309,0.836,0.840,0.785,0.833,41405400,33780092.00
20220310,0.845,0.851,0.833,0.834,37552400,31686434.00
20220311,0.819,0.859,0.817,0.858,45240300,38143240.00
20220314,0.847,0.858,0.833,0.835,59318200,50182136.00
20220315,0.831,0.831,0.780,0.782,52195300,42289184.00
20220316,0.796,0.816,0.771,0.814,42691100,34142492.00
20220317,0.831,0.871,0.831,0.865,60012400,51787792.00
20220318,0.861,0.869,0.852,0.865,54423700,46751004.00
20220321,0.880,0.883,0.858,0.870,54280500,47056312.00
20220322,0.860,0.882,0.841,0.877,57807900,50052376.00
20220323,0.878,0.893,0.871,0.888,58643500,51938624.00
20220324,0.883,0.883,0.862,0.865,63267600,54958920.00
20220325,0.864,0.882,0.864,0.869,51580800,45020164.00
20220328,0.880,0.887,0.865,0.886,63147900,55515320.00
20220329,0.880,0.887,0.866,0.871,67146100,58681176.00
20220330,0.870,0.885,0.869,0.881,67446800,59224868.00
20220331,0.879,0.891,0.876,0.881,40562400,35798852.00
20220401,0.873,0.918,0.867,0.917,67593500,61013016.00
20220406,0.922,0.930,0.910,0.924,61422900,56572720.00
20220407,0.915,0.924,0.894,0.896,62916300,57264716.00
20220408,0.896,0.896,0.866,0.871,70394100,61432832.00
20220411,0.860,0.865,0.833,0.847,79593900,67316736.00
20220412,0.899,0.899,0.848,0.865,104484300,91054792.00
20220413,0.856,0.856,0.824,0.825,64493900,53916776.00
20220414,0.827,0.840,0.820,0.830,68305300,56772320.00
20220415,0.822,0.822,0.807,0.808,61761900,50173564.00
20220418,0.800,0.801,0.785,0.800,52526500,41647736.00
20220419,0.797,0.808,0.794,0.807,56948100,45588104.00
20220420,0.808,0.821,0.802,0.805,62015800,50358300.00
20220421,0.795,0.808,0.774,0.779,49046400,38837740.00
20220422,0.770,0.776,0.757,0.766,51176500,39231368.00
20220425,0.751,0.751,0.701,0.702,62378400,45271256.00
20220426,0.706,0.733,0.700,0.704,67657900,48642700.00
20220427,0.699,0.725,0.686,0.724,59593600,41916048.00
20220428,0.720,0.720,0.703,0.715,40822400,29075114.00
20220429,0.717,0.767,0.717,0.764,79588200,59465380.00
20220505,0.753,0.765,0.748,0.761,48671900,36976648.00
20220506,0.736,0.751,0.734,0.741,59691150,44255200.00
20220509,0.738,0.756,0.738,0.749,51493600,38492324.00
20220510,0.739,0.751,0.728,0.751,42821700,31870844.00
20220511,0.752,0.771,0.749,0.750,53960500,41122564.00
20220512,0.746,0.754,0.738,0.751,67945800,50712672.00
20220513,0.755,0.762,0.749,0.755,50161200,37730712.00
20220516,0.758,0.768,0.755,0.766,56159300,42762712.00
20220517,0.766,0.770,0.753,0.766,56964300,43400092.00
20220518,0.767,0.776,0.757,0.760,52191000,39798100.00
20220519,0.742,0.759,0.742,0.758,50452800,37985304.00
20220520,0.761,0.770,0.759,0.769,42950400,32730516.00
20220523,0.774,0.787,0.773,0.777,41669200,32332434.00
20220524,0.776,0.777,0.747,0.750,67026600,51570956.00
20220525,0.746,0.770,0.743,0.769,52981900,39842528.00
20220526,0.770,0.776,0.757,0.772,53062600,40789864.00
20220527,0.776,0.780,0.761,0.770,51075100,39441940.00
20220530,0.770,0.771,0.758,0.769,48786100,37208604.00
20220531,0.766,0.783,0.758,0.779,52544700,40545400.00
20220601,0.778,0.789,0.774,0.779,49509000,38656152.00
20220602,0.778,0.785,0.768,0.782,44081700,34082184.00
20220606,0.781,0.797,0.780,0.796,46908800,36901500.00
20220607,0.798,0.807,0.790,0.798,49375600,39462608.00
20220608,0.822,0.826,0.791,0.804,74665100,60255784.00
20220609,0.798,0.809,0.793,0.796,50971000,40813444.00
20220610,0.790,0.804,0.785,0.802,51464600,40951492.00
20220613,0.795,0.797,0.784,0.794,49529600,39232488.00
20220614,0.784,0.789,0.761,0.788,54699300,42299072.00
20220615,0.783,0.806,0.783,0.797,54539400,43310868.00
20220616,0.795,0.835,0.794,0.835,72872600,60065264.00
20220617,0.828,0.830,0.801,0.817,53871500,43762212.00
20220620,0.811,0.824,0.808,0.823,55668500,45456452.00
20220621,0.821,0.836,0.817,0.833,52839100,43512432.00
20220622,0.833,0.833,0.803,0.805,51350400,41951756.00
20220623,0.803,0.815,0.795,0.815,50403400,40437968.00
20220624,0.813,0.823,0.810,0.815,50880600,41535584.00
20220627,0.818,0.833,0.816,0.824,45620800,37697308.00
20220628,0.820,0.830,0.811,0.828,44675200,36620572.00
20220629,0.825,0.831,0.812,0.813,48047300,39624240.00
20220630,0.813,0.828,0.813,0.823,62455200,51445864.00
20220701,0.824,0.825,0.810,0.813,48615800,39659448.00
20220704,0.813,0.817,0.805,0.816,42637500,34541508.00
20220705,0.813,0.819,0.791,0.801,37567500,30061640.00
20220706,0.797,0.799,0.779,0.786,44989900,35514716.00
20220707,0.784,0.786,0.777,0.779,48126000,37588988.00
20220708,0.780,0.799,0.780,0.787,52482400,41545692.00
20220711,0.788,0.788,0.774,0.778,42832100,33371524.00
20220712,0.780,0.783,0.768,0.769,43388900,33543700.00
20220713,0.774,0.792,0.774,0.780,43520100,34101836.00
20220714,0.778,0.784,0.772,0.779,49683300,38667776.00
20220715,0.780,0.780,0.757,0.758,43772000,33659376.00
20220718,0.759,0.785,0.759,0.785,51866500,40151760.00
20220719,0.783,0.804,0.779,0.803,47284900,37350080.00
20220720,0.800,0.806,0.798,0.804,46138200,37008152.00
20220721,0.807,0.831,0.805,0.824,75854200,62011060.00
20220722,0.814,0.823,0.800,0.811,51920000,42111260.00
20220725,0.811,0.813,0.787,0.793,49312100,39492840.00
20220726,0.797,0.807,0.795,0.806,46658900,37412052.00
20220727,0.807,0.807,0.799,0.800,37485800,30062632.00
20220728,0.803,0.810,0.798,0.799,45709600,36827472.00
20220729,0.799,0.807,0.789,0.791,41856100,33448516.00
20220801,0.790,0.798,0.779,0.798,47651500,37845404.00
20220802,0.790,0.790,0.756,0.765,55227500,42460272.00
20220803,0.761,0.778,0.755,0.762,44505000,34247612.00
20220804,0.763,0.771,0.755,0.770,47844100,36469132.00
20220805,0.771,0.794,0.768,0.794,54060800,42554636.00
20220808,0.788,0.800,0.788,0.799,55236200,43867952.00
20220809,0.795,0.797,0.784,0.791,44409300,34962592.00
20220810,0.789,0.790,0.780,0.783,44525400,34969384.00
20220811,0.787,0.809,0.785,0.808,57918000,46225448.00
20220812,0.806,0.826,0.803,0.822,49706700,40460032.00
20220815,0.819,0.819,0.810,0.813,53357800,43414244.00
20220816,0.813,0.815,0.802,0.810,43317600,34923000.00
20220817,0.808,0.826,0.803,0.825,45435600,36850216.00
20220818,0.821,0.821,0.802,0.809,46248600,37312216.00
20220819,0.806,0.838,0.806,0.819,59427800,49353504.00
20220822,0.815,0.835,0.803,0.834,51083000,42166068.00
20220823,0.827,0.832,0.818,0.824,49362000,40569808.00
20220824,0.826,0.835,0.808,0.809,56636300,46571920.00
20220825,0.809,0.817,0.788,0.807,51880600,41593192.00
20220826,0.806,0.816,0.800,0.802,52698200,42688416.00
20220829,0.790,0.804,0.787,0.804,54624100,43381768.00
20220830,0.800,0.826,0.800,0.816,48868400,39856224.00
20220831,0.814,0.833,0.810,0.814,53303100,43793928.00
20220901,0.814,0.814,0.793,0.796,54202000,43635448.00
20220902,0.796,0.823,0.794,0.822,58186900,47421872.00
20220905,0.821,0.821,0.792,0.800,56243100,44971132.00
20220906,0.800,0.802,0.790,0.801,53928400,42819000.00
20220907,0.799,0.799,0.781,0.787,55739000,43910096.00
20220908,0.787,0.792,0.778,0.780,40448200,31711388.00
20220909,0.778,0.783,0.770,0.783,47510400,36839128.00
20220913,0.778,0.791,0.778,0.784,50891900,39915892.00
20220914,0.778,0.780,0.771,0.777,47149100,36617676.00
20220915,0.777,0.783,0.757,0.767,49500000,38077496.00
20220916,0.763,0.772,0.752,0.754,44683100,34155832.00
20220919,0.749,0.751,0.723,0.732,47575000,34801616.00
20220920,0.734,0.738,0.729,0.732,39978300,29302536.00
20220921,0.731,0.739,0.716,0.737,43769500,31796688.00
20220922,0.732,0.736,0.726,0.728,43525600,31824692.00
20220923,0.726,0.728,0.703,0.706,57859900,41331512.00
20220926,0.701,0.708,0.694,0.698,44078100,31007324.00
20220927,0.698,0.716,0.696,0.716,45411300,31844222.00
20220928,0.713,0.713,0.697,0.699,49516400,34805080.00
20220929,0.702,0.706,0.684,0.689,46111400,31953998.00
20220930,0.688,0.694,0.684,0.688,44251000,30487344.00
20221010,0.694,0.695,0.673,0.679,43914300,29914820.00
20221011,0.672,0.674,0.658,0.668,45228300,30064198.00
20221012,0.668,0.685,0.660,0.685,49760200,33201892.00
20221013,0.677,0.692,0.674,0.683,58087800,39714200.00
20221014,0.688,0.701,0.687,0.697,46669600,32514412.00
20221017,0.695,0.708,0.692,0.704,49763800,35061512.00
20221018,0.708,0.708,0.700,0.702,31345200,22033040.00
20221019,0.701,0.703,0.692,0.692,45212500,31457162.00
20221020,0.691,0.705,0.689,0.699,51476700,35971472.00
20221021,0.702,0.702,0.687,0.689,44525500,30762972.00
20221024,0.688,0.702,0.667,0.672,44676300,30647432.00
20221025,0.671,0.676,0.658,0.665,44225100,29459436.00
20221026,0.667,0.688,0.667,0.682,38970700,26620206.00
20221027,0.684,0.704,0.684,0.701,45210800,31583106.00
20221028,0.701,0.701,0.665,0.667,56326100,38381236.00
20221031,0.665,0.689,0.665,0.680,46166400,31445352.00
20221101,0.680,0.699,0.677,0.698,47483200,32767912.00
20221102,0.712,0.729,0.712,0.718,51937300,37508092.00
20221103,0.710,0.713,0.700,0.704,54418600,38334264.00
20221104,0.703,0.722,0.703,0.719,55915500,39943176.00
20221107,0.715,0.741,0.715,0.739,68660600,50108504.00
20221108,0.739,0.739,0.729,0.736,49984300,36633996.00
20221109,0.734,0.741,0.731,0.733,41766400,30683156.00
20221110,0.728,0.749,0.726,0.746,55704800,41390752.00
20221111,0.754,0.762,0.744,0.745,50383900,37866624.00
20221114,0.748,0.758,0.747,0.752,52311500,39390872.00
20221115,0.752,0.761,0.751,0.760,45269200,34214404.00
20221116,0.760,0.775,0.760,0.769,45208000,34813648.00
20221117,0.808,0.813,0.783,0.809,83123500,66297656.00
20221118,0.810,0.850,0.801,0.809,86596900,71808976.00
20221121,0.799,0.810,0.777,0.784,75896100,59531992.00
20221122,0.777,0.788,0.768,0.773,54207700,42268088.00
20221123,0.774,0.776,0.754,0.771,55581600,42376080.00
20221124,0.764,0.772,0.756,0.759,47102800,35848636.00
20221125,0.755,0.763,0.751,0.760,47265300,35843624.00
20221128,0.745,0.754,0.738,0.751,62388400,46726456.00
20221129,0.749,0.769,0.749,0.767,73617100,55957488.00
20221130,0.767,0.781,0.765,0.770,76102000,58885416.00
20221201,0.773,0.784,0.773,0.778,69336600,53981672.00
20221202,0.774,0.793,0.774,0.783,75133500,59143652.00
20221205,0.789,0.795,0.784,0.793,77428400,61093848.00
20221206,0.790,0.790,0.777,0.780,71414700,55924212.00
20221207,0.778,0.790,0.773,0.782,77122100,60047800.00
20221208,0.783,0.785,0.772,0.781,59156500,46055548.00
20221209,0.781,0.784,0.771,0.777,68251500,52897016.00
20221212,0.774,0.779,0.764,0.764,61372400,47156556.00
20221213,0.764,0.781,0.762,0.772,60991200,47123748.00
20221214,0.770,0.778,0.764,0.772,65831500,50797252.00
20221215,0.774,0.781,0.766,0.767,45705500,35326724.00
20221216,0.765,0.769,0.756,0.758,60441100,45894088.00
20221219,0.760,0.762,0.740,0.745,38780300,28993038.00
20221220,0.745,0.750,0.733,0.737,65172571,48330272.00
20221221,0.733,0.742,0.728,0.733,56671100,41536324.00
20221222,0.734,0.758,0.734,0.741,66577600,49860964.00
20221223,0.736,0.758,0.734,0.753,63553500,47724948.00
20221226,0.759,0.759,0.745,0.749,60954600,45699680.00
20221227,0.751,0.752,0.740,0.746,30891300,23011136.00
20221228,0.743,0.751,0.733,0.748,63473300,47246700.00
20221229,0.759,0.767,0.744,0.744,53617900,40439308.00
20221230,0.742,0.765,0.741,0.765,57038100,43320024.00
20230103,0.763,0.787,0.759,0.786,70962800,54932640.00
20230104,0.785,0.806,0.779,0.801,82510200,65617320.00
20230105,0.801,0.827,0.801,0.809,73353000,59528232.00
20230106,0.804,0.810,0.795,0.800,59406400,47472592.00
20230109,0.801,0.815,0.801,0.809,62283500,50460192.00
20230110,0.808,0.826,0.804,0.824,76382500,62571052.00
20230111,0.822,0.826,0.803,0.803,63419500,51587592.00
20230112,0.804,0.810,0.796,0.805,58409300,46930328.00
20230113,0.805,0.808,0.800,0.807,62612000,50344828.00
20230116,0.812,0.815,0.805,0.812,72296500,58610132.00
20230117,0.810,0.811,0.801,0.804,51411900,41354912.00
20230118,0.814,0.832,0.814,0.826,81122500,67050420.00
20230119,0.820,0.835,0.814,0.835,71596800,59208544.00
20230120,0.834,0.837,0.826,0.834,65797400,54720504.00
20230130,0.841,0.847,0.829,0.831,76110900,63482232.00
20230131,0.825,0.834,0.822,0.833,67173100,55609120.00
20230201,0.832,0.853,0.828,0.852,85230000,71316712.00
20230202,0.852,0.875,0.850,0.866,91281600,79001184.00
20230203,0.861,0.878,0.858,0.874,75410400,65563912.00
20230206,0.871,0.899,0.864,0.892,93971300,83323400.00
20230207,0.892,0.919,0.880,0.914,98188700,88831696.00
20230208,0.909,0.910,0.887,0.888,85962600,76950016.00
20230209,0.883,0.917,0.874,0.916,78969400,71113856.00
20230210,0.914,0.935,0.905,0.908,81320100,74896816.00
20230213,0.905,0.928,0.901,0.928,69129200,63592712.00
20230214,0.925,0.932,0.912,0.916,81128700,74376656.00
20230215,0.916,0.940,0.912,0.939,90036700,83532456.00
20230216,0.935,0.974,0.928,0.933,114212100,109335912.00
20230217,0.936,0.950,0.906,0.906,98620700,90872248.00
20230220,0.909,0.958,0.909,0.956,122824300,115638896.00
20230221,0.953,0.955,0.923,0.934,109971400,102775832.00
20230222,0.926,0.932,0.908,0.923,98939100,90972080.00
20230223,0.921,0.923,0.899,0.903,85299200,77339568.00
20230224,0.903,0.911,0.897,0.907,70995900,64378672.00
20230227,0.900,0.913,0.887,0.891,66669100,59635184.00
20230228,0.895,0.900,0.880,0.896,57729400,51320040.00
20230301,0.892,0.942,0.892,0.938,92303300,85574192.00
20230302,0.934,0.962,0.932,0.957,90707200,85891192.00
20230303,0.951,0.959,0.932,0.950,94070900,88731056.00
20230306,0.946,0.951,0.936,0.939,77159800,72655984.00
20230307,0.936,0.943,0.910,0.912,86769500,80031528.00
20230308,0.911,0.928,0.908,0.924,58109800,53424932.00
20230309,0.923,0.923,0.904,0.915,65036800,59348212.00
20230310,0.904,0.917,0.901,0.901,86348700,78390728.00
20230313,0.899,0.922,0.891,0.920,66859700,60645968.00
20230314,0.919,0.934,0.904,0.916,62052400,56941032.00
20230315,0.918,0.928,0.906,0.908,64396700,58789540.00
20230316,0.906,0.928,0.887,0.916,98095500,89153784.00
20230317,0.916,0.969,0.916,0.966,103328750,98537928.00
20230320,0.993,1.038,0.990,1.014,142217900,145309408.00
20230321,1.004,1.053,1.000,1.044,95867800,99022864.00
20230322,1.039,1.084,1.027,1.079,133244918,140709664.00
20230323,1.077,1.090,1.064,1.087,91037800,98260440.00
20230324,1.085,1.156,1.082,1.156,98475500,110704560.00
20230327,1.145,1.188,1.123,1.161,98439400,113901936.00
20230328,1.144,1.164,1.122,1.130,71681800,81709560.00
20230329,1.125,1.147,1.107,1.124,67119100,75653504.00
20230330,1.111,1.136,1.099,1.116,63534000,71066152.00
20230331,1.113,1.214,1.103,1.206,129591901,150693520.00
20230403,1.189,1.309,1.188,1.302,152540001,192131488.00
20230404,1.289,1.341,1.266,1.302,153022500,202253456.00
20230406,1.262,1.299,1.248,1.281,109383900,138998352.00
20230407,1.278,1.356,1.253,1.352,156955100,206385472.00
20230410,1.355,1.360,1.238,1.246,194100900,252864112.00
20230411,1.247,1.352,1.247,1.312,159768100,208337680.00
20230412,1.302,1.415,1.299,1.410,129788200,176370128.00
20230413,1.404,1.425,1.365,1.371,114870800,160998976.00
20230414,1.359,1.395,1.291,1.348,116513500,157219920.00
20230417,1.323,1.334,1.288,1.297,102828100,134454960.00
20230418,1.285,1.326,1.246,1.308,139640800,179308496.00
20230419,1.289,1.347,1.285,1.311,133657200,177186288.00
20230420,1.293,1.398,1.291,1.395,135736200,183851936.00
20230421,1.403,1.428,1.342,1.344,153593100,213062192.00
20230424,1.329,1.445,1.321,1.429,151764600,211670448.00
20230425,1.416,1.491,1.392,1.476,162379700,234538320.00
20230426,1.457,1.527,1.400,1.477,160637858,234487584.00
20230427,1.438,1.465,1.342,1.377,149164600,209293920.00
20230428,1.360,1.515,1.360,1.515,162256100,238768256.00
20230504,1.557,1.625,1.532,1.617,197562000,310180192.00
20230505,1.550,1.597,1.526,1.535,227953500,354448192.00
20230508,1.526,1.563,1.476,1.528,127286651,193424912.00
20230509,1.491,1.539,1.455,1.460,155009749,231250464.00
20230510,1.447,1.488,1.380,1.419,192640781,274966944.00
20230511,1.419,1.490,1.416,1.446,145742700,211531632.00
20230512,1.426,1.447,1.365,1.369,143467500,200232160.00
20230515,1.370,1.390,1.317,1.361,144615500,194934080.00
20230516,1.370,1.398,1.302,1.311,163217400,219616768.00
20230517,1.282,1.357,1.282,1.330,96800100,128498480.00
20230518,1.320,1.406,1.312,1.398,141717900,195128048.00
20230519,1.385,1.428,1.361,1.365,103329365,143428592.00
20230522,1.345,1.373,1.297,1.333,178253000,237978160.00
20230523,1.335,1.360,1.305,1.314,84789000,112856296.00
20230524,1.296,1.353,1.285,1.340,128410500,169010464.00
20230525,1.334,1.358,1.255,1.298,159827200,207781792.00
20230526,1.291,1.335,1.276,1.328,123961200,162305568.00
20230529,1.337,1.415,1.318,1.369,142591159,194652064.00
20230530,1.344,1.460,1.315,1.453,219113500,307332448.00
20230531,1.451,1.497,1.435,1.473,139313950,204601280.00
20230601,1.457,1.543,1.450,1.507,113725972,171421792.00
20230602,1.513,1.537,1.494,1.500,96615222,145934976.00
20230605,1.489,1.537,1.478,1.530,116324713,175948704.00
20230606,1.519,1.565,1.470,1.491,148818500,225671952.00
20230607,1.475,1.509,1.457,1.485,95158300,140922208.00
20230608,1.486,1.486,1.417,1.442,129783543,186320528.00
20230609,1.439,1.536,1.430,1.535,213666657,316847456.00
20230612,1.527,1.548,1.511,1.520,99267457,151702496.00
20230613,1.510,1.576,1.510,1.547,123871257,192154912.00
20230614,1.534,1.599,1.534,1.563,121542700,189716464.00
20230615,1.573,1.594,1.538,1.550,114759900,179247776.00
20230616,1.536,1.602,1.510,1.585,146925100,230190768.00
20230619,1.585,1.619,1.576,1.617,113813700,181653872.00
20230620,1.613,1.689,1.598,1.667,132973400,221064800.00
20230621,1.630,1.640,1.508,1.512,192563434,302016768.00
20230626,1.480,1.520,1.416,1.421,186642665,273190368.00
20230627,1.423,1.475,1.405,1.442,167428400,241089712.00
20230628,1.410,1.454,1.369,1.433,174878765,246731936.00
20230629,1.430,1.496,1.425,1.481,159151300,233115680.00
20230630,1.470,1.490,1.436,1.457,156505502,227905248.00
20230703,1.451,1.455,1.331,1.341,256364302,349731424.00
20230704,1.332,1.353,1.326,1.349,110526800,147965984.00
20230705,1.340,1.360,1.327,1.329,116771900,156827200.00
20230706,1.328,1.380,1.323,1.336,145625019,196891440.00
20230707,1.324,1.335,1.272,1.319,138235000,179943232.00
20230710,1.312,1.334,1.293,1.332,134006200,176145952.00
20230711,1.324,1.350,1.307,1.321,107051000,141914736.00
20230712,1.318,1.321,1.264,1.266,155736500,200734864.00
20230713,1.266,1.307,1.256,1.295,182136300,232794528.00
20230714,1.298,1.346,1.297,1.312,173136700,228201488.00
20230717,1.305,1.309,1.267,1.277,107732600,137904112.00
20230718,1.277,1.289,1.255,1.259,200814600,254745504.00
20230719,1.258,1.286,1.255,1.265,110703000,140481456.00
20230720,1.264,1.264,1.218,1.220,117590275,145546400.00
20230721,1.217,1.245,1.210,1.220,103817175,127370784.00
20230724,1.214,1.241,1.205,1.218,99757000,121852544.00
20230725,1.225,1.241,1.205,1.223,140447743,171781264.00
20230726,1.219,1.219,1.170,1.178,138646900,164500288.00
20230727,1.178,1.187,1.161,1.164,108206088,126856416.00
20230728,1.160,1.167,1.148,1.161,127679041,148067440.00
20230731,1.152,1.217,1.140,1.205,209335124,248250192.00
20230801,1.192,1.215,1.181,1.202,140453474,167778800.00
20230802,1.195,1.200,1.184,1.194,97350674,115885120.00
20230803,1.187,1.207,1.178,1.184,106377200,126472368.00
20230804,1.185,1.214,1.183,1.212,142017100,170614800.00
20230807,1.210,1.263,1.210,1.241,168598484,208507696.00
20230808,1.236,1.250,1.226,1.228,87978800,108930488.00
20230809,1.225,1.229,1.181,1.185,107908852,129688480.00
20230810,1.181,1.214,1.181,1.195,92868700,111301704.00
20230811,1.194,1.223,1.181,1.184,105103700,126224040.00
20230814,1.160,1.231,1.160,1.229,145336900,174546144.00
20230815,1.226,1.228,1.181,1.195,105109200,126269640.00
20230816,1.189,1.194,1.153,1.159,146120100,170577168.00
20230817,1.154,1.189,1.150,1.181,136778762,160864976.00
20230818,1.174,1.183,1.131,1.132,152323000,175338912.00
20230821,1.132,1.154,1.120,1.124,85393662,97116432.00
20230822,1.135,1.156,1.113,1.154,113902638,129170944.00
20230823,1.142,1.148,1.124,1.126,76905900,87093920.00
20230824,1.131,1.176,1.129,1.145,148076900,171019392.00
20230825,1.131,1.134,1.089,1.099,133097700,147768064.00
20230828,1.165,1.170,1.120,1.124,144579782,164337728.00
20230829,1.117,1.178,1.117,1.172,138371832,160073984.00
20230830,1.170,1.206,1.169,1.201,153804866,183499360.00
20230831,1.195,1.202,1.168,1.186,131184989,155253184.00
20230901,1.183,1.184,1.157,1.170,94443312,110285920.00
20230904,1.176,1.176,1.149,1.170,100258100,116123896.00
20230905,1.164,1.172,1.152,1.154,78864800,91284400.00
20230906,1.149,1.149,1.121,1.128,96857700,109248392.00
20230907,1.133,1.153,1.115,1.115,104500899,118496224.00
20230908,1.105,1.107,1.070,1.081,148418900,160338624.00
20230911,1.080,1.118,1.078,1.104,117042900,128599912.00
20230912,1.101,1.101,1.082,1.085,77409300,84214992.00
20230913,1.085,1.085,1.052,1.065,81575700,86912864.00
20230914,1.062,1.065,1.048,1.055,66721101,70432808.00
20230915,1.051,1.059,1.036,1.041,86656000,90726776.00
20230918,1.041,1.055,1.033,1.041,67993899,71011984.00
20230919,1.041,1.041,1.016,1.018,70054700,71854288.00
20230920,1.017,1.032,1.010,1.012,66995200,68426096.00
20230921,1.013,1.018,1.002,1.004,66797500,67336000.00
20230922,1.003,1.070,1.002,1.069,181197243,188774272.00
20230925,1.064,1.072,1.051,1.056,66112900,70099776.00
20230926,1.058,1.098,1.058,1.076,123747100,133623560.00
20230927,1.061,1.090,1.061,1.079,74861100,80746032.00
20230928,1.081,1.092,1.075,1.078,62544100,67671584.00
20231009,1.072,1.072,1.053,1.065,87220600,92624448.00
20231010,1.066,1.078,1.060,1.065,54160600,57819368.00
20231011,1.066,1.093,1.055,1.076,81159300,87447688.00
20231012,1.079,1.082,1.048,1.058,82932500,87684216.00
20231013,1.045,1.052,1.031,1.034,60373200,62767080.00
20231016,1.036,1.038,1.013,1.018,62657600,64165648.00
20231017,1.021,1.022,1.005,1.017,79608500,80621792.00
20231018,1.012,1.012,0.986,0.998,74307700,74013000.00
20231019,0.989,1.014,0.989,0.998,63838600,64074336.00
20231020,0.993,1.000,0.969,0.971,74484900,72975184.00
20231023,0.972,0.972,0.935,0.941,82265283,78154472.00
20231024,0.943,0.973,0.942,0.959,78916500,75731248.00
20231025,0.963,0.968,0.947,0.961,85670528,81952560.00
20231026,0.949,0.954,0.936,0.953,71989300,67920160.00
20231027,0.952,0.974,0.947,0.970,86496121,82978672.00
20231030,0.965,0.992,0.962,0.990,87094099,85470160.00
20231031,1.001,1.016,0.987,1.002,83653503,83682776.00
20231101,0.990,1.043,0.988,1.008,106014900,108261392.00
20231102,1.002,1.049,0.999,1.029,137787491,142116544.00
20231103,1.017,1.039,1.003,1.028,99402634,101372360.00
20231106,1.030,1.098,1.030,1.096,165145600,177650352.00
20231107,1.094,1.105,1.083,1.100,129989700,142579168.00
20231108,1.092,1.155,1.092,1.134,156430002,176650064.00
20231109,1.129,1.136,1.111,1.116,117011246,131351304.00
20231110,1.113,1.120,1.091,1.095,88917300,97973008.00
20231113,1.100,1.121,1.100,1.107,90774800,100610320.00
20231114,1.097,1.115,1.096,1.113,75949000,83942184.00
20231115,1.120,1.134,1.089,1.093,125867500,138655360.00
20231116,1.087,1.101,1.079,1.087,76225200,83207952.00
20231117,1.080,1.100,1.080,1.094,75497200,82343552.00
20231120,1.091,1.108,1.083,1.103,88268900,96775632.00
20231121,1.103,1.121,1.096,1.100,81934350,90974832.00
20231122,1.097,1.111,1.090,1.090,74290000,81843328.00
20231123,1.089,1.090,1.067,1.083,107278900,115837016.00
20231124,1.082,1.089,1.054,1.058,94144300,100407792.00
20231127,1.058,1.062,1.037,1.044,76368500,80032752.00
20231128,1.044,1.053,1.031,1.051,76457000,79627440.00
20231129,1.048,1.051,1.034,1.038,59927500,62416008.00
20231130,1.036,1.042,1.022,1.029,96200600,98895384.00
20231201,1.034,1.118,1.030,1.117,188350300,201826352.00
20231204,1.114,1.138,1.109,1.119,147897500,166221568.00
20231205,1.114,1.118,1.076,1.077,119228400,129968032.00
20231206,1.068,1.147,1.057,1.123,168551700,186009776.00
20231207,1.122,1.156,1.122,1.142,161593000,183840496.00
20231208,1.131,1.155,1.113,1.142,121752500,138033760.00
20231211,1.131,1.179,1.125,1.175,126272600,145419728.00
20231212,1.176,1.210,1.165,1.169,119250708,141145728.00
20231213,1.165,1.187,1.153,1.154,102467698,119967912.00
20231214,1.154,1.174,1.145,1.149,104532700,121160752.00
20231215,1.149,1.171,1.125,1.155,122202150,140565952.00
20231218,1.147,1.154,1.119,1.125,145592200,165037664.00
20231219,1.119,1.155,1.116,1.147,150857300,171726400.00
20231220,1.143,1.154,1.104,1.105,113073300,127313400.00
20231221,1.091,1.145,1.091,1.136,125934139,141530368.00
20231222,1.129,1.138,1.022,1.022,410867700,427427712.00
20231225,0.980,0.994,0.951,0.983,284993310,277879680.00
20231226,0.980,1.000,0.957,0.975,203305771,198530544.00
20231227,0.981,0.994,0.960,0.965,139257471,135543280.00
20231228,0.958,0.979,0.939,0.974,178686000,171996896.00
20231229,0.970,1.017,0.968,1.009,222826850,222618112.00
20240102,1.022,1.043,1.008,1.009,179763014,184439184.00
20240103,1.004,1.040,0.993,1.020,149794642,152828480.00
20240104,1.015,1.015,0.986,1.006,105158200,105197664.00
20240105,0.999,1.002,0.970,0.975,110198300,108553104.00
20240108,0.973,0.987,0.962,0.963,138303700,134276224.00
20240109,0.971,0.984,0.954,0.963,102940700,99574864.00
20240110,0.953,0.960,0.935,0.937,139046000,131194376.00
20240111,0.934,0.981,0.932,0.978,178188100,171717136.00
20240112,0.967,0.978,0.951,0.952,103661500,99626400.00
20240115,0.945,0.966,0.942,0.952,112595700,107406056.00
20240116,0.951,0.952,0.931,0.945,120711100,113536136.00
20240117,0.942,0.948,0.918,0.921,92042800,86123256.00
20240118,0.910,0.940,0.903,0.939,146641522,134968832.00
20240119,0.939,0.980,0.939,0.958,169368022,163720864.00
20240122,0.954,0.965,0.887,0.895,155927200,144458480.00
20240123,0.888,0.957,0.885,0.944,180079600,166635040.00
20240124,0.945,0.952,0.913,0.946,152223300,141982064.00
20240125,0.943,0.974,0.921,0.969,174948600,165982656.00
20240126,0.972,1.011,0.957,0.971,189803200,185981840.00
20240129,0.960,0.967,0.925,0.929,154195924,144624640.00
20240130,0.914,0.931,0.892,0.896,124455524,113693816.00
20240131,0.887,0.905,0.843,0.845,136627900,119956568.00
20240201,0.833,0.880,0.817,0.855,175675100,149921024.00
20240202,0.855,0.893,0.816,0.846,180441950,156207520.00
20240205,0.830,0.830,0.761,0.774,191977900,152511248.00
20240206,0.755,0.842,0.752,0.836,219191300,174595952.00
20240207,0.830,0.859,0.822,0.841,161564197,136008336.00
20240208,0.846,0.880,0.846,0.875,136675900,118211312.00
20240219,0.917,0.944,0.900,0.942,191322547,176494192.00
20240220,0.930,0.954,0.913,0.935,123002600,114656432.00
20240221,0.921,0.966,0.915,0.935,181321800,170780096.00
20240222,0.947,0.964,0.940,0.957,144751729,137725232.00
20240223,0.962,0.981,0.948,0.980,135157413,130106848.00
20240226,0.971,0.996,0.960,0.979,156474129,152634912.00
20240227,0.972,1.032,0.968,1.029,160926000,161590016.00
20240228,1.037,1.132,0.978,0.979,201692555,208494784.00
20240229,0.968,1.017,0.965,1.016,145937200,146091056.00
20240301,1.023,1.040,1.005,1.032,230726200,235335184.00
20240304,1.032,1.045,1.006,1.042,166127896,170782304.00
20240305,1.030,1.045,1.014,1.022,135951476,139856880.00
20240306,1.011,1.028,1.000,1.011,124732300,126208512.00
20240307,1.012,1.023,0.971,0.973,214075604,213634672.00
20240308,0.974,0.988,0.963,0.984,130645700,127200976.00
20240311,0.976,1.002,0.967,1.001,155021500,152345264.00
20240312,1.004,1.027,1.004,1.012,164961300,167535360.00
20240313,1.020,1.072,1.013,1.056,219661100,229347600.00
20240314,1.044,1.044,1.008,1.024,192493807,197388304.00
20240315,1.023,1.029,1.004,1.029,129227000,131300288.00
20240318,1.030,1.056,1.017,1.050,154624600,160209472.00
20240319,1.044,1.068,1.040,1.045,155178137,163840224.00
20240320,1.040,1.073,1.038,1.073,164803737,175493520.00
20240321,1.087,1.108,1.075,1.077,165997400,180866352.00
20240322,1.071,1.092,1.043,1.075,172619766,183440448.00
20240325,1.074,1.086,1.025,1.029,167776300,177227552.00
20240326,1.019,1.027,0.987,0.995,172837700,173592448.00
20240327,0.994,0.995,0.944,0.948,147834100,142892704.00
20240328,0.947,0.996,0.945,0.985,218287900,212832768.00
20240329,0.976,0.979,0.951,0.974,136502700,131315760.00
20240401,0.980,1.017,0.980,1.017,209998900,210230016.00
20240402,1.015,1.017,0.989,1.005,123576600,123749424.00
20240403,1.005,1.005,0.966,0.976,131380600,128541264.00
20240408,0.971,0.971,0.951,0.953,128873100,123684088.00
20240409,0.956,0.970,0.944,0.965,118025600,112761600.00
20240410,0.955,0.956,0.928,0.934,131433700,123600656.00
20240411,0.930,0.958,0.927,0.944,138608145,131513680.00
20240412,0.942,0.949,0.929,0.930,100813255,94390152.00
20240415,0.923,0.938,0.900,0.913,140359000,128561712.00
20240416,0.906,0.913,0.864,0.869,155715800,137492640.00
20240417,0.880,0.911,0.876,0.905,152366900,137253664.00
20240418,0.898,0.907,0.881,0.895,103155500,92106064.00
20240419,0.886,0.890,0.867,0.871,112602700,98713152.00
20240422,0.855,0.879,0.848,0.869,108313200,93771576.00
20240423,0.872,0.884,0.872,0.876,99730900,87540592.00
20240424,0.877,0.900,0.874,0.899,139615400,124286448.00
20240425,0.894,0.907,0.887,0.890,90636900,81002920.00
20240426,0.890,0.919,0.890,0.915,110478500,100409320.00
20240429,0.919,0.952,0.915,0.946,177429600,166949520.00
20240430,0.952,0.957,0.931,0.944,107996922,102050160.00
20240506,0.961,0.966,0.950,0.953,93403800,89559280.00
20240507,0.951,0.969,0.945,0.950,103977200,99364344.00
20240508,0.944,0.944,0.913,0.915,109196300,100733096.00
20240509,0.912,0.929,0.912,0.926,86927778,80072184.00
20240510,0.925,0.936,0.912,0.917,88269883,81201024.00
20240513,0.904,0.913,0.891,0.901,93475400,84300504.00
20240514,0.914,0.926,0.906,0.922,163532700,150118336.00
20240515,0.923,0.934,0.907,0.911,129067800,118663832.00
20240516,0.909,0.916,0.897,0.905,104734100,94958384.00
20240517,0.902,0.906,0.889,0.904,88313900,79256752.00
20240520,0.896,0.907,0.884,0.900,152572700,137235232.00
20240521,0.900,0.915,0.895,0.902,106398100,96362288.00
20240522,0.897,0.898,0.887,0.898,83476700,74586080.00
20240523,0.898,0.899,0.872,0.878,122624600,108168480.00
20240524,0.877,0.881,0.866,0.866,110753900,96650976.00
20240527,0.868,0.873,0.850,0.872,152842280,131119528.00
20240528,0.869,0.869,0.849,0.851,87423200,74848352.00
20240529,0.852,0.861,0.850,0.855,63041500,53988500.00
20240530,0.850,0.856,0.841,0.848,59599000,50574036.00
20240531,0.847,0.867,0.847,0.863,98561200,84595600.00
20240603,0.858,0.871,0.840,0.848,113092700,95911552.00
20240604,0.845,0.857,0.838,0.854,87801800,74366856.00
20240605,0.848,0.851,0.839,0.839,80163300,67733440.00
20240606,0.843,0.849,0.814,0.817,121848109,100885408.00
20240607,0.821,0.833,0.807,0.818,102057400,83599872.00
20240611,0.810,0.831,0.801,0.827,100512100,82364408.00
20240612,0.824,0.846,0.824,0.842,118742400,99454360.00
20240613,0.840,0.844,0.834,0.837,74265300,62223736.00
20240614,0.837,0.846,0.834,0.841,71810500,60328944.00
20240617,0.840,0.840,0.825,0.827,69371300,57522936.00
20240618,0.825,0.835,0.825,0.829,60970500,50654736.00
20240619,0.829,0.831,0.815,0.815,63868400,52370800.00
20240620,0.814,0.817,0.793,0.794,91652200,73500880.00
20240621,0.792,0.798,0.782,0.790,72913600,57547100.00
20240624,0.784,0.785,0.760,0.762,90924600,70190640.00
20240625,0.765,0.770,0.742,0.749,97112300,73454096.00
20240626,0.750,0.799,0.750,0.798,206980800,160189952.00
20240627,0.788,0.794,0.777,0.779,122514300,96314032.00
20240628,0.775,0.791,0.773,0.776,81382738,63822560.00
20240701,0.775,0.780,0.761,0.779,83356100,64248048.00
20240702,0.779,0.793,0.778,0.783,75379400,59174300.00
20240703,0.783,0.787,0.772,0.780,61057100,47537440.00
20240704,0.780,0.781,0.755,0.758,92880400,71039352.00
20240705,0.755,0.767,0.748,0.761,79787900,60519980.00
20240708,0.756,0.760,0.733,0.735,86897444,64674432.00
20240709,0.731,0.748,0.723,0.745,97974600,72168688.00
20240710,0.739,0.753,0.733,0.739,66471000,49416152.00
20240711,0.750,0.758,0.744,0.758,105676545,79620144.00
20240712,0.755,0.759,0.742,0.745,71233900,53393132.00
20240715,0.742,0.744,0.731,0.734,69139600,50866068.00
20240716,0.731,0.742,0.725,0.739,76119500,55845960.00
20240717,0.739,0.757,0.736,0.746,100416500,75237552.00
20240718,0.737,0.744,0.723,0.741,106354800,77809152.00
20240719,0.736,0.749,0.736,0.745,121992900,90877944.00
20240722,0.746,0.752,0.736,0.749,93940100,70050888.00
20240723,0.752,0.753,0.725,0.727,98951500,73005120.00
20240724,0.722,0.728,0.706,0.707,105039600,75225976.00
20240725,0.702,0.725,0.698,0.715,83758200,59755412.00
20240726,0.714,0.735,0.714,0.728,85428000,62233704.00
20240729,0.729,0.738,0.718,0.732,60759700,44356652.00
20240730,0.728,0.736,0.723,0.732,64072872,46759356.00
20240731,0.730,0.764,0.728,0.764,128040772,96330376.00
20240801,0.765,0.770,0.753,0.757,70164700,53313656.00
20240802,0.749,0.763,0.742,0.744,76243000,57341296.00
20240805,0.742,0.775,0.739,0.749,134483500,102370952.00
20240806,0.758,0.778,0.758,0.773,136770600,105124872.00
20240807,0.767,0.782,0.761,0.770,101494800,78371008.00
20240808,0.765,0.767,0.750,0.763,102565800,77799400.00
20240809,0.763,0.767,0.746,0.747,84093300,63501300.00
20240812,0.743,0.746,0.733,0.737,70062410,51735892.00
20240813,0.738,0.740,0.728,0.738,68683100,50376580.00
20240814,0.738,0.759,0.733,0.753,105446510,79123224.00
20240815,0.749,0.787,0.743,0.776,164651100,126797488.00
20240816,0.776,0.778,0.763,0.765,91029780,69848072.00
20240819,0.762,0.778,0.761,0.772,97973500,75340560.00
20240820,0.772,0.778,0.753,0.760,103847900,79258064.00
20240821,0.762,0.780,0.746,0.749,114556100,87209864.00
20240822,0.741,0.753,0.719,0.722,124781600,91346560.00
20240823,0.719,0.724,0.709,0.717,77598400,55651196.00
20240826,0.716,0.728,0.710,0.723,64290800,46332160.00
20240827,0.719,0.743,0.719,0.728,141089000,103528640.00
20240828,0.723,0.736,0.709,0.732,90484600,65407672.00
20240829,0.726,0.744,0.724,0.742,95167800,70224640.00
20240830,0.741,0.776,0.740,0.766,155505000,118804360.00
20240902,0.760,0.771,0.742,0.743,90026500,68074520.00
20240903,0.742,0.757,0.740,0.749,63654400,47617836.00
20240904,0.743,0.751,0.740,0.743,59312800,44171232.00
20240905,0.744,0.777,0.743,0.767,112299810,85837896.00
20240906,0.765,0.775,0.757,0.764,73295800,56032336.00
20240909,0.758,0.768,0.751,0.759,77056200,58439644.00
20240910,0.761,0.772,0.742,0.769,100868886,76181480.00
20240911,0.763,0.773,0.759,0.770,74541900,57093616.00
20240912,0.767,0.780,0.758,0.759,76612700,58946400.00
20240913,0.759,0.766,0.747,0.748,64081600,48470348.00
20240918,0.746,0.748,0.728,0.738,67844600,50010760.00
20240919,0.741,0.764,0.736,0.759,102648500,77407264.00
20240920,0.756,0.758,0.748,0.755,61500900,46266400.00
20240923,0.752,0.761,0.748,0.750,81299100,61367924.00
20240924,0.754,0.783,0.744,0.782,141441500,108377352.00
20240925,0.788,0.817,0.787,0.792,148995000,119171880.00
20240926,0.787,0.827,0.786,0.825,203512600,164248320.00
20240927,0.841,0.888,0.832,0.878,152475400,129420976.00
20240930,0.926,0.966,0.901,0.966,243994888,229032224.00
20241008,1.063,1.063,0.988,1.063,303883225,319051264.00
20241009,1.030,1.032,0.957,0.957,271375122,269592608.00
20241010,0.952,0.990,0.930,0.942,170686300,163054768.00
20241011,0.940,0.940,0.882,0.893,130355798,117945824.00
20241014,0.893,0.923,0.876,0.922,133815963,120466584.00
20241015,0.911,0.955,0.904,0.921,158272498,148765824.00
20241016,0.906,0.955,0.901,0.940,159359400,149407664.00
20241017,0.943,0.985,0.939,0.960,174106028,167043248.00
20241018,0.953,1.011,0.937,0.991,198746008,193237520.00
20241021,0.983,1.047,0.979,1.031,210755558,215678256.00
20241022,1.031,1.067,1.018,1.022,193394800,200218384.00
20241023,1.013,1.022,0.994,1.000,131443625,132666872.00
20241024,0.986,0.994,0.974,0.988,137359650,135026576.00
20241025,0.985,1.022,0.985,1.019,116730315,117227120.00
20241028,1.019,1.051,1.012,1.041,119383100,123502576.00
20241029,1.053,1.056,1.021,1.026,127625300,132315448.00
20241030,1.017,1.041,1.008,1.023,77874900,79601512.00
20241031,1.019,1.041,1.000,1.022,79533100,81224824.00
20241101,1.017,1.029,0.980,0.984,107139600,106886512.00
20241104,0.980,1.011,0.980,1.005,68065500,67885712.00
20241105,1.004,1.036,0.999,1.035,104759100,106822312.00
20241106,1.035,1.094,1.031,1.072,182559558,193225152.00
20241107,1.060,1.083,1.047,1.079,205422703,218577936.00
20241108,1.087,1.089,1.056,1.062,152449012,163470048.00
20241111,1.052,1.115,1.048,1.113,125744275,136950688.00
20241112,1.101,1.109,1.067,1.077,146248339,160140560.00
20241113,1.068,1.108,1.066,1.101,185665644,202671872.00
20241114,1.102,1.129,1.069,1.072,124739248,137823232.00
20241115,1.067,1.120,1.063,1.066,182949296,198963344.00
20241118,1.072,1.077,0.990,1.001,167699104,169674656.00
20241119,1.000,1.019,0.985,1.018,101296112,101562488.00
20241120,1.011,1.066,1.011,1.055,128729318,133963688.00
20241121,1.043,1.069,1.038,1.052,88971318,93664336.00
20241122,1.043,1.088,1.030,1.032,118077408,125890840.00
20241125,1.036,1.059,1.009,1.054,108012893,111505176.00
20241126,1.045,1.086,1.035,1.040,106309400,112470880.00
20241127,1.029,1.102,1.016,1.100,124916824,132148264.00
20241128,1.102,1.125,1.078,1.079,146272924,160746480.00
20241129,1.070,1.107,1.055,1.095,116551600,126107440.00
数据来源:通达信
